timestamp,volume,open,high,low,close,chg,percent,turnoverrate,amount,volume_post,amount_post,pe,pb,ps,pcf,market_capital,balance,hold_volume_cn,hold_ratio_cn,net_volume_cn,hold_volume_hk,hold_ratio_hk,net_volume_hk
2011-08-19,17123249,3.581,4.1892,3.5747,3.9179,0.3848,10.89,79.27,532497016.69,,,45.2956,3.4934,6.1497,90.6282,3348742500,,,,,,,
2011-08-22,9170301,3.9999,4.1198,3.9368,4.0315,0.1136,2.9,42.46,293079223.96,,,46.6085,3.5947,6.328,93.2551,3445807500,,,,,,,
2011-08-23,10563678,3.9974,4.328,3.8548,4.2006,0.1691,4.19,48.91,338530704.58,,,48.5633,3.7454,6.5934,97.1663,3590326500,,,,,,,
2011-08-24,9703238,4.2397,4.5387,4.2018,4.2775,0.0769,1.83,44.92,334817975.15,,,49.4531,3.8141,6.7142,98.9467,3656115000,,,,,,,
2011-08-25,7007111,4.2397,4.4138,4.1148,4.3204,0.0429,1,32.44,236484377.63,,,49.9491,3.8523,6.7815,99.9391,3692784000,,,,,,,
2011-08-26,6281873,4.2624,4.4088,4.2435,4.3394,0.019,0.44,29.08,215663669.66,,,50.1679,3.8692,6.8112,100.377,3708961500,,,,,,,
2011-08-29,4299632,4.3394,4.3848,4.2409,4.2813,-0.0581,-1.34,19.91,146806163.99,,,49.4969,3.8174,6.7201,99.0343,3659350500,,,,,,,
2011-08-30,5294090,4.2876,4.3192,4.0782,4.1476,-0.1337,-3.12,24.51,175393357.76,,,47.9506,3.6982,6.5102,95.9404,3545029500,,,,,,,
2011-08-31,3343568,4.1513,4.1551,3.9633,4.0327,-0.1149,-2.77,15.48,107016802.47,,,46.6231,3.5958,6.3299,93.2843,3446886000,,,,,,,
2011-09-01,2603641,4.0353,4.111,3.9671,3.9999,-0.0328,-0.81,12.05,83455017.77,,,46.2438,3.5665,6.2785,92.5254,3418845000,,,,,,,
2011-09-02,5188937,4.0125,4.2586,3.9848,4.2371,0.2372,5.93,24.02,169767829.72,,,48.9863,3.7781,6.6508,98.0127,3621603000,,,,,,,
2011-09-05,7014162,4.1564,4.4302,4.1413,4.1804,-0.0567,-1.34,32.47,237582187.08,,,48.3299,3.7274,6.5617,96.6993,3573070500,,,,,,,
2011-09-06,5893684,4.0996,4.1009,3.7627,3.7627,-0.4177,-9.99,27.29,180684369.01,,,43.5013,3.355,5.9061,87.0381,3216087000,,,,,,,
2011-09-07,3737780,3.7577,3.9002,3.7387,3.875,0.1123,2.98,17.3,113024562.48,,,44.7996,3.4551,6.0824,89.6358,3312073500,,,,,,,
2011-09-08,3081945,3.8763,3.899,3.7589,3.7589,-0.1161,-3,14.27,93124459.39,,,43.4575,3.3516,5.9002,86.9505,3212851500,,,,,,,
2011-09-09,2088824,3.7148,3.8043,3.6832,3.7072,-0.0517,-1.38,9.67,61950904.56,,,42.8594,3.3055,5.819,85.7538,3168633000,,,,,,,
2011-09-13,1867185,3.6542,3.6542,3.4712,3.5167,-0.1905,-5.14,8.64,52341468.51,,,40.6566,3.1356,5.5199,81.3465,3005779500,,,,,,,
2011-09-14,1828082,3.552,3.6037,3.4712,3.5999,0.0832,2.37,8.46,51334481.5,,,41.6194,3.2099,5.6506,83.2729,3076960500,,,,,,,
2011-09-15,2156980,3.6088,3.682,3.5848,3.6201,0.0202,0.56,9.99,62109005.71,,,41.8528,3.2279,5.6823,83.7399,3094216500,,,,,,,
2011-09-16,1925784,3.6214,3.6391,3.5078,3.5078,-0.1123,-3.1,8.92,54468969.67,,,40.5545,3.1277,5.506,81.1422,2998230000,,,,,,,
2011-09-19,1812884,3.4738,3.4826,3.3324,3.3413,-0.1665,-4.75,8.39,48445341.25,,,38.6289,2.9792,5.2446,77.2894,2855868000,,,,,,,
2011-09-20,1168482,3.3312,3.4031,3.3249,3.364,0.0227,0.68,5.41,31146520.93,,,38.8915,2.9995,5.2802,77.8148,2875281000,,,,,,,
2011-09-21,2321581,3.3463,3.5179,3.3463,3.4939,0.1299,3.86,10.75,63539908.58,,,40.394,3.1154,5.4842,80.8211,2986366500,,,,,,,
2011-09-22,2171894,3.4447,3.4876,3.282,3.2933,-0.2006,-5.74,10.06,58433803.29,,,38.0745,2.9365,5.1693,76.1802,2814885000,,,,,,,
2011-09-23,1760528,3.2176,3.3337,3.1798,3.3286,0.0353,1.07,8.15,45486153.88,,,38.483,2.968,5.2248,76.9975,2845083000,,,,,,,
2011-09-26,1090065,3.3122,3.3816,3.2529,3.2807,-0.0479,-1.44,5.05,28633265.08,,,37.9287,2.9252,5.1495,75.8884,2804100000,,,,,,,
2011-09-27,721654,3.3186,3.3438,3.2706,3.3047,0.024,0.73,3.34,18917467.66,,,38.2058,2.9466,5.1871,76.4429,2824591500,,,,,,,
2011-09-28,783422,3.3312,3.3488,3.2189,3.2555,-0.0492,-1.49,3.63,20458284.52,,,37.6369,2.9027,5.1099,75.3046,2782530000,,,,,,,
2011-09-29,1119509,3.2403,3.2403,3.1204,3.1204,-0.1351,-4.15,5.18,28202524.06,,,36.076,2.7823,4.898,72.1815,2667130500,,,,,,,
2011-09-30,776648,3.1028,3.1671,3.0574,3.0977,-0.0227,-0.73,3.6,19088603.92,,,38.837,2.7425,5.5131,63.9508,2647717500,,,,,,,
2011-10-10,624335,3.123,3.1533,3.0599,3.0738,-0.0239,-0.77,2.89,15266092.06,,,38.5365,2.7213,5.4705,63.4559,2627226000,,,,,,,
2011-10-11,1159537,3.157,3.1861,3.0384,3.0851,0.0113,0.37,5.37,28723597.46,,,38.6788,2.7313,5.4907,63.6903,2636932500,,,,,,,
2011-10-12,1482985,3.0536,3.2075,3.0296,3.1962,0.1111,3.6,6.87,37105531.08,,,40.071,2.8296,5.6883,65.9826,2731840500,,,,,,,
2011-10-13,1573450,3.1962,3.2958,3.1734,3.2441,0.0479,1.5,7.28,40488927.1,,,40.6721,2.8721,5.7736,66.9725,2772823500,,,,,,,
2011-10-14,1361934,3.2176,3.2466,3.1583,3.1898,-0.0543,-1.67,6.31,34398311.86,,,39.9919,2.824,5.6771,65.8524,2726448000,,,,,,,
2011-10-17,2254417,3.1936,3.3539,3.1924,3.3249,0.1351,4.24,10.44,58868393.58,,,41.6846,2.9436,5.9174,68.6397,2841847500,,,,,,,
2011-10-18,3457221,3.282,3.4321,3.282,3.316,-0.0089,-0.27,16.01,91932892.4,,,41.5738,2.9357,5.9016,68.4573,2834298000,,,,,,,
2011-10-19,1614675,3.316,3.3425,3.2176,3.2378,-0.0782,-2.36,7.48,41977319.08,,,40.593,2.8665,5.7624,66.8423,2767431000,,,,,,,
2011-10-20,1222449,3.205,3.2656,3.0675,3.1242,-0.1136,-3.51,5.66,30285264.65,,,39.1692,2.7659,5.5603,64.4978,2670366000,,,,,,,
2011-10-21,964490,3.1204,3.1331,3.0346,3.0359,-0.0883,-2.83,4.47,23475598.72,,,38.0619,2.6877,5.4031,62.6744,2594871000,,,,,,,
2011-10-24,2606549,2.9652,2.9652,2.7318,2.8731,-0.1628,-5.36,12.07,58114061.14,,,36.0211,2.5436,5.1134,59.314,2455744500,,,,,,,
2011-10-25,1972258,2.8113,3.0031,2.7899,2.9917,0.1186,4.13,9.13,45372226.57,,,37.5082,2.6486,5.3245,61.7627,2557123500,,,,,,,
2011-10-26,1624977,2.9501,3.0283,2.9249,2.9615,-0.0302,-1.01,7.52,38301549.81,,,37.1285,2.6218,5.2706,61.1375,2531239500,,,,,,,
2011-10-27,1510036,2.9652,3.0498,2.9526,2.9564,-0.0051,-0.17,6.99,35934358.86,,,37.0652,2.6174,5.2616,61.0333,2526925500,,,,,,,
2011-10-28,1487713,3.0094,3.0283,2.9652,3.0283,0.0719,2.43,6.89,35377890.11,,,37.967,2.681,5.3896,62.5181,2588400000,,,,,,,
2011-10-31,1292093,3.0346,3.0965,3.0346,3.0775,0.0492,1.62,5.98,31370491.99,,,38.5839,2.7246,5.4772,63.534,2630461500,,,,,,,
2011-11-01,1979494,3.0384,3.1734,3.0346,3.1432,0.0657,2.13,9.16,48507096.45,,,39.4065,2.7827,5.594,64.8886,2686543500,,,,,,,
2011-11-02,2112991,3.0397,3.2454,3.0397,3.2138,0.0706,2.25,9.78,52572910.38,,,40.2924,2.8453,5.7197,66.3473,2746939500,,,,,,,
2011-11-03,2218299,3.2126,3.3047,3.1911,3.1911,-0.0227,-0.71,10.27,57103168.39,,,40.0077,2.8251,5.6793,65.8784,2727526500,,,,,,,
2011-11-04,1323916,3.2063,3.2466,3.1634,3.1974,0.0063,0.2,6.13,33591724.93,,,40.0868,2.8307,5.6905,66.0087,2732919000,,,,,,,
2011-11-07,999100,3.1861,3.2668,3.1861,3.2088,0.0114,0.36,4.63,25526177.36,,,40.2292,2.8408,5.7108,66.2431,2742625500,,,,,,,
2011-11-08,1272097,3.21,3.2252,3.0675,3.0851,-0.1237,-3.86,5.89,31780086.21,,,38.6788,2.7313,5.4907,63.6903,2636932500,,,,,,,
2011-11-09,1431265,3.104,3.1268,3.0132,3.1104,0.0253,0.82,6.63,34828131.06,,,38.9952,2.7537,5.5356,64.2113,2658502500,,,,,,,
2011-11-10,2766075,3.0662,3.2807,3.0473,3.2037,0.0933,3,12.81,69564398.3,,,40.1659,2.8363,5.7018,66.1389,2738311500,,,,,,,
2011-11-11,4171177,3.1974,3.4208,3.181,3.3602,0.1565,4.88,19.31,109812168.2,,,42.1275,2.9748,5.9802,69.369,2872045500,,,,,,,
2011-11-14,3630581,3.4258,3.5293,3.3602,3.5078,0.1476,4.39,16.81,99798987.81,,,43.9784,3.1055,6.243,72.4168,2998230000,,,,,,,
2011-11-15,2050604,3.4952,3.5204,3.4447,3.4763,-0.0315,-0.9,9.49,56547275.83,,,43.5829,3.0776,6.1868,71.7656,2971267500,,,,,,,
2011-11-16,1935745,3.5078,3.5268,3.2782,3.316,-0.1603,-4.61,8.96,52444791.6,,,41.5738,2.9357,5.9016,68.4573,2834298000,,,,,,,
2011-11-17,2422920,3.3249,3.504,3.3223,3.4372,0.1212,3.66,11.22,65812147.92,,,43.0925,3.043,6.1172,70.958,2937834000,,,,,,,
2011-11-18,2815271,3.4321,3.5558,3.4069,3.417,-0.0202,-0.59,13.03,77558561.8,,,42.8394,3.0251,6.0813,70.5412,2920578000,,,,,,,
2011-11-21,2859768,3.4296,3.4296,3.1457,3.2353,-0.1817,-5.32,10.59,73211527.01,,,40.5614,2.8642,5.7579,66.7902,2765274000,,,,,,,
2011-11-22,1531711,3.1911,3.1987,3.0826,3.157,-0.0783,-2.42,5.67,38149893.11,,,39.5805,2.795,5.6187,65.1751,2698407000,,,,,,,
2011-11-23,1478316,3.2151,3.2176,3.1356,3.1495,-0.0075,-0.24,5.48,37288274.83,,,39.4856,2.7883,5.6052,65.0188,2691936000,,,,,,,
2011-11-24,1288343,3.0902,3.181,3.0296,3.1305,-0.019,-0.6,4.77,31862194.46,,,39.2483,2.7715,5.5715,64.6281,2675758500,,,,,,,
2011-11-25,1034646,3.123,3.1924,3.094,3.1369,0.0064,0.2,3.83,25851035.45,,,39.3274,2.7771,5.5828,64.7583,2681151000,,,,,,,
2011-11-28,1094140,3.152,3.152,3.0536,3.0826,-0.0543,-1.73,4.05,26746076.19,,,38.6472,2.7291,5.4862,63.6382,2634775500,,,,,,,
2011-11-29,1371583,3.1293,3.1646,3.094,3.1583,0.0757,2.46,5.08,34064862.52,,,39.5964,2.7961,5.6209,65.2012,2699485500,,,,,,,
2011-11-30,1920705,3.1545,3.2151,3.0069,3.0586,-0.0997,-3.16,7.11,47608326.41,,,38.3466,2.7079,5.4435,63.1433,2614284000,,,,,,,
2011-12-01,3485250,3.1545,3.3097,3.1167,3.2315,0.1729,5.65,12.91,88687637.28,,,40.5139,2.8609,5.7512,66.712,2762038500,,,,,,,
2011-12-02,1571128,3.1987,3.2176,3.1053,3.1419,-0.0896,-2.77,5.82,39361110.48,,,39.3907,2.7816,5.5917,64.8625,2685465000,,,,,,,
2011-12-05,1847753,3.1066,3.1167,2.8365,2.858,-0.2839,-9.04,6.84,42989334.08,,,35.8313,2.5302,5.0865,59.0014,2442802500,,,,,,,
2011-12-06,1940192,2.8883,2.9009,2.752,2.8832,0.0252,0.88,7.19,43354665.44,,,36.1477,2.5526,5.1314,59.5224,2464372500,,,,,,,
2011-12-07,1667589,2.8391,2.8883,2.8138,2.8391,-0.0441,-1.53,6.18,37703570.24,,,35.594,2.5135,5.0528,58.6107,2426625000,,,,,,,
2011-12-08,1487445,2.8302,2.8958,2.7634,2.8567,0.0176,0.62,5.51,33396564.71,,,35.8155,2.5291,5.0842,58.9754,2441724000,,,,,,,
2011-12-09,727222,2.8138,2.8618,2.8025,2.8214,-0.0353,-1.24,2.69,16335947.39,,,35.3725,2.4978,5.0213,58.246,2411526000,,,,,,,
2011-12-12,1056892,2.8302,2.94,2.8138,2.8517,0.0303,1.07,3.91,24012582.06,,,35.7522,2.5246,5.0752,58.8712,2437410000,,,,,,,
2011-12-13,1962488,2.8403,2.9236,2.8378,2.9009,0.0492,1.73,7.27,44867151.69,,,36.3692,2.5682,5.1628,59.8871,2479471500,,,,,,,
2011-12-14,1549303,2.8984,2.9009,2.7646,2.7709,-0.13,-4.48,5.74,34644215.82,,,34.7398,2.4532,4.9315,57.2041,2368386000,,,,,,,
2011-12-15,1601578,2.7507,2.7507,2.6094,2.6157,-0.1552,-5.6,5.93,33727040.71,,,32.794,2.3157,4.6553,54,2235730500,,,,,,,
2011-12-16,1035975,2.6485,2.7129,2.5753,2.7078,0.0921,3.52,3.84,21749273.72,,,33.9488,2.3973,4.8192,55.9016,2314461000,,,,,,,
2011-12-19,1173297,2.6738,2.7242,2.593,2.7078,0,0,4.35,24762221.91,,,33.9488,2.3973,4.8192,55.9016,2314461000,,,,,,,
2011-12-20,980239,2.699,2.757,2.67,2.67,-0.0378,-1.4,3.63,21032126.63,,,33.4742,2.3638,4.7519,55.1201,2282106000,,,,,,,
2011-12-21,826157,2.7028,2.7116,2.6107,2.6132,-0.0568,-2.13,3.06,17495849.81,,,32.7623,2.3135,4.6508,53.9479,2233573500,,,,,,,
2011-12-22,1146333,2.6119,2.6119,2.4618,2.535,-0.0782,-2.99,4.25,22962657.14,,,31.7815,2.2443,4.5116,52.3328,2166706500,,,,,,,
2011-12-23,758440,2.5123,2.5867,2.5059,2.5425,0.0075,0.3,2.81,15318642.05,,,31.8764,2.251,4.525,52.4891,2173177500,,,,,,,
2011-12-26,611251,2.5299,2.5615,2.4895,2.4895,-0.053,-2.08,2.26,12246010.44,,,31.212,2.204,4.4307,51.3951,2127880500,,,,,,,
2011-12-27,1206083,2.4719,2.4883,2.2851,2.2889,-0.2006,-8.06,4.47,22676051.28,,,28.6967,2.0264,4.0737,47.2533,1956399000,,,,,,,
2011-12-28,1038185,2.2788,2.2877,2.1955,2.2548,-0.0341,-1.49,3.85,18395322.08,,,28.2696,1.9963,4.013,46.5499,1927279500,,,,,,,
2011-12-29,577711,2.2662,2.2839,2.2258,2.2473,-0.0075,-0.33,2.14,10345448.41,,,28.1746,1.9896,3.9996,46.3936,1920808500,,,,,,,
2011-12-30,727271,2.27,2.3306,2.27,2.2839,0.0366,1.63,2.69,13228841.42,,,28.6334,2.022,4.0647,47.1491,1952085000,,,,,,,
2012-01-04,728868,2.3053,2.3205,2.169,2.169,-0.1149,-5.03,2.7,13089226.71,,,26.1857,1.8775,4.3779,108.7896,1853941500,,,,,,,
2012-01-05,754981,2.1148,2.1766,2.0441,2.0454,-0.1236,-5.7,2.8,12575140.33,,,24.6929,1.7705,4.1283,102.5875,1748248500,,,,,,,
2012-01-06,790644,2.0315,2.1022,2.0113,2.0933,0.0479,2.34,2.93,12829599.46,,,25.2718,1.812,4.2251,104.9924,1789231500,,,,,,,
2012-01-09,1124627,2.0795,2.2044,2.0492,2.1955,0.1022,4.88,4.17,19126906.57,,,26.5056,1.9004,4.4314,110.1186,1876590000,,,,,,,
2012-01-10,1707032,2.1955,2.2965,2.1842,2.2851,0.0896,4.08,6.32,30359278.44,,,27.5872,1.978,4.6122,114.612,1953163500,,,,,,,
2012-01-11,1229118,2.2839,2.3306,2.2675,2.2864,0.0013,0.06,4.55,22354174.54,,,27.6024,1.9791,4.6147,114.6752,1954242000,,,,,,,
2012-01-12,1039275,2.275,2.3205,2.246,2.2523,-0.0341,-1.49,3.85,18807875.45,,,27.1911,1.9496,4.546,112.9665,1925122500,,,,,,,
2012-01-13,1177210,2.2523,2.2675,2.1022,2.1034,-0.1489,-6.61,4.36,20081775.29,,,25.3936,1.8207,4.2454,105.4987,1797859500,,,,,,,
2012-01-16,780999,2.0807,2.0807,1.9621,1.981,-0.1224,-5.82,2.89,12553480.53,,,23.916,1.7148,3.9984,99.3599,1693245000,,,,,,,
2012-01-17,1279030,1.981,2.1198,1.9697,2.1161,0.1351,6.82,4.74,20762152.26,,,25.546,1.8316,4.2709,106.1316,1808644500,,,,,,,
2012-01-18,1160737,2.1564,2.1577,2.0012,2.0189,-0.0972,-4.59,4.3,19195937.2,,,24.373,1.7475,4.0748,101.2585,1725600000,,,,,,,
2012-01-19,1029398,2.0189,2.1438,1.9848,2.1261,0.1072,5.31,3.81,17034329.5,,,25.6678,1.8404,4.2913,106.6379,1817272500,,,,,,,
2012-01-20,995204,2.14,2.2019,2.1072,2.1943,0.0682,3.21,3.69,17051246.84,,,26.4904,1.8994,4.4288,110.0553,1875511500,,,,,,,
2012-01-30,1008834,2.2044,2.2397,2.1476,2.222,0.0277,1.26,3.74,17568867.94,,,26.8255,1.9234,4.4848,111.4476,1899238500,,,,,,,
2012-01-31,564677,2.2107,2.2157,2.1388,2.1804,-0.0416,-1.87,2.09,9694017.08,,,26.3228,1.8873,4.4008,109.3592,1863648000,,,,,,,
2012-02-01,653830,2.1728,2.2132,2.1514,2.159,-0.0214,-0.98,2.42,11314309.76,,,26.0639,1.8688,4.3575,108.2833,1845313500,,,,,,,
2012-02-02,937206,2.1703,2.222,2.1514,2.2208,0.0618,2.86,3.47,16239030.65,,,26.8103,1.9223,4.4823,111.3843,1898160000,,,,,,,
2012-02-03,1381887,2.2284,2.3192,2.2082,2.2877,0.0669,3.01,5.12,24878567.91,,,27.6177,1.9802,4.6173,114.7385,1955320500,,,,,,,
2012-02-06,1029749,2.2889,2.3028,2.2523,2.3015,0.0138,0.6,3.81,18632470.88,,,27.7852,1.9922,4.6453,115.4347,1967184000,,,,,,,
2012-02-07,709084,2.2713,2.3015,2.2233,2.2309,-0.0706,-3.07,2.63,12681848.23,,,26.9322,1.931,4.5027,111.8906,1906788000,,,,,,,
2012-02-08,881762,2.2296,2.3078,2.222,2.3078,0.0769,3.45,3.27,15891303.86,,,27.8614,1.9977,4.658,115.7511,1972576500,,,,,,,
2012-02-09,1837731,2.3066,2.3533,2.2914,2.3116,0.0038,0.16,6.81,33799964.82,,,27.9071,2.0009,4.6657,115.941,1975812000,,,,,,,
2012-02-10,1114278,2.3255,2.3255,2.2801,2.294,-0.0176,-0.76,4.13,20338946,,,27.6938,1.9856,4.63,115.055,1960713000,,,,,,,
2012-02-13,1679456,2.2826,2.3709,2.2612,2.3545,0.0605,2.64,6.22,31047691.76,,,28.425,2.0381,4.7523,118.0927,2012481000,,,,,,,
2012-02-14,885734,2.3558,2.3571,2.3217,2.3533,-0.0012,-0.05,3.28,16413183.01,,,28.4098,2.037,4.7497,118.0294,2011402500,,,,,,,
2012-02-15,1221661,2.3634,2.3924,2.3293,2.3848,0.0315,1.34,4.52,22876793.66,,,28.7906,2.0643,4.8134,119.6116,2038365000,,,,,,,
2012-02-16,1106397,2.376,2.4101,2.3205,2.3545,-0.0303,-1.27,4.1,20700795.79,,,28.425,2.0381,4.7523,118.0927,2012481000,,,,,,,
2012-02-17,1036099,2.3621,2.3659,2.2851,2.3154,-0.0391,-1.66,3.84,19052139.3,,,27.9528,2.0042,4.6733,116.1308,1979047500,,,,,,,
2012-02-20,1445778,2.3457,2.3457,2.294,2.2952,-0.0202,-0.87,5.35,26603010.73,,,27.7091,1.9867,4.6326,115.1183,1961791500,,,,,,,
2012-02-21,1071154,2.2978,2.3507,2.2839,2.3507,0.0555,2.42,3.97,19669335.43,,,28.3793,2.0348,4.7446,117.9029,2009245500,,,,,,,
2012-02-22,2235839,2.3457,2.4567,2.3381,2.4479,0.0972,4.13,8.28,42647782.06,,,29.5523,2.1189,4.9407,122.7759,2092290000,,,,,,,
2012-02-23,2162734,2.4429,2.5097,2.4378,2.4769,0.029,1.18,8.01,42442464.09,,,29.9026,2.144,4.9993,124.2315,2117095500,,,,,,,
2012-02-24,1998385,2.4921,2.5564,2.487,2.535,0.0581,2.35,7.4,39902052.44,,,30.6033,2.1943,5.1164,127.1427,2166706500,,,,,,,
2012-02-27,1854000,2.5716,2.5842,2.4959,2.5072,-0.0278,-1.1,6.87,37151368.28,,,30.2682,2.1702,5.0604,125.7504,2142979500,,,,,,,
2012-02-28,1712214,2.4971,2.4971,2.4353,2.4618,-0.0454,-1.81,6.34,33371908.71,,,29.7198,2.1309,4.9687,123.4721,2104153500,,,,,,,
2012-02-29,1183762,2.4542,2.4946,2.4302,2.4378,-0.024,-0.97,4.38,23111681.06,,,29.4304,2.1102,4.9203,122.2696,2083662000,,,,,,,
2012-03-01,762491,2.4277,2.4706,2.4277,2.4492,0.0114,0.47,2.82,14795760.93,,,29.5675,2.12,4.9433,122.8392,2093368500,,,,,,,
2012-03-02,1106592,2.4517,2.4921,2.4492,2.4921,0.0429,1.75,4.1,21723556.09,,,30.0854,2.1571,5.0298,124.991,2130037500,,,,,,,
2012-03-05,1496288,2.511,2.5463,2.4807,2.5085,0.0164,0.66,5.54,29773331.71,,,30.2835,2.1713,5.063,125.8137,2144058000,,,,,,,
2012-03-06,1130926,2.4921,2.4996,2.4315,2.4492,-0.0593,-2.36,4.19,21991198.46,,,29.5675,2.12,4.9433,122.8392,2093368500,,,,,,,
2012-03-07,900610,2.4126,2.4845,2.4037,2.4315,-0.0177,-0.72,3.34,17490690.37,,,29.3542,2.1047,4.9076,121.9532,2078269500,,,,,,,
2012-03-08,937971,2.4593,2.4832,2.4378,2.4719,0.0404,1.66,3.47,18293345.14,,,29.8417,2.1396,4.9891,123.9784,2112781500,,,,,,,
2012-03-09,1542133,2.4807,2.5589,2.4769,2.5577,0.0858,3.47,5.71,30930317.51,,,30.8775,2.2139,5.1623,128.2819,2186119500,,,,,,,
2012-03-13,2876888,2.5993,2.7078,2.5728,2.6258,0.0681,2.66,10.66,60270272.38,,,31.7001,2.2729,5.2998,131.6993,2244358500,,,,,,,
2012-03-14,2480893,2.6624,2.6876,2.4618,2.4719,-0.1539,-5.86,9.19,51192441.13,,,29.8417,2.1396,4.9891,123.9784,2112781500,,,,,,,
2012-03-15,2555441,2.4883,2.5943,2.4252,2.5766,0.1047,4.24,9.46,51137338.76,,,31.106,2.2303,5.2005,129.2312,2202297000,,,,,,,
2012-03-16,3051907,2.5728,2.7444,2.5627,2.7419,0.1653,6.42,11.3,64256228.72,,,33.1016,2.3734,5.5341,137.5217,2343580500,,,,,,,
2012-03-19,2078144,2.7533,2.7533,2.6851,2.7482,0.0063,0.23,7.7,44889450.3,,,33.1777,2.3788,5.5468,137.8381,2348973000,,,,,,,
2012-03-20,2269062,2.7268,2.8264,2.7154,2.7406,-0.0076,-0.28,8.4,49766559.7,,,33.0863,2.3723,5.5316,137.4584,2342502000,,,,,,,
2012-03-21,1805229,2.7684,2.7684,2.5905,2.6851,-0.0555,-2.03,6.69,38219702.65,,,32.4161,2.3242,5.4195,134.6738,2295048000,,,,,,,
2012-03-22,957341,2.6813,2.7129,2.6372,2.6599,-0.0252,-0.94,3.55,20301518.42,,,32.1114,2.3024,5.3686,133.4081,2273478000,,,,,,,
2012-03-23,1001722,2.6246,2.7066,2.6119,2.6372,-0.0227,-0.85,3.71,21121024.72,,,31.8372,2.2827,5.3227,132.2689,2254065000,,,,,,,
2012-03-26,2114597,2.6435,2.7974,2.6435,2.6637,0.0265,1,7.83,45442401.86,,,32.1571,2.3057,5.3762,133.5979,2276713500,,,,,,,
2012-03-27,2794333,2.7116,2.7116,2.5047,2.516,-0.1477,-5.54,10.35,57651864.94,,,30.3749,2.1779,5.0782,126.1934,2150529000,,,,,,,
2012-03-28,1536329,2.4984,2.4984,2.347,2.3621,-0.1539,-6.12,5.69,29342010.21,,,28.5164,2.0446,4.7675,118.4724,2018952000,,,,,,,
2012-03-29,961579,2.3381,2.3924,2.3028,2.3255,-0.0366,-1.55,3.56,17896629.23,,,28.0746,2.0129,4.6937,116.6371,1987675500,,,,,,,
2012-03-30,844369,2.3495,2.3596,2.27,2.2851,-0.0404,-1.74,3.13,15434985.03,,,27.5872,1.978,4.6122,114.612,1953163500,,,,,,,
2012-04-05,629847,2.3205,2.376,2.2914,2.3672,0.0821,3.59,2.33,11695414.63,,,27.119,2.01,4.7702,-123.7291,2023266000,,,,,,,
2012-04-06,801593,2.3672,2.4101,2.3331,2.3697,0.0025,0.11,2.97,15074275.45,,,27.1479,2.0121,4.7753,-123.861,2025423000,,,,,,,
2012-04-09,551276,2.3697,2.3886,2.3306,2.3306,-0.0391,-1.65,2.04,10309436.89,,,26.6998,1.9789,4.6965,-121.8164,1991989500,,,,,,,
2012-04-10,1012858,2.3091,2.3419,2.222,2.3356,0.005,0.21,3.75,18313547.5,,,26.7576,1.9832,4.7067,-122.0803,1996303500,,,,,,,
2012-04-11,1058111,2.3003,2.3407,2.2725,2.3053,-0.0303,-1.3,3.92,19320936.67,,,26.4107,1.9575,4.6456,-120.4974,1970419500,,,,,,,
2012-04-12,1007109,2.3167,2.3962,2.3003,2.3899,0.0846,3.67,3.73,18777750.32,,,27.3792,2.0293,4.816,-124.9163,2042679000,,,,,,,
2012-04-13,994813,2.4012,2.4239,2.3747,2.3924,0.0025,0.1,3.68,18916587.48,,,27.4081,2.0314,4.8211,-125.0482,2044836000,,,,,,,
2012-04-16,729741,2.3722,2.3936,2.3394,2.3722,-0.0202,-0.84,2.7,13665682.87,,,27.1768,2.0143,4.7804,-123.9929,2027580000,,,,,,,
2012-04-17,701091,2.3672,2.3962,2.3394,2.3646,-0.0076,-0.32,2.6,13174096.01,,,27.0901,2.0079,4.7652,-123.5972,2021109000,,,,,,,
2012-04-18,943141,2.3798,2.434,2.3659,2.434,0.0694,2.93,3.49,17990875.27,,,27.8852,2.0668,4.905,-127.2246,2080426500,,,,,,,
2012-04-19,1105038,2.4302,2.4908,2.4101,2.4479,0.0139,0.57,4.09,21464379.31,,,28.0442,2.0786,4.933,-127.9501,2092290000,,,,,,,
2012-04-20,821680,2.4479,2.5034,2.4416,2.4731,0.0252,1.03,3.04,16110139.22,,,28.3333,2.1,4.9838,-129.2692,2113860000,,,,,,,
2012-04-23,2137275,2.4618,2.463,2.3078,2.3293,-0.1438,-5.81,7.92,40102220.59,,,26.6853,1.9779,4.694,-121.7505,1990911000,,,,,,,
2012-04-24,1017107,2.3343,2.3571,2.222,2.2889,-0.0404,-1.73,3.77,18451697.31,,,26.2228,1.9436,4.6126,-119.64,1956399000,,,,,,,
2012-04-25,613096,2.3028,2.3205,2.2624,2.3066,0.0177,0.77,2.27,11202221.86,,,26.4251,1.9586,4.6482,-120.5633,1971498000,,,,,,,
2012-04-26,609301,2.3104,2.3255,2.2586,2.2813,-0.0253,-1.1,2.26,11046306.04,,,26.136,1.9371,4.5973,-119.2442,1949928000,,,,,,,
2012-04-27,473773,2.3205,2.3306,2.2738,2.3129,0.0316,1.39,1.75,8695865.98,,,26.4974,1.9639,4.6609,-120.8931,1976890500,,,,,,,
2012-05-02,576555,2.347,2.3722,2.3205,2.3558,0.0429,1.85,2.14,10729750.69,,,26.9889,2.0004,4.7474,-123.1355,2013559500,,,,,,,
2012-05-03,548691,2.352,2.3911,2.352,2.3798,0.024,1.02,2.03,10305198,,,27.2636,2.0207,4.7957,-124.3886,2034051000,,,,,,,
2012-05-04,648011,2.3899,2.4252,2.3735,2.4214,0.0416,1.75,2.4,12334855.19,,,27.7406,2.0561,4.8796,-126.5651,2069641500,,,,,,,
2012-05-07,1005944,2.3962,2.5072,2.3848,2.5009,0.0795,3.28,3.73,19680619.46,,,28.6513,2.1236,5.0398,-130.7202,2137587000,,,,,,,
2012-05-08,968274,2.5022,2.516,2.4504,2.4706,-0.0303,-1.21,3.59,18986040.82,,,28.3044,2.0979,4.9787,-129.1373,2111703000,,,,,,,
2012-05-09,1215442,2.4492,2.4492,2.3886,2.3899,-0.0807,-3.27,4.5,23233675.21,,,27.3792,2.0293,4.816,-124.9163,2042679000,,,,,,,
2012-05-10,1120552,2.3798,2.4731,2.3798,2.4227,0.0328,1.37,4.15,21578552.74,,,27.7551,2.0571,4.8821,-126.6311,2070720000,,,,,,,
2012-05-11,918433,2.4265,2.458,2.3974,2.4227,0,0,3.4,17690186.25,,,27.7551,2.0571,4.8821,-126.6311,2070720000,,,,,,,
2012-05-14,1078961,2.4416,2.4959,2.4176,2.4479,0.0252,1.04,4,21056202.53,,,28.0442,2.0786,4.933,-127.9501,2092290000,,,,,,,
2012-05-15,793161,2.4353,2.4353,2.3785,2.4151,-0.0328,-1.34,2.94,15109503.62,,,27.6683,2.0507,4.8669,-126.2353,2064249000,,,,,,,
2012-05-16,518472,2.4113,2.4252,2.3861,2.3924,-0.0227,-0.94,1.92,9878346.46,,,27.4081,2.0314,4.8211,-125.0482,2044836000,,,,,,,
2012-05-17,614529,2.3987,2.4227,2.3785,2.4126,0.0202,0.84,2.28,11713819.89,,,27.6394,2.0486,4.8618,-126.1034,2062092000,,,,,,,
2012-05-18,801333,2.3974,2.4063,2.3268,2.328,-0.0846,-3.51,2.97,15001519.9,,,26.6709,1.9768,4.6914,-121.6845,1989832500,,,,,,,
2012-05-21,338867,2.347,2.352,2.3066,2.3343,0.0063,0.27,1.26,6257194.22,,,26.7432,1.9821,4.7041,-122.0143,1995225000,,,,,,,
2012-05-22,423545,2.347,2.3709,2.3343,2.3697,0.0354,1.52,1.57,7917478.11,,,27.1479,2.0121,4.7753,-123.861,2025423000,,,,,,,
2012-05-23,515126,2.3697,2.3697,2.3104,2.3369,-0.0328,-1.38,1.91,9538317.51,,,26.7721,1.9843,4.7092,-122.1462,1997382000,,,,,,,
2012-05-24,573297,2.3369,2.3432,2.3091,2.3192,-0.0177,-0.76,2.12,10536136.99,,,26.5697,1.9693,4.6736,-121.2229,1982283000,,,,,,,
2012-05-25,535796,2.328,2.3343,2.2776,2.2839,-0.0353,-1.52,1.98,9742893.18,,,26.1649,1.9393,4.6024,-119.3762,1952085000,,,,,,,
2012-05-28,596896,2.2637,2.2877,2.2258,2.2725,-0.0114,-0.5,2.21,10660974.98,,,26.0348,1.9296,4.5795,-118.7826,1942378500,,,,,,,
2012-05-29,580577,2.2776,2.3331,2.2675,2.328,0.0555,2.44,2.15,10593782.11,,,26.6709,1.9768,4.6914,-121.6845,1989832500,,,,,,,
2012-05-30,452858,2.3091,2.3558,2.3091,2.3293,0.0013,0.06,1.68,8394574.65,,,26.6853,1.9779,4.694,-121.7505,1990911000,,,,,,,
2012-05-31,536778,2.3293,2.3747,2.3116,2.352,0.0227,0.97,1.99,10005980.68,,,26.9456,1.9971,4.7397,-122.9377,2010324000,,,,,,,
2012-06-01,360657,2.3684,2.3684,2.3179,2.3318,-0.0202,-0.86,1.34,6682597.9,,,26.7143,1.98,4.699,-121.8824,1993068000,,,,,,,
2012-06-04,496309,2.2978,2.3217,2.2612,2.2649,-0.0669,-2.87,1.84,8994091.69,,,25.9481,1.9232,4.5643,-118.3869,1935907500,,,,,,,
2012-06-05,354097,2.2612,2.2889,2.2612,2.27,0.0051,0.23,1.31,6386385.9,,,26.0059,1.9275,4.5744,-118.6507,1940221500,,,,,,,
2012-06-06,222966,2.3041,2.3205,2.2662,2.2725,0.0025,0.11,0.83,4037326.57,,,26.0348,1.9296,4.5795,-118.7826,1942378500,,,,,,,
2012-06-07,342705,2.2914,2.3078,2.2574,2.2612,-0.0113,-0.5,1.27,6203104.23,,,25.9047,1.92,4.5566,-118.189,1932672000,,,,,,,
2012-06-08,310044,2.2839,2.2952,2.2599,2.2738,0.0126,0.56,1.15,5605754.44,,,26.0493,1.9307,4.5821,-118.8485,1943457000,,,,,,,
2012-06-11,381164,2.2574,2.3306,2.2574,2.328,0.0542,2.38,1.41,6969791.72,,,26.6709,1.9768,4.6914,-121.6845,1989832500,,,,,,,
2012-06-12,541590,2.3217,2.3495,2.3003,2.3407,0.0127,0.55,2.01,10023823.5,,,26.8154,1.9875,4.7168,-122.3441,2000617500,,,,,,,
2012-06-13,751283,2.3407,2.3949,2.3369,2.3798,0.0391,1.67,2.78,14156014.46,,,27.2636,2.0207,4.7957,-124.3886,2034051000,,,,,,,
2012-06-14,632167,2.3848,2.3848,2.347,2.352,-0.0278,-1.17,2.34,11866985.17,,,26.9456,1.9971,4.7397,-122.9377,2010324000,,,,,,,
2012-06-15,1912818,2.3545,2.4466,2.3545,2.4252,0.0732,3.11,7.08,36703756.66,,,27.784,2.0593,4.8872,-126.763,2072877000,,,,,,,
2012-06-18,6914579,2.4328,2.6675,2.4328,2.6675,0.2423,9.99,25.61,143223994.99,,,30.5595,2.265,5.3754,-139.4261,2279949000,,,,,,,
2012-06-19,9126976,2.6397,2.9337,2.6132,2.8416,0.1741,6.53,33.8,201994823.7,,,32.5544,2.4129,5.7263,-148.5277,2428782000,,,,,,,
2012-06-20,4884779,2.8517,2.8744,2.7255,2.7482,-0.0934,-3.29,18.09,106943667.52,,,31.4847,2.3336,5.5382,-143.6471,2348973000,,,,,,,
2012-06-21,3984545,2.7507,2.8214,2.7318,2.8126,0.0644,2.34,14.76,87794172.35,,,32.2219,2.3882,5.6678,-147.0107,2403976500,,,,,,,
2012-06-25,3361479,2.8264,2.8264,2.6637,2.694,-0.1186,-4.22,12.45,72537044.8,,,30.8631,2.2875,5.4288,-140.8111,2302597500,,,,,,,
2012-06-26,2117533,2.6536,2.7078,2.5981,2.6738,-0.0202,-0.75,7.84,44371106.06,,,30.6318,2.2704,5.3881,-139.7558,2285341500,,,,,,,
2012-06-27,3779324,2.6612,2.8454,2.6119,2.7583,0.0845,3.16,14,82287456.36,,,31.6003,2.3421,5.5585,-144.1747,2357601000,,,,,,,
2012-06-28,2199642,2.7381,2.8012,2.7041,2.7053,-0.053,-1.92,8.15,47983780.65,,,30.9932,2.2971,5.4517,-141.4047,2312304000,,,,,,,
2012-06-29,2270773,2.6763,2.8088,2.6498,2.7949,0.0896,3.31,8.41,49519590.7,,,32.0195,2.3732,5.6322,-146.0874,2388877500,,,,,,,
2012-07-02,5804473,2.8391,3.075,2.8378,3.075,0.2801,10.02,21.5,138868064.48,,,35.1655,2.5435,6.3511,-36.1889,2628304500,,,,,,,
2012-07-03,5276332,3.1533,3.1861,2.988,3.0258,-0.0492,-1.6,19.54,127639587.04,,,34.6027,2.5028,6.2495,-35.6098,2586243000,,,,,,,
2012-07-04,2488522,2.9779,3.0145,2.9337,2.935,-0.0908,-3,9.22,58460301.09,,,33.5638,2.4277,6.0618,-34.5406,2508591000,,,,,,,
2012-07-05,2366243,2.94,2.993,2.8832,2.9047,-0.0303,-1.03,8.76,55237506.47,,,33.2174,2.4026,5.9993,-34.1842,2482707000,,,,,,,
2012-07-06,3869588,2.9148,3.0485,2.8353,3.0334,0.1287,4.43,14.33,90648959.02,,,34.6893,2.5091,6.2651,-35.6989,2592714000,,,,,,,
2012-07-09,4129660,3.0346,3.0346,2.7306,2.7306,-0.3028,-9.98,15.29,94153055.7,,,31.2261,2.2586,5.6396,-32.1349,2333874000,,,,,,,
2012-07-10,5101549,2.5787,2.6696,2.4574,2.4574,-0.2732,-10.01,11.34,60087305.26,,,27.8423,2.0568,5.0285,-28.6526,2080965750,,,,,,,
2012-07-11,5125175,2.4228,2.4358,2.3232,2.3816,-0.0758,-3.08,11.39,56148654.22,,,26.9838,1.9934,4.8734,-27.7691,2016795000,,,,,,,
2012-07-12,6503720,2.4098,2.596,2.3881,2.4639,0.0823,3.46,14.45,74915386.61,,,27.9159,2.0622,5.0418,-28.7284,2086466100,,,,,,,
2012-07-13,5776490,2.4033,2.5743,2.4033,2.5332,0.0693,2.81,12.84,67026818.91,,,28.7009,2.1202,5.1836,-29.5362,2145136500,,,,,,,
2012-07-16,6825340,2.5354,2.6371,2.4791,2.5245,-0.0087,-0.34,15.17,81120946.16,,,28.6028,2.113,5.1658,-29.4352,2137802700,,,,,,,
2012-07-17,6227086,2.4466,2.4791,2.2712,2.3622,-0.1623,-6.43,13.84,67104723.88,,,26.763,1.977,4.8336,-27.5419,2000293950,,,,,,,
2012-07-18,3979244,2.3275,2.373,2.2907,2.3665,0.0043,0.18,8.84,42848187.4,,,26.8121,1.9807,4.8424,-27.5924,2003960850,,,,,,,
2012-07-19,4112349,2.3557,2.4163,2.3275,2.3816,0.0151,0.64,9.14,45073517.31,,,26.9838,1.9934,4.8734,-27.7691,2016795000,,,,,,,
2012-07-20,3079552,2.3752,2.399,2.2972,2.3102,-0.0714,-3,6.84,33453940.48,,,26.1743,1.9335,4.7272,-26.936,1956291150,,,,,,,
2012-07-23,2428419,2.295,2.295,2.1933,2.2496,-0.0606,-2.62,5.4,25080558.73,,,25.4874,1.8828,4.6032,-26.2292,1904954550,,,,,,,
2012-07-24,2386076,2.2279,2.334,2.2279,2.3059,0.0563,2.5,5.3,25296739.53,,,26.1252,1.9299,4.7184,-26.8855,1952624250,,,,,,,
2012-07-25,2220280,2.2821,2.3557,2.2734,2.3037,-0.0022,-0.1,4.93,23694893.88,,,26.1007,1.9281,4.7139,-26.8603,1950790800,,,,,,,
2012-07-26,1484051,2.295,2.3275,2.2474,2.2604,-0.0433,-1.88,3.3,15685713.58,,,25.61,1.8919,4.6253,-26.3554,1914121800,,,,,,,
2012-07-27,2076982,2.2821,2.3557,2.2669,2.2777,0.0173,0.77,4.62,22149958.44,,,25.8063,1.9064,4.6608,-26.5573,1928789400,,,,,,,
2012-07-30,2157423,2.2821,2.295,2.1565,2.1954,-0.0823,-3.61,4.79,21985502.65,,,24.8741,1.8375,4.4924,-25.598,1859118300,,,,,,,
2012-07-31,1930573,2.1716,2.1998,2.1088,2.1327,-0.0627,-2.86,4.29,19131099.46,,,24.1627,1.785,4.3639,-24.866,1805948250,,,,,,,
2012-08-01,1279359,2.163,2.2019,2.1348,2.1738,0.0411,1.93,2.84,12890587.53,,,24.6288,1.8194,4.4481,-25.3456,1840783800,,,,,,,
2012-08-02,2057859,2.1846,2.2582,2.1673,2.2084,0.0346,1.59,4.57,21104861.85,,,25.0213,1.8484,4.519,-25.7495,1870119000,,,,,,,
2012-08-03,1474618,2.2063,2.2517,2.1976,2.2431,0.0347,1.57,3.28,15183280.12,,,25.4138,1.8774,4.5899,-26.1534,1899454200,,,,,,,
2012-08-06,1927404,2.2149,2.2864,2.2084,2.2842,0.0411,1.83,4.28,20069222.8,,,25.8799,1.9118,4.6741,-26.6331,1934289750,,,,,,,
2012-08-07,1662784,2.2929,2.3448,2.2669,2.2842,0,0,3.7,17622452.43,,,25.8799,1.9118,4.6741,-26.6331,1934289750,,,,,,,
2012-08-08,1898224,2.2777,2.2972,2.2301,2.2474,-0.0368,-1.61,4.22,19813767.09,,,25.4629,1.881,4.5987,-26.2039,1903121100,,,,,,,
2012-08-09,3320606,2.2474,2.3903,2.2344,2.3881,0.1407,6.26,7.38,35563880.31,,,27.0574,1.9988,4.8867,-27.8448,2022295350,,,,,,,
2012-08-10,2103652,2.3622,2.3968,2.3275,2.3578,-0.0303,-1.27,4.67,22907413.35,,,26.7139,1.9734,4.8247,-27.4914,1996627050,,,,,,,
2012-08-13,1650303,2.3557,2.3665,2.2842,2.2907,-0.0671,-2.85,3.67,17759994.78,,,25.9535,1.9172,4.6874,-26.7088,1939790100,,,,,,,
2012-08-14,1597025,2.295,2.3124,2.2128,2.295,0.0043,0.19,3.55,16666617.35,,,26.0025,1.9209,4.6962,-26.7593,1943457000,,,,,,,
2012-08-15,998531,2.2734,2.2907,2.2409,2.2517,-0.0433,-1.89,2.22,10402867.87,,,25.5119,1.8846,4.6076,-26.2544,1906788000,,,,,,,
2012-08-16,1353501,2.2409,2.2431,2.1803,2.1825,-0.0692,-3.07,3.01,13763720.14,,,24.7269,1.8266,4.4658,-25.4466,1848117600,,,,,,,
2012-08-17,847261,2.1825,2.2063,2.1695,2.2041,0.0216,0.99,1.88,8558411.57,,,24.9722,1.8448,4.5101,-25.699,1866452100,,,,,,,
2012-08-20,978173,2.1976,2.2452,2.1435,2.2431,0.039,1.77,0.82,9942789.92,,,25.4138,1.8774,4.5899,-26.1534,1899454200,,,,,,,
2012-08-21,2066564,2.2496,2.3297,2.2258,2.308,0.0649,2.89,1.72,21823262.31,,,26.1497,1.9317,4.7228,-26.9108,1954457700,,,,,,,
2012-08-22,1580329,2.308,2.3383,2.2561,2.2734,-0.0346,-1.5,1.32,16763353.44,,,25.7572,1.9027,4.6519,-26.5069,1925122500,,,,,,,
2012-08-23,2642724,2.2647,2.3254,2.2517,2.3254,0.052,2.29,2.21,27958134.19,,,26.346,1.9462,4.7582,-27.1127,1969125300,,,,,,,
2012-08-24,8358660,2.3124,2.557,2.3059,2.557,0.2316,9.96,6.98,94969133.9,,,28.9708,2.1401,5.2323,-29.8139,2165304450,,,,,,,
2012-08-27,6840211,2.5982,2.6241,2.4791,2.5007,-0.0563,-2.2,5.71,80423390.93,,,28.333,2.093,5.1171,-29.1575,2117634750,,,,,,,
2012-08-28,7118949,2.4747,2.7129,2.4747,2.5743,0.0736,2.94,5.94,85730067.66,,,29.167,2.1546,5.2677,-30.0159,2179972050,,,,,,,
2012-08-29,8229638,2.5007,2.7497,2.5007,2.7021,0.1278,4.96,6.87,101320051.03,,,30.6143,2.2615,5.5291,-31.5053,2288145600,,,,,,,
2012-08-30,5785934,2.6631,2.7324,2.544,2.6285,-0.0736,-2.72,4.83,70526888.31,,,29.7803,2.1999,5.3785,-30.647,2225808300,,,,,,,
2012-08-31,3470069,2.6176,2.6913,2.5722,2.596,-0.0325,-1.24,2.9,42270207.89,,,29.4123,2.1728,5.312,-30.2683,2198306550,,,,,,,
2012-09-03,2869210,2.596,2.6783,2.5267,2.6328,0.0368,1.42,2.39,34514758.92,,,29.8293,2.2036,5.3874,-30.6975,2229475200,,,,,,,
2012-09-04,3173318,2.622,2.6999,2.57,2.5743,-0.0585,-2.22,2.65,38658577.99,,,29.167,2.1546,5.2677,-30.0159,2179972050,,,,,,,
2012-09-05,2914559,2.5743,2.6739,2.4921,2.6631,0.0888,3.45,2.43,34938208.09,,,30.1728,2.2289,5.4494,-31.0509,2255143500,,,,,,,
2012-09-06,2318558,2.6415,2.6956,2.6068,2.6674,0.0043,0.16,1.94,28362787.32,,,30.2218,2.2326,5.4582,-31.1014,2258810400,,,,,,,
2012-09-07,4057783,2.6739,2.8082,2.6458,2.7129,0.0455,1.71,3.39,51079063.07,,,30.737,2.2706,5.5513,-31.6315,2297312850,,,,,,,
2012-09-10,2377100,2.7086,2.7086,2.6523,2.6978,-0.0151,-0.56,1.98,29427346.14,,,30.5652,2.2579,5.5203,-31.4548,2284478700,,,,,,,
2012-09-11,1743338,2.7107,2.7107,2.6241,2.6501,-0.0477,-1.77,1.46,21351656.18,,,30.0256,2.2181,5.4228,-30.8994,2244142800,,,,,,,
2012-09-12,4053520,2.6588,2.8017,2.6566,2.7605,0.1104,4.17,3.38,51296297.81,,,31.2766,2.3105,5.6488,-32.1869,2337648750,,,,,,,
2012-09-13,6790971,2.7497,3.0204,2.7497,2.8905,0.13,4.71,5.67,90618786.64,,,32.7485,2.4192,5.9146,-33.7016,2447655750,,,,,,,
2012-09-14,3542989,2.9121,3.0052,2.8428,2.9013,0.0108,0.37,2.96,47849641.34,,,32.8711,2.4283,5.9367,-33.8278,2456823000,,,,,,,
2012-09-17,4893756,2.9013,2.9013,2.6112,2.7714,-0.1299,-4.48,4.08,61625795.19,,,31.3993,2.3195,5.6709,-32.3131,2346816000,,,,,,,
2012-09-18,2776310,2.7714,2.7714,2.6545,2.7237,-0.0477,-1.72,2.32,34458720.49,,,30.8596,2.2797,5.5734,-31.7577,2306480100,,,,,,,
2012-09-19,695197,2.7043,2.7216,2.6718,2.7064,-0.0173,-0.64,0.58,8656178.82,,,30.6634,2.2652,5.538,-31.5558,2291812500,,,,,,,
2012-09-20,1644034,2.7086,2.7086,2.5224,2.5245,-0.1819,-6.72,1.37,19724904.5,,,28.6028,2.113,5.1658,-29.4352,2137802700,,,,,,,
2012-09-21,1440038,2.5245,2.5743,2.4769,2.4921,-0.0324,-1.28,1.2,16825020.93,,,28.2348,2.0858,5.0994,-29.0566,2110300950,,,,,,,
2012-09-24,949113,2.4423,2.4856,2.3946,2.4531,-0.039,-1.56,0.79,10704439.34,,,27.7933,2.0532,5.0196,-28.6022,2077298850,,,,,,,
2012-09-25,669287,2.4466,2.4747,2.3816,2.386,-0.0671,-2.74,0.56,7491128.25,,,27.0328,1.997,4.8823,-27.8196,2020461900,,,,,,,
2012-09-26,1010071,2.3773,2.4141,2.3405,2.3708,-0.0152,-0.64,0.84,11102268.45,,,26.8611,1.9843,4.8513,-27.6429,2007627750,,,,,,,
2012-09-27,1515850,2.3578,2.4683,2.3578,2.4466,0.0758,3.2,1.27,16891256.9,,,27.7197,1.9884,5.0063,-28.5264,2071798500,,,,,,,
2012-09-28,869318,2.4141,2.5116,2.4141,2.5029,0.0563,2.3,0.73,9948854.65,,,29.1422,2.0904,5.2633,-29.9904,2178120172,,,,,,,
2012-10-08,599996,2.5007,2.5354,2.4834,2.5137,0.0108,0.43,0.5,6927197.51,,,27.3106,2.0748,4.4628,-34.9796,2187541107,,,,,,,
2012-10-09,1095158,2.5245,2.5895,2.5202,2.5549,0.0412,1.64,0.91,12962426.63,,,27.7575,2.1087,4.5358,-35.552,2223340660,,,,,,,
2012-10-10,2755932,2.544,2.7887,2.5354,2.7367,0.1818,7.12,2.3,34117625.29,,,29.7335,2.2588,4.8587,-38.0828,2381612368,,,,,,,
2012-10-11,1504372,2.7107,2.7281,2.648,2.6674,-0.0693,-2.53,1.26,18621312.31,,,28.9807,2.2016,4.7357,-37.1187,2321318384,,,,,,,
2012-10-12,1534848,2.6263,2.7194,2.557,2.5765,-0.0909,-3.41,1.28,18584578.53,,,27.9927,2.1266,4.5743,-35.8533,2242182530,,,,,,,
2012-10-15,981226,2.6047,2.6393,2.544,2.6263,0.0498,1.93,0.82,11740423.87,,,28.5338,2.1677,4.6627,-36.5463,2285518831,,,,,,,
2012-10-16,1178556,2.6393,2.6848,2.583,2.6393,0.013,0.49,0.98,14395369.3,,,28.6749,2.1784,4.6858,-36.727,2296823953,,,,,,,
2012-10-17,1756637,2.6436,2.6588,2.5549,2.5635,-0.0758,-2.87,1.47,20952839.47,,,27.8516,2.1159,4.5512,-35.6725,2230877408,,,,,,,
2012-10-18,1336261,2.5722,2.6176,2.5635,2.5982,0.0347,1.35,1.12,16007828.53,,,28.228,2.1445,4.6127,-36.1546,2261024400,,,,,,,
2012-10-19,1006375,2.5982,2.6003,2.544,2.5592,-0.039,-1.5,0.84,11931948.57,,,27.8046,2.1123,4.5435,-35.6123,2227109034,,,,,,,
2012-10-22,854434,2.5181,2.6025,2.5181,2.5938,0.0346,1.35,0.71,10119079.75,,,28.1809,2.1409,4.605,-36.0943,2257256026,,,,,,,
2012-10-23,554676,2.5808,2.6068,2.5462,2.5527,-0.0411,-1.58,0.46,6579268.86,,,27.734,2.1069,4.532,-35.5219,2221456473,,,,,,,
2012-10-24,576745,2.5137,2.5592,2.4964,2.5072,-0.0455,-1.78,0.48,6733773.11,,,27.24,2.0694,4.4513,-34.8892,2181888546,,,,,,,
2012-10-25,1750551,2.531,2.5808,2.4206,2.4293,-0.0779,-3.11,1.46,20222245.79,,,26.3932,2.0051,4.3129,-33.8045,2114057814,,,,,,,
2012-10-26,763400,2.4336,2.4574,2.3773,2.3946,-0.0347,-1.43,0.64,8468019.04,,,26.0168,1.9765,4.2514,-33.3225,2083910822,,,,,,,
2012-10-29,610718,2.386,2.4358,2.3816,2.399,0.0044,0.18,0.51,6793565.78,,,26.0638,1.98,4.2591,-33.3827,2087679196,,,,,,,
2012-10-30,369068,2.3925,2.4314,2.3925,2.4141,0.0151,0.63,0.31,4112323.2,,,26.2285,1.9926,4.286,-33.5936,2100868505,,,,,,,
2012-10-31,855733,2.4185,2.425,2.3773,2.412,-0.0021,-0.09,0.71,9481168.43,,,26.205,1.9908,4.2821,-33.5635,2098984318,,,,,,,
2012-11-01,1699969,2.4163,2.5245,2.399,2.5072,0.0952,3.95,1.42,19474836.7,,,27.24,2.0694,4.4513,-34.8892,2181888546,,,,,,,
2012-11-02,993707,2.5245,2.5289,2.4769,2.5029,-0.0043,-0.17,0.83,11515216.28,,,27.1929,2.0658,4.4436,-34.8289,2178120172,,,,,,,
2012-11-05,607624,2.4964,2.5224,2.4747,2.4986,-0.0043,-0.17,0.51,7011633.98,,,27.1459,2.0622,4.4359,-34.7687,2174351798,,,,,,,
2012-11-06,1565536,2.4921,2.5332,2.4574,2.5332,0.0346,1.38,1.31,18025623.2,,,27.5223,2.0908,4.4974,-35.2507,2204498790,,,,,,,
2012-11-07,905017,2.5224,2.5635,2.5137,2.5332,0,0,0.76,10623784.38,,,27.5223,2.0908,4.4974,-35.2507,2204498790,,,,,,,
2012-11-08,861593,2.5007,2.5007,2.4466,2.4574,-0.0758,-2.99,0.72,9841390.18,,,26.699,2.0283,4.3629,-34.1962,2138552245,,,,,,,
2012-11-09,531617,2.4574,2.5007,2.4466,2.4747,0.0173,0.7,0.44,6091034.34,,,26.8871,2.0426,4.3936,-34.4372,2153625741,,,,,,,
2012-11-12,425981,2.4683,2.5245,2.4683,2.5224,0.0477,1.93,0.36,4918107.74,,,27.4047,2.0819,4.4782,-35.1001,2195077855,,,,,,,
2012-11-13,575412,2.5224,2.5224,2.4791,2.4942,-0.0282,-1.12,0.48,6618240.04,,,27.0989,2.0587,4.4282,-34.7084,2170583424,,,,,,,
2012-11-14,1843918,2.4791,2.6415,2.4769,2.6025,0.1083,4.34,1.54,22064029.03,,,28.275,2.148,4.6204,-36.2148,2264792774,,,,,,,
2012-11-15,2209233,2.5873,2.7043,2.5722,2.6371,0.0346,1.33,1.84,27037934.76,,,28.6514,2.1766,4.6819,-36.6969,2294939766,,,,,,,
2012-11-16,4651531,2.9013,2.9013,2.6631,2.7129,0.0758,2.87,3.88,59041060.15,,,29.4747,2.2392,4.8165,-37.7514,2360886311,,,,,,,
2012-11-19,4838757,2.7194,2.9013,2.7172,2.7605,0.0476,1.75,4.04,62455215.99,,,29.9922,2.2785,4.901,-38.4142,2402338425,,,,,,,
2012-11-20,3673610,2.7064,2.7454,2.6198,2.6306,-0.1299,-4.71,3.07,45260101.93,,,28.5808,2.1713,4.6704,-36.6065,2289287205,,,,,,,
2012-11-21,2063424,2.6025,2.6739,2.5787,2.661,0.0304,1.16,1.72,24948480.71,,,28.9101,2.1963,4.7242,-37.0283,2315665823,,,,,,,
2012-11-22,1246871,2.6306,2.6566,2.5852,2.5917,-0.0693,-2.6,1.04,15045379.49,,,28.1574,2.1391,4.6012,-36.0642,2255371839,,,,,,,
2012-11-23,1718533,2.6241,2.6848,2.596,2.6415,0.0498,1.92,1.43,20999898.58,,,28.6984,2.1802,4.6896,-36.7572,2298708140,,,,,,,
2012-11-26,2124006,2.6415,2.7043,2.57,2.5743,-0.0672,-2.54,1.77,26048031.75,,,27.9692,2.1248,4.5704,-35.8232,2240298343,,,,,,,
2012-11-27,3113603,2.5116,2.5505,2.3448,2.5462,-0.0281,-1.09,2.6,35451174.55,,,27.6634,2.1016,4.5205,-35.4315,2215803912,,,,,,,
2012-11-28,1429403,2.4747,2.4899,2.412,2.4639,-0.0823,-3.23,1.19,16132969.02,,,26.7695,2.0337,4.3744,-34.2866,2144204806,,,,,,,
2012-11-29,737055,2.4401,2.4791,2.4011,2.4466,-0.0173,-0.7,0.62,8352850.82,,,26.5813,2.0194,4.3437,-34.0456,2129131310,,,,,,,
2012-11-30,445677,2.4466,2.4769,2.4141,2.4531,0.0065,0.27,0.37,5050545.06,,,26.6519,2.0247,4.3552,-34.1359,2134783871,,,,,,,
2012-12-03,2361060,2.4596,2.4596,2.2084,2.2084,-0.2447,-9.98,1.97,25078263.45,,,23.9938,1.8228,3.9208,-30.7314,1921870740,,,,,,,
2012-12-04,748997,2.1695,2.3124,2.1695,2.2647,0.0563,2.55,0.63,7689820.47,,,24.6054,1.8692,4.0208,-31.5147,1970859602,,,,,,,
2012-12-05,957292,2.2539,2.3752,2.2496,2.3254,0.0607,2.68,0.8,10298716.41,,,25.264,1.9193,4.1284,-32.3583,2023616838,,,,,,,
2012-12-06,747808,2.3167,2.3773,2.3167,2.334,0.0086,0.37,0.62,8101264.07,,,25.3581,1.9264,4.1438,-32.4789,2031153586,,,,,,,
2012-12-07,937716,2.373,2.412,2.3405,2.3903,0.0563,2.41,0.78,10322356.76,,,25.9697,1.9729,4.2437,-33.2622,2080142448,,,,,,,
2012-12-10,1044314,2.3903,2.4358,2.3492,2.4336,0.0433,1.81,0.87,11556126.3,,,26.4402,2.0086,4.3206,-33.8648,2117826188,,,,,,,
2012-12-11,937116,2.399,2.4336,2.3838,2.3838,-0.0498,-2.05,0.78,10401184.19,,,25.8992,1.9675,4.2322,-33.1718,2074489887,,,,,,,
2012-12-12,958510,2.3752,2.4141,2.334,2.4076,0.0238,1,0.8,10490269.45,,,26.1579,1.9872,4.2745,-33.5032,2095215944,,,,,,,
2012-12-13,1128432,2.3708,2.4379,2.3383,2.4098,0.0022,0.09,0.94,12566732.79,,,26.1814,1.989,4.2783,-33.5334,2097100131,,,,,,,
2012-12-14,1836023,2.3643,2.5159,2.3643,2.5159,0.1061,4.4,1.53,20949690.95,,,27.3341,2.0765,4.4667,-35.0097,2189425294,,,,,,,
2012-12-17,1156894,2.5116,2.5116,2.4488,2.4791,-0.0368,-1.46,0.97,13223573.19,,,26.9342,2.0462,4.4013,-34.4975,2157394115,,,,,,,
2012-12-18,1240949,2.4791,2.5678,2.4769,2.5007,0.0216,0.87,1.04,14468470.42,,,27.1694,2.064,4.4397,-34.7988,2176235985,,,,,,,
2012-12-19,900939,2.4683,2.5289,2.4401,2.4899,-0.0108,-0.43,0.75,10355055.13,,,27.0518,2.0551,4.4205,-34.6481,2166815050,,,,,,,
2012-12-20,825063,2.4639,2.5007,2.4509,2.4791,-0.0108,-0.43,0.69,9439943.96,,,26.9342,2.0462,4.4013,-34.4975,2157394115,,,,,,,
2012-12-21,1697001,2.4769,2.557,2.4618,2.531,0.0519,2.09,1.42,19723727.14,,,27.4987,2.0891,4.4936,-35.2206,2202614603,,,,,,,
2012-12-24,1366838,2.4964,2.622,2.4899,2.5635,0.0325,1.28,1.14,16228530.57,,,27.8516,2.1159,4.5512,-35.6725,2230877408,,,,,,,
2012-12-25,1768010,2.5743,2.6133,2.5505,2.6068,0.0433,1.69,1.48,21126242.23,,,28.3221,2.1516,4.6281,-36.2751,2268561148,,,,,,,
2012-12-26,4205711,2.8342,2.8342,2.6848,2.78,0.1732,6.64,3.51,53326095.88,,,30.2039,2.2946,4.9356,-38.6854,2419296108,,,,,,,
2012-12-27,3192467,2.7844,2.7844,2.6501,2.661,-0.119,-4.28,2.66,39757057.42,,,28.9101,2.1963,4.7242,-37.0283,2315665823,,,,,,,
2012-12-28,1404616,2.6393,2.6891,2.622,2.6631,0.0021,0.08,1.17,17181643.01,,,28.9337,2.1981,4.728,-37.0584,2317550010,,,,,,,
2012-12-31,1227835,2.6566,2.6978,2.6306,2.6718,0.0087,0.33,1.02,15079131.67,,,23.4648,2.1144,4.0397,-32.9235,2325086758,,,,,,,
2013-01-04,1345387,2.6934,2.6978,2.6112,2.6501,-0.0217,-0.81,1.12,16458072.79,,,23.2747,2.0973,4.007,-32.6567,2306244888,,,,,,,
2013-01-07,2838355,2.6718,2.7281,2.6718,2.7129,0.0628,2.37,2.37,35459204.82,,,23.8261,2.147,4.1019,-33.4304,2360886311,,,,,,,
2013-01-08,2758847,2.7151,2.7692,2.6783,2.7497,0.0368,1.36,2.3,34647589.58,,,24.1494,2.1761,4.1576,-33.884,2392917490,,,,,,,
2013-01-09,2387829,2.7129,2.7389,2.6696,2.6978,-0.0519,-1.89,1.99,29762835.45,,,23.693,2.135,4.079,-33.2437,2347697002,,,,,,,
2013-01-10,1546111,2.7064,2.7411,2.6869,2.7172,0.0194,0.72,1.29,19341999.64,,,23.8642,2.1504,4.1085,-33.4838,2364654685,,,,,,,
2013-01-11,2073537,2.7172,2.7237,2.6263,2.6263,-0.0909,-3.35,1.73,25510208.17,,,23.0655,2.0784,3.971,-32.3632,2285518831,,,,,,,
2013-01-14,3873405,2.6371,2.78,2.6371,2.7605,0.1342,5.11,3.23,48874668.77,,,24.2445,2.1847,4.1739,-34.0174,2402338425,,,,,,,
2013-01-15,4081422,2.767,2.9121,2.7541,2.8515,0.091,3.3,3.41,53850361.07,,,25.0431,2.2566,4.3114,-35.138,2481474279,,,,,,,
2013-01-16,3486849,2.8536,2.9554,2.8168,2.9424,0.0909,3.19,2.91,46464057.13,,,25.8418,2.3286,4.4489,-36.2585,2560610133,,,,,,,
2013-01-17,2262947,2.9403,2.9987,2.8666,2.9273,-0.0151,-0.51,1.89,30644590.9,,,25.7086,2.3166,4.426,-36.0718,2547420824,,,,,,,
2013-01-18,1980640,2.9338,2.9944,2.8861,2.9771,0.0498,1.7,1.65,27021099.96,,,26.146,2.356,4.5013,-36.6854,2590757125,,,,,,,
2013-01-21,2228924,2.9771,3.1178,2.9684,3.0355,0.0584,1.96,1.86,31457145.6,,,26.6594,2.4023,4.5897,-37.4058,2641630174,,,,,,,
2013-01-22,2192114,3.0463,3.0832,2.8147,2.9338,-0.1017,-3.35,1.83,29778232.75,,,25.7657,2.3218,4.4358,-36.1518,2553073385,,,,,,,
2013-01-23,1351536,2.8905,2.9619,2.8407,2.9273,-0.0065,-0.22,1.13,18144344.43,,,25.7086,2.3166,4.426,-36.0718,2547420824,,,,,,,
2013-01-24,4709366,2.9294,3.2196,2.8905,3.2196,0.2923,9.99,3.93,68155550.06,,,28.2757,2.5479,4.8679,-39.6736,2801786069,,,,,,,
2013-01-25,8804918,3.3516,3.4772,3.1568,3.2629,0.0433,1.34,7.35,134343560.08,,,28.656,2.5822,4.9334,-40.2072,2839469809,,,,,,,
2013-01-28,7007869,3.2196,3.5898,3.1654,3.5032,0.2403,7.36,5.85,109428705.25,,,30.7667,2.7724,5.2968,-43.1687,3048614566,,,,,,,
2013-01-29,4738692,3.4426,3.5465,3.4101,3.4404,-0.0628,-1.79,3.95,75758689.41,,,30.2153,2.7227,5.2019,-42.395,2993973143,,,,,,,
2013-01-30,2590170,3.4642,3.4837,3.3819,3.4577,0.0173,0.5,2.16,40976955.53,,,30.3674,2.7364,5.2281,-42.6085,3009046639,,,,,,,
2013-01-31,3357695,3.4512,3.4512,3.2477,3.2737,-0.184,-5.32,2.8,51373847.9,,,28.7511,2.5908,4.9498,-40.3406,2848890744,,,,,,,
2013-02-01,2898889,3.2152,3.2888,3.1957,3.2325,-0.0412,-1.26,2.42,43357906.52,,,28.3898,2.5582,4.8876,-39.8337,2813091191,,,,,,,
2013-02-04,2400923,3.2434,3.2672,3.1005,3.1243,-0.1082,-3.35,2,34973460.76,,,27.439,2.4725,4.7239,-38.4997,2718881841,,,,,,,
2013-02-05,1339828,3.0875,3.2022,3.0875,3.1827,0.0584,1.87,1.12,19639711.61,,,27.9524,2.5188,4.8123,-39.2201,2769754890,,,,,,,
2013-02-06,1945479,3.1827,3.239,3.1633,3.2022,0.0195,0.61,1.62,28786165.34,,,28.1236,2.5342,4.8418,-39.4602,2786712573,,,,,,,
2013-02-07,2284704,3.1936,3.3538,3.1676,3.3062,0.104,3.25,1.91,34337358.05,,,29.0363,2.6165,4.9989,-40.7408,2877153549,,,,,,,
2013-02-08,2254936,3.317,3.4296,3.2845,3.356,0.0498,1.51,1.88,35155554.89,,,29.4737,2.6559,5.0742,-41.3545,2920489850,,,,,,,
2013-02-18,1866966,3.356,3.3993,3.3148,3.3906,0.0346,1.03,1.56,28950092.52,,,29.7779,2.6833,5.1266,-41.7814,2950636842,,,,,,,
2013-02-19,1810521,3.3949,3.3949,3.2477,3.3083,-0.0823,-2.43,1.51,27716210.28,,,29.0553,2.6182,5.0022,-40.7675,2879037736,,,,,,,
2013-02-20,2483826,3.2715,3.4123,3.2694,3.4014,0.0931,2.81,2.07,38456267.34,,,29.873,2.6919,5.1429,-41.9148,2960057777,,,,,,,
2013-02-21,2428919,3.3776,3.4252,3.291,3.304,-0.0974,-2.86,2.03,37728864.85,,,29.0173,2.6148,4.9956,-40.7142,2875269362,,,,,,,
2013-02-22,1432163,3.317,3.356,3.2477,3.2477,-0.0563,-1.7,1.2,21776480.26,,,28.5229,2.5702,4.9105,-40.0205,2826280500,,,,,,,
2013-02-25,1637367,3.2261,3.3148,3.1892,3.3018,0.0541,1.67,1.37,24491289.64,,,28.9983,2.613,4.9923,-40.6875,2873385175,,,,,,,
2013-02-26,1532011,3.2867,3.3733,3.2304,3.252,-0.0498,-1.51,1.28,23449041.69,,,28.5609,2.5736,4.9171,-40.0738,2830048874,,,,,,,
2013-02-27,4881778,3.2845,3.5768,3.2845,3.4621,0.2101,6.46,4.07,77974365.6,,,30.4054,2.7398,5.2346,-42.6618,3012815013,,,,,,,
2013-02-28,2848435,3.4599,3.5768,3.4317,3.54,0.0779,2.25,2.38,46093415.01,,,31.09,2.8015,5.3524,-43.6223,3080645745,,,,,,,
2013-03-01,5413763,3.4815,3.8583,3.4815,3.776,0.236,6.67,4.52,92498895.13,,,33.1626,2.9883,5.7093,-46.5305,3286022128,,,,,,,
2013-03-04,4670214,3.7782,4.0163,3.724,3.8561,0.0801,2.12,3.9,84301491.06,,,33.8662,3.0517,5.8304,-47.5176,3355737047,,,,,,,
2013-03-05,2697046,3.8734,3.973,3.8063,3.8972,0.0411,1.07,2.25,48452092.85,,,34.2275,3.0842,5.8926,-48.0246,3391536600,,,,,,,
2013-03-06,2904779,3.8994,3.96,3.8388,3.9405,0.0433,1.11,2.42,52509055.95,,,34.6078,3.1185,5.9581,-48.5582,3429220340,,,,,,,
2013-03-07,3818421,3.9449,3.9535,3.6851,3.8106,-0.1299,-3.3,3.19,67362162.34,,,33.4669,3.0157,5.7617,-46.9574,3316169120,,,,,,,
2013-03-08,1424047,3.7608,3.8626,3.7565,3.8106,0,0,1.19,25044560.96,,,33.4669,3.0157,5.7617,-46.9574,3316169120,,,,,,,
2013-03-11,1074664,3.7565,3.8561,3.7522,3.8063,-0.0043,-0.11,0.9,18909029.79,,,33.4288,3.0123,5.7551,-46.904,3312400746,,,,,,,
2013-03-12,2559897,3.7847,3.8388,3.5855,3.6179,-0.1884,-4.95,2.14,43736223.37,,,31.7745,2.8632,5.4703,-44.5828,3148476477,,,,,,,
2013-03-13,1509809,3.6309,3.6547,3.488,3.5205,-0.0974,-2.69,1.26,24635821.44,,,30.9188,2.7861,5.323,-43.3822,3063688062,,,,,,,
2013-03-14,849770,3.5075,3.6331,3.4794,3.6179,0.0974,2.77,0.71,13985084.11,,,31.7745,2.8632,5.4703,-44.5828,3148476477,,,,,,,
2013-03-15,2413612,3.5941,3.9795,3.5746,3.8496,0.2317,6.4,2.01,42584494.28,,,33.8092,3.0466,5.8206,-47.4376,3350084486,,,,,,,
2013-03-18,2888135,4.0033,4.0705,3.8972,3.9297,0.0801,2.08,2.41,52886343.51,,,34.5127,3.11,5.9417,-48.4248,3419799405,,,,,,,
2013-03-19,2127815,3.8864,4.0683,3.8864,3.9795,0.0498,1.27,1.78,39050982.1,,,34.9501,3.1494,6.017,-49.0384,3463135706,,,,,,,
2013-03-20,2846736,4.0077,4.235,3.9795,4.1138,0.1343,3.37,2.38,54317410.54,,,36.129,3.2556,6.22,-50.6926,3579955300,,,,,,,
2013-03-21,2011207,4.0878,4.1657,4.038,4.0921,-0.0217,-0.53,1.68,37909284.48,,,35.9389,3.2385,6.1872,-50.4258,3561113430,,,,,,,
2013-03-22,3258697,4.0921,4.3259,4.051,4.2783,0.1862,4.55,2.72,63645950.07,,,37.5742,3.3858,6.4688,-52.7203,3723153512,,,,,,,
2013-03-25,1456786,4.2437,4.3822,4.2307,4.2328,-0.0455,-1.06,1.22,28868480.59,,,37.1749,3.3498,6.4,-52.16,3683585585,,,,,,,
2013-03-26,1371784,4.235,4.2632,4.0163,4.1138,-0.119,-2.81,1.14,26272364.04,,,36.129,3.2556,6.22,-50.6926,3579955300,,,,,,,
2013-03-27,3434041,4.1159,4.1679,3.9795,4.0055,-0.1083,-2.63,2.87,64311686.61,,,35.1782,3.1699,6.0563,-49.3586,3485745950,,,,,,,
2013-03-28,3598511,3.9838,4.1051,3.8799,4.0228,0.0173,0.43,3,66495776.01,,,35.3304,3.1836,6.0825,-49.572,3500819446,,,,,,,
2013-03-29,2275169,4.0228,4.0921,3.9622,4.0445,0.0217,0.54,1.9,42417500.37,,,35.5205,3.2008,6.1152,-49.8388,3519661316,,,,,,,
2013-04-01,3476614,4.0488,4.2004,3.9752,4.1744,0.1299,3.21,2.9,65334472.12,,,35.8247,3.231,5.8728,-27.77,3632712536,,,,,,,
2013-04-02,4379918,4.064,4.1138,3.7673,3.789,-0.3854,-9.23,3.66,80325036.8,,,32.5172,2.9327,5.3306,-25.2062,3297327250,,,,,,,
2013-04-03,2125003,3.7565,3.8431,3.6807,3.7457,-0.0433,-1.14,1.77,36906537.86,,,32.1456,2.8992,5.2697,-24.9181,3259643510,,,,,,,
2013-04-08,1581589,3.6764,3.8972,3.6158,3.8106,0.0649,1.73,1.32,27671275.2,,,32.703,2.9495,5.3611,-25.3502,3316169120,,,,,,,
2013-04-09,2839405,3.789,3.8301,3.6374,3.6656,-0.145,-3.81,2.37,48771818.93,,,31.4581,2.8372,5.157,-24.3852,3189928591,,,,,,,
2013-04-10,1149986,3.6699,3.711,3.6093,3.6959,0.0303,0.83,0.96,19447234.26,,,31.7182,2.8607,5.1996,-24.5869,3216307209,,,,,,,
2013-04-11,1221833,3.7349,3.7847,3.6591,3.6807,-0.0152,-0.41,1.02,21001093.88,,,31.5881,2.849,5.1783,-24.486,3203117900,,,,,,,
2013-04-12,935745,3.6916,3.7327,3.6374,3.7219,0.0412,1.12,0.78,15950045.28,,,31.9412,2.8808,5.2362,-24.7597,3238917453,,,,,,,
2013-04-15,1490959,3.7045,3.8431,3.6872,3.7673,0.0454,1.22,1.24,25983339.29,,,32.3314,2.916,5.3002,-25.0622,3278485380,,,,,,,
2013-04-16,2270246,3.7024,3.7132,3.5573,3.6591,-0.1082,-2.87,1.89,38004070.29,,,31.4023,2.8322,5.1479,-24.342,3184276030,,,,,,,
2013-04-17,1560273,3.6721,3.7175,3.6266,3.7067,0.0476,1.3,1.3,26389507.04,,,31.8111,2.8691,5.2149,-24.6589,3225728144,,,,,,,
2013-04-18,2090224,3.6894,3.8626,3.6612,3.8496,0.1429,3.86,1.74,36607718.77,,,33.0375,2.9797,5.4159,-25.6095,3350084486,,,,,,,
2013-04-19,1904463,3.8713,3.9384,3.7998,3.9016,0.052,1.35,1.59,34183300.93,,,33.4834,3.0199,5.489,-25.9552,3395304974,,,,,,,
2013-04-22,1622254,3.9167,3.9687,3.8778,3.9405,0.0389,1,1.35,29505948.27,,,33.8179,3.0501,5.5439,-26.2145,3429220340,,,,,,,
2013-04-23,2632263,3.9211,4.0705,3.8756,3.9492,0.0087,0.22,2.2,48346043.44,,,33.8922,3.0568,5.556,-26.2721,3436757088,,,,,,,
2013-04-24,2962476,3.9081,4.1571,3.8929,4.1008,0.1516,3.84,2.47,55478066.38,,,35.1929,3.1741,5.7693,-27.2803,3568650178,,,,,,,
2013-04-25,2998798,4.1506,4.1765,3.9838,4.0488,-0.052,-1.27,2.5,56478463.16,,,34.7469,3.1338,5.6962,-26.9346,3523429690,,,,,,,
2013-04-26,1278163,4.0488,4.0531,3.9189,3.9211,-0.1277,-3.15,1.07,23473789.3,,,33.6506,3.035,5.5164,-26.0848,3412262657,,,,,,,
2013-05-02,929146,3.9189,4.0423,3.8626,4.038,0.1169,2.98,0.78,16957713.47,,,34.654,3.1255,5.6809,-26.8626,3514008755,,,,,,,
2013-05-03,1554336,4.0336,4.1506,3.9838,4.0726,0.0346,0.86,1.3,29398093.13,,,34.9513,3.1523,5.7297,-27.0931,3544155747,,,,,,,
2013-05-06,2486440,4.0272,4.0878,3.9405,3.9817,-0.0909,-2.23,2.08,46032104.57,,,34.1709,3.0819,5.6017,-26.4881,3465019893,,,,,,,
2013-05-07,1791663,3.9405,4.0012,3.8323,3.8734,-0.1083,-2.72,1.5,32315390.87,,,33.2419,2.9981,5.4494,-25.7679,3370810543,,,,,,,
2013-05-08,1182550,3.8713,3.9687,3.8713,3.9297,0.0563,1.45,0.99,21433443.61,,,33.725,3.0417,5.5286,-26.1424,3419799405,,,,,,,
2013-05-09,1684714,3.9297,3.9492,3.7782,3.8345,-0.0952,-2.42,1.41,29926467.11,,,32.9074,2.9679,5.3946,-25.5087,3336895177,,,,,,,
2013-05-10,1635689,3.8345,3.9514,3.789,3.9492,0.1147,2.99,1.37,29275196,,,33.8922,3.0568,5.556,-26.2721,3436757088,,,,,,,
2013-05-13,3011998,4.0055,4.0813,3.8907,3.9622,0.013,0.33,2.51,55479954.32,,,34.0037,3.0668,5.5743,-26.3585,3448062210,,,,,,,
2013-05-14,1080882,3.9405,3.9405,3.8345,3.8821,-0.0801,-2.02,0.9,19343245.03,,,33.3162,3.0048,5.4616,-25.8256,3378347291,,,,,,,
2013-05-15,1045550,3.8843,3.9492,3.8388,3.9492,0.0671,1.73,0.87,18817655.32,,,33.8922,3.0568,5.556,-26.2721,3436757088,,,,,,,
2013-05-16,2933768,3.9405,4.064,3.9081,3.9882,0.039,0.99,2.45,54057933.51,,,34.2267,3.0869,5.6109,-26.5313,3470672454,,,,,,,
2013-05-17,1567685,3.9622,4.0466,3.9579,3.9774,-0.0108,-0.27,1.31,28903638.3,,,34.1338,3.0785,5.5956,-26.4593,3461251519,,,,,,,
2013-05-20,4820982,3.9514,3.9774,3.6807,3.7825,-0.1949,-4.9,4.02,84026873.88,,,32.4614,2.9277,5.3215,-25.163,3291674689,,,,,,,
2013-05-21,1988073,3.7457,3.8496,3.7262,3.8474,0.0649,1.72,1.66,34889440.78,,,33.0189,2.978,5.4129,-25.5951,3348200299,,,,,,,
2013-05-22,1693212,3.8171,3.8258,3.724,3.75,-0.0974,-2.53,1.41,29485614.72,,,32.1827,2.9026,5.2758,-24.9469,3263411884,,,,,,,
2013-05-23,1241003,3.737,3.7738,3.7197,3.7392,-0.0108,-0.29,1.04,21458177.38,,,32.0898,2.8942,5.2606,-24.8749,3253990949,,,,,,,
2013-05-24,920334,3.7392,3.7998,3.724,3.7868,0.0476,1.27,0.77,15993609.89,,,32.4986,2.9311,5.3276,-25.1918,3295443063,,,,,,,
2013-05-27,1740771,3.7933,3.8474,3.7457,3.8474,0.0606,1.6,1.45,30552043.72,,,33.0189,2.978,5.4129,-25.5951,3348200299,,,,,,,
2013-05-28,2277497,3.8453,3.8713,3.6656,3.6699,-0.1775,-4.61,1.9,39316745.2,,,31.4952,2.8406,5.1631,-24.414,3193696965,,,,,,,
2013-05-29,2190268,3.6483,3.8085,3.6483,3.789,0.1191,3.25,1.83,38050392.06,,,32.5172,2.9327,5.3306,-25.2062,3297327250,,,,,,,
2013-05-30,4381744,3.789,4.0856,3.7782,4.0661,0.2771,7.31,3.66,79918286.37,,,34.8956,3.1473,5.7205,-27.0499,3538503186,,,,,,,
2013-05-31,4104015,4.0488,4.2567,4.0401,4.0769,0.0108,0.27,3.43,78845629.27,,,34.9885,3.1556,5.7358,-27.1219,3547924121,,,,,,,
2013-06-03,4596242,4.1527,4.3736,4.1527,4.1787,0.1018,2.5,3.84,90279990.78,,,35.8618,3.2344,5.8789,-27.7988,3636480910,,,,,,,
2013-06-04,2272463,4.183,4.2069,4.0012,4.0769,-0.1018,-2.44,1.9,43051435.07,,,34.9885,3.1556,5.7358,-27.1219,3547924121,,,,,,,
2013-06-05,4010195,4.0921,4.3303,4.0553,4.2935,0.2166,5.31,3.35,78858340.62,,,36.8466,3.3232,6.0404,-28.5622,3736342821,,,,,,,
2013-06-06,3238443,4.2849,4.3067,4.1521,4.1891,-0.1044,-2.43,2.7,62588133.37,,,35.7689,3.281,5.8637,-27.7268,3627059975,,,,,,,
2013-06-07,4262248,4.1783,4.4307,4.1761,4.348,0.1589,3.79,3.56,84421858.13,,,37.1253,3.4054,6.0861,-28.7783,3764605626,,,,,,,
2013-06-13,2598611,4.2871,4.4068,3.965,4.2544,-0.0936,-2.15,2.17,50370679.71,,,36.3263,3.3321,5.9551,-28.1589,3683585585,,,,,,,
2013-06-14,4362004,4.2566,4.57,4.1347,4.57,0.3156,7.42,3.64,87176710.87,,,39.0206,3.5793,6.3968,-30.2474,3956792700,,,,,,,
2013-06-17,3713173,4.5373,4.7767,4.5156,4.5917,0.0217,0.47,3.1,79856089.7,,,39.2064,3.5963,6.4272,-30.3915,3975634570,,,,,,,
2013-06-18,1838748,4.5264,4.6788,4.4568,4.6287,0.037,0.81,1.53,38710460.02,,,39.5223,3.6253,6.479,-30.6363,4007665749,,,,,,,
2013-06-19,1226893,4.5787,4.6135,4.4655,4.5504,-0.0783,-1.69,1.02,25480696.21,,,38.8534,3.5639,6.3693,-30.1178,3939835017,,,,,,,
2013-06-20,1799902,4.5156,4.5373,4.2174,4.2305,-0.3199,-7.03,1.5,36385327.35,,,36.122,3.3134,5.9216,-28.0005,3662859528,,,,,,,
2013-06-21,2491750,4.1195,4.3654,4.0695,4.3524,0.1219,2.88,2.08,48200245.24,,,37.1625,3.4088,6.0921,-28.8071,3768374000,,,,,,,
2013-06-24,3537055,4.2871,4.3088,3.9171,3.9171,-0.4353,-10,2.95,66292741.86,,,33.4463,3.068,5.4829,-25.9264,3391536600,,,,,,,
2013-06-25,2348716,3.8997,4.0651,3.6407,4.0412,0.1241,3.17,1.96,41734875.92,,,34.5054,3.1651,5.6566,-26.7474,3498935259,,,,,,,
2013-06-26,2039787,4.1347,4.2762,4.0325,4.2218,0.1806,4.47,1.7,39072103.81,,,36.0476,3.3066,5.9094,-27.9429,3655322780,,,,,,,
2013-06-27,3610754,4.2327,4.4133,4.1783,4.2435,0.0217,0.51,3.01,71040111.04,,,36.2334,3.3236,5.9398,-28.0869,3674164650,,,,,,,
2013-06-28,1829503,4.2044,4.2827,4.0281,4.0825,-0.161,-3.79,1.53,34951136.23,,,34.8584,3.1975,5.7144,-27.021,3534734812,,,,,,,
2013-07-01,1694786,3.9715,4.348,3.9715,4.3197,0.2372,5.81,1.41,32924609.49,,,35.0916,3.2791,5.3529,-447.2231,3740111195,,,,,,,
2013-07-02,2797165,4.3197,4.6723,4.3132,4.6548,0.3351,7.76,2.33,58586276.23,,,37.8141,3.5335,5.7682,-481.9195,4030275993,,,,,,,
2013-07-03,2938085,4.6527,4.8376,4.5721,4.7941,0.1393,2.99,2.45,63767929.96,,,38.9455,3.6392,5.9407,-496.3387,4150863961,,,,,,,
2013-07-04,3186248,4.768,5.1749,4.7027,5.0074,0.2133,4.45,2.66,73056756.7,,,40.678,3.8011,6.205,-518.4183,4335514287,,,,,,,
2013-07-05,1096293,5.0052,5.0074,4.7898,4.9813,-0.0261,-0.52,0.92,24917830.6,,,40.4658,3.7813,6.1727,-515.7146,4312904043,,,,,,,
2013-07-08,2687042,4.9182,5.0422,4.5961,4.8964,-0.0849,-1.7,2.24,60363111.72,,,39.7764,3.7169,6.0675,-506.9279,4239420750,,,,,,,
2013-07-09,2792594,4.7919,5.114,4.7898,5.1097,0.2133,4.36,2.33,64578334.58,,,41.5088,3.8788,6.3318,-529.0074,4424071076,,,,,,,
2013-07-10,1221837,5.1031,5.1793,5.0313,5.1423,0.0326,0.64,1.02,28730781.15,,,41.774,3.9035,6.3722,-532.3869,4452333881,,,,,,,
2013-07-11,3434826,5.1401,5.3817,5.1401,5.3534,0.2111,4.11,2.87,83499100.35,,,43.4888,4.0638,6.6338,-554.2412,4635100020,,,,,,,
2013-07-12,1833650,5.3425,5.3969,5.2228,5.3534,0,0,1.53,44802052.3,,,43.4888,4.0638,6.6338,-554.2412,4635100020,,,,,,,
2013-07-15,1904840,5.3316,5.386,5.2446,5.3708,0.0174,0.33,1.59,46532562.33,,,43.6302,4.077,6.6554,-556.0436,4650173516,,,,,,,
2013-07-16,2234773,5.3142,5.4296,5.1706,5.2228,-0.148,-2.76,1.87,54425819.42,,,42.4281,3.9647,6.472,-540.7231,4522048800,,,,,,,
2013-07-17,1788253,5.1967,5.2424,5.0444,5.1358,-0.087,-1.67,1.49,42128951.53,,,41.721,3.8986,6.3641,-531.711,4446681320,,,,,,,
2013-07-18,872121,5.0509,5.1858,5.0009,5.1597,0.0239,0.47,0.73,20489606.29,,,41.9154,3.9167,6.3938,-534.1894,4467407377,,,,,,,
2013-07-19,1366217,5.1771,5.2185,4.9356,5.0705,-0.0892,-1.73,1.14,32177265.88,,,41.1906,3.849,6.2832,-524.952,4390155710,,,,,,,
2013-07-22,2140037,4.9508,5.3164,4.9399,5.3033,0.2328,4.59,1.79,50540617.49,,,43.0822,4.0258,6.5718,-549.0592,4591763719,,,,,,,
2013-07-23,3084081,5.3033,5.5667,5.114,5.5036,0.2003,3.78,2.57,75733513.12,,,44.7086,4.1778,6.8199,-569.787,4765108923,,,,,,,
2013-07-24,3166297,5.5057,5.6037,5.3316,5.5166,0.013,0.24,2.64,79121241.19,,,44.8147,4.1877,6.836,-571.1388,4776414045,,,,,,,
2013-07-25,2031718,5.5057,5.5471,5.225,5.3186,-0.198,-3.59,1.7,50155785.62,,,43.206,4.0373,6.5906,-550.6363,4604953028,,,,,,,
2013-07-26,886076,5.3099,5.4622,5.2402,5.3752,0.0566,1.06,0.74,21940439.74,,,43.6656,4.0803,6.6608,-556.4942,4653941890,,,,,,,
2013-07-29,1601303,5.2663,5.4143,5.1401,5.2011,-0.1741,-3.24,1.34,38689207.33,,,42.2513,3.9481,6.445,-538.4701,4503206930,,,,,,,
2013-07-30,1228770,5.1401,5.2402,4.892,5.0052,-0.1959,-3.77,1.03,28377029.78,,,40.6603,3.7995,6.2023,-518.193,4333630100,,,,,,,
2013-07-31,764782,5.0052,5.2228,4.9834,5.0727,0.0675,1.35,0.64,17876729.12,,,41.2083,3.8507,6.2859,-525.1773,4392039897,,,,,,,
2013-08-01,2039339,5.1053,5.3295,5.0096,5.2685,0.1958,3.86,1.7,48155495.94,,,42.7994,3.9993,6.5286,-545.4544,4561616727,,,,,,,
2013-08-02,1224192,5.2772,5.386,5.2576,5.3295,0.061,1.16,1.02,30030418.65,,,43.2944,4.0456,6.6041,-551.7629,4614373963,,,,,,,
2013-08-05,657017,5.3686,5.4078,5.2576,5.3316,0.0021,0.04,0.55,16032898,,,43.312,4.0472,6.6068,-551.9882,4616258150,,,,,,,
2013-08-06,1389611,5.3251,5.5906,5.3099,5.5057,0.1741,3.27,1.16,35060764.4,,,44.7263,4.1794,6.8226,-570.0123,4766993110,,,,,,,
2013-08-07,1071454,5.4753,5.6972,5.3969,5.5906,0.0849,1.54,0.89,27347189.38,,,45.4158,4.2438,6.9277,-578.799,4840476403,,,,,,,
2013-08-08,2050452,5.5623,6.0933,5.5014,5.9018,0.3112,5.57,1.71,55060582.94,,,47.9438,4.4801,7.3133,-611.0171,5109915144,,,,,,,
2013-08-09,2630033,5.9627,6.1259,5.8757,6.0498,0.148,2.51,2.19,72503443.25,,,49.1459,4.5924,7.4967,-626.3376,5238039860,,,,,,,
2013-08-12,2730841,6.0062,6.0715,5.7886,5.9083,-0.1415,-2.34,2.28,73857027.42,,,47.9968,4.485,7.3214,-611.693,5115567705,,,,,,,
2013-08-13,1059884,5.8757,5.9301,5.7233,5.8213,-0.087,-1.47,0.88,28285104.5,,,47.2897,4.4189,7.2136,-602.6809,5040200225,,,,,,,
2013-08-14,1443080,5.8213,5.9845,5.6624,5.9758,0.1545,2.65,1.2,38950325.83,,,48.5448,4.5362,7.405,-618.6773,5173977502,,,,,,,
2013-08-15,1106296,5.9279,5.9518,5.6363,5.6428,-0.333,-5.57,0.92,29383686.79,,,45.84,4.2835,6.9924,-584.2062,4885696891,,,,,,,
2013-08-16,2955335,5.6341,5.719,5.2838,5.7016,0.0588,1.04,2.47,73812291.28,,,46.3174,4.3281,7.0653,-590.2894,4936569940,,,,,,,
2013-08-19,1230377,5.6037,5.7625,5.5188,5.7451,0.0435,0.76,1.03,32088302.64,,,46.6709,4.3611,7.1192,-594.7954,4974253680,,,,,,,
2013-08-20,942373,5.7364,5.9127,5.5558,5.8496,0.1045,1.82,0.79,25045236.89,,,47.5195,4.4404,7.2486,-605.6099,5064694656,,,,,,,
2013-08-21,395798,5.8322,5.8909,5.7799,5.8104,-0.0392,-0.67,0.33,10597166.01,,,47.2013,4.4107,7.2001,-601.5544,5030779290,,,,,,,
2013-08-22,409801,5.7625,5.8561,5.7625,5.8278,0.0174,0.3,0.34,10974014.21,,,47.3427,4.4239,7.2217,-603.3568,5045852786,,,,,,,
2013-08-23,1840009,5.8213,6.2783,5.7408,6.2739,0.4461,7.65,1.54,51408807.58,,,50.9668,4.7625,7.7745,-649.5436,5432111121,,,,,,,
2013-08-26,2261420,6.2717,6.4959,6.1042,6.287,0.0131,0.21,1.89,66045829.69,,,51.0728,4.7725,7.7907,-650.8954,5443416243,,,,,,,
2013-08-27,894187,6.2239,6.3958,6.2239,6.3827,0.0957,1.52,0.75,25903406.55,,,51.8507,4.8451,7.9093,-660.8087,5526320471,,,,,,,
2013-08-28,927431,6.3131,6.5285,6.213,6.3501,-0.0326,-0.51,0.77,27324776.16,,,51.5855,4.8204,7.8689,-657.4292,5498057666,,,,,,,
2013-08-29,679701,6.3762,6.4415,6.1172,6.1521,-0.198,-3.12,0.57,19376353.73,,,49.9768,4.67,7.6235,-636.9267,5326596649,,,,,,,
2013-08-30,845601,6.1586,6.2086,5.941,5.9845,-0.1676,-2.72,0.71,23551863.34,,,48.6155,4.5428,7.4158,-619.5785,5181514250,,,,,,,
2013-09-02,666969,5.9301,6.3327,5.8953,6.3327,0.3482,5.82,0.56,18795713.14,,,51.4441,4.8071,7.8473,-655.6267,5482984170,,,,,,,
2013-09-03,1176190,6.337,6.3849,5.941,6.1608,-0.1719,-2.71,0.98,32985960.07,,,50.0475,4.6766,7.6343,-637.8279,5334133397,,,,,,,
2013-09-04,1372752,6.1042,6.4175,5.9279,6.2587,0.0979,1.59,1.15,38800621.72,,,50.843,4.751,7.7556,-647.9665,5418921812,,,,,,,
2013-09-05,829553,6.2565,6.2565,6.0389,6.0715,-0.1872,-2.99,0.69,23238008.31,,,49.3227,4.6089,7.5237,-628.5906,5256881730,,,,,,,
2013-09-06,618493,6.0084,6.1499,5.9954,6.0781,0.0066,0.11,0.52,17313046.52,,,49.3757,4.6139,7.5318,-629.2665,5262534291,,,,,,,
2013-09-09,709724,6.0324,6.1259,5.9627,6.065,-0.0131,-0.22,0.59,19696291.09,,,49.2696,4.604,7.5156,-627.9147,5251229169,,,,,,,
2013-09-10,1411440,6.0389,6.2413,5.978,5.9845,-0.0805,-1.33,1.18,39671967.64,,,48.6155,4.5428,7.4158,-619.5785,5181514250,,,,,,,
2013-09-11,2153056,5.9845,6.0258,5.6581,5.6994,-0.2851,-4.76,1.8,56876227.12,,,46.2997,4.3264,7.0626,-590.0641,4934685753,,,,,,,
2013-09-12,1267722,5.6755,5.7821,5.5732,5.6776,-0.0218,-0.38,1.06,32990180.29,,,46.1229,4.3099,7.0356,-587.8111,4915843883,,,,,,,
2013-09-13,599565,5.7669,5.8866,5.6581,5.843,0.1654,2.91,0.5,15929521.8,,,47.4665,4.4355,7.2405,-604.934,5059042095,,,,,,,
2013-09-16,1078984,5.8322,5.9867,5.769,5.88,0.037,0.63,0.9,29211888.74,,,47.767,4.4635,7.2864,-608.7641,5091073274,,,,,,,
2013-09-17,1477718,5.8322,6.0824,5.8322,5.8757,-0.0043,-0.07,1.23,40366864.14,,,47.7316,4.4602,7.281,-608.3135,5087304900,,,,,,,
2013-09-18,1226159,5.8996,6.1586,5.8996,6.1564,0.2807,4.78,1.02,34208151.75,,,50.0121,4.6733,7.6289,-637.3773,5330365023,,,,,,,
2013-09-23,872779,6.0933,6.2543,6.0302,6.2239,0.0675,1.1,0.73,24601939.12,,,50.5602,4.7245,7.7125,-644.3617,5388774820,,,,,,,
2013-09-24,958181,6.1499,6.2565,6.0933,6.226,0.0021,0.03,0.8,27226867.3,,,50.5779,4.7262,7.7152,-644.587,5390659007,,,,,,,
2013-09-25,1028377,6.1978,6.2043,6.0019,6.0258,-0.2002,-3.22,0.85,28792399.3,,,48.9514,4.5742,7.4671,-623.8593,5217313803,,,,,,,
2013-09-26,1286302,5.9431,6.0824,5.8234,6.0193,-0.0065,-0.11,1.06,35036921.69,,,48.8984,4.5693,7.459,-623.1834,5211661242,,,,,,,
2013-09-27,528587,5.9301,6.0715,5.9083,5.9714,-0.0479,-0.8,0.44,14448553.07,,,48.5095,4.5329,7.3996,-618.2267,5170209128,,,,,,,
2013-09-30,892345,5.9714,5.9823,5.8104,5.8539,-0.1175,-1.97,0.74,23991977.39,,,46.2397,4.2969,6.918,-168.2396,5068463030,,,,,,,
2013-10-08,939290,5.8779,6.0476,5.8147,6.028,0.1741,2.97,0.78,25693615.57,,,47.6149,4.4247,7.1237,-173.243,5219197990,,,,,,,
2013-10-09,1021412,6.028,6.0519,5.8779,6.0389,0.0109,0.18,0.84,27854356.1,,,47.7008,4.4327,7.1366,-173.5557,5228618925,,,,,,,
2013-10-10,1512720,6.0389,6.0389,5.7843,5.8104,-0.2285,-3.78,1.25,40962523.82,,,45.8959,4.265,6.8665,-166.9887,5030779290,,,,,,,
2013-10-11,2034441,5.8169,5.83,5.5493,5.7669,-0.0435,-0.75,1.68,53056731.79,,,45.5521,4.2331,6.8151,-165.7379,4993095550,,,,,,,
2013-10-14,1068376,5.7516,5.7647,5.5971,5.6864,-0.0805,-1.4,0.88,27910593.41,,,44.9161,4.1739,6.7199,-163.4238,4923380631,,,,,,,
2013-10-15,5424348,5.7016,5.7364,5.3099,5.4078,-0.2786,-4.9,4.48,135793768.61,,,42.7159,3.9695,6.3908,-155.4183,4682204695,,,,,,,
2013-10-16,2165394,5.3969,5.3969,5.2446,5.3208,-0.087,-1.61,1.79,52756661.39,,,42.0283,3.9056,6.2879,-152.9166,4606837215,,,,,,,
2013-10-17,2435460,5.3512,5.3752,5.2359,5.3012,-0.0196,-0.37,2.01,59519484.97,,,41.8736,3.8912,6.2648,-152.3538,4589879532,,,,,,,
2013-10-18,2238684,5.2838,5.3251,5.0727,5.1488,-0.1524,-2.87,1.85,53415486.26,,,40.6703,3.7794,6.0847,-147.9758,4457986442,,,,,,,
2013-10-21,2560792,5.151,5.571,5.1467,5.4948,0.346,6.72,2.11,63659367.43,,,43.4034,4.0334,6.4936,-157.92,4757572175,,,,,,,
2013-10-22,2245500,5.5057,5.7451,5.5057,5.6494,0.1546,2.81,1.85,58262593.77,,,44.6239,4.1468,6.6762,-162.3606,4891349452,,,,,,,
2013-10-23,1992098,5.6689,5.7016,5.4426,5.571,-0.0784,-1.39,1.65,51373493.49,,,44.0051,4.0893,6.5836,-160.109,4823518720,,,,,,,
2013-10-24,707572,5.5166,5.6994,5.5166,5.6319,0.0609,1.09,0.58,18322374.98,,,44.4864,4.134,6.6557,-161.8602,4876275956,,,,,,,
2013-10-25,971593,5.6341,5.7081,5.5493,5.5819,-0.05,-0.89,0.8,24995776.43,,,44.091,4.0973,6.5965,-160.4218,4832939655,,,,,,,
2013-10-28,1173086,5.6037,5.756,5.5536,5.756,0.1741,3.12,0.97,30703838.33,,,45.4662,4.2251,6.8022,-165.4252,4983674615,,,,,,,
2013-10-29,1278863,5.6951,5.7821,5.1924,5.5536,-0.2024,-3.52,1.06,32441280.34,,,43.8675,4.0765,6.5631,-159.6087,4808445224,,,,,,,
2013-10-30,628623,5.5536,5.6276,5.46,5.6145,0.0609,1.1,0.52,16007112.52,,,44.3489,4.1212,6.6351,-161.3599,4861202460,,,,,,,
2013-10-31,747537,5.5297,5.5688,5.2228,5.2925,-0.322,-5.74,0.62,18694617.52,,,41.8048,3.8848,6.2545,-152.1036,4582342784,,,,,,,
2013-11-01,483366,5.2859,5.3752,5.2272,5.2359,-0.0566,-1.07,0.4,11785137.2,,,41.3579,3.8433,6.1876,-150.4775,4533353922,,,,,,,
2013-11-04,818855,5.2359,5.3208,5.0748,5.1924,-0.0435,-0.83,0.68,19537550.59,,,41.0141,3.8113,6.1362,-149.2266,4495670182,,,,,,,
2013-11-05,387841,5.2011,5.2642,5.1358,5.2228,0.0304,0.59,0.32,9268799.78,,,41.2547,3.8337,6.1722,-150.1022,4522048800,,,,,,,
2013-11-06,479411,5.2185,5.2663,5.101,5.1858,-0.037,-0.71,0.4,11414196.78,,,40.9625,3.8066,6.1284,-149.039,4490017621,,,,,,,
2013-11-07,746301,5.1706,5.1706,4.9791,4.9878,-0.198,-3.82,0.62,17253813.29,,,39.3983,3.6612,5.8944,-143.3476,4318556604,,,,,,,
2013-11-08,384245,4.953,5.0291,4.8681,5.0052,0.0174,0.35,0.32,8784234.83,,,39.5358,3.674,5.915,-143.848,4333630100,,,,,,,
2013-11-11,501134,5.0052,5.1249,4.8572,5.114,0.1088,2.17,0.41,11519386.61,,,40.3953,3.7538,6.0436,-146.9751,4427839450,,,,,,,
2013-11-12,1036249,5.114,5.3643,5.0335,5.2642,0.1502,2.94,0.86,25107286.34,,,41.5813,3.8641,6.221,-151.2905,4557848353,,,,,,,
2013-11-13,396685,5.2533,5.3251,5.1162,5.2446,-0.0196,-0.37,0.33,9592630.19,,,41.4266,3.8497,6.1979,-150.7277,4540890670,,,,,,,
2013-11-14,521367,5.2228,5.4513,5.1902,5.4165,0.1719,3.28,0.43,12825918.41,,,42.7846,3.9759,6.4011,-155.6685,4689741443,,,,,,,
2013-11-15,983775,5.4143,5.4992,5.3556,5.3599,-0.0566,-1.04,0.81,24535270.32,,,42.3377,3.9343,6.3342,-154.0424,4640752581,,,,,,,
2013-11-18,1352427,5.386,5.3947,5.1445,5.2402,-0.1197,-2.23,1.12,32381995.36,,,41.3923,3.8465,6.1927,-150.6026,4537122296,,,,,,,
2013-11-19,721021,5.2206,5.2206,5.0596,5.1184,-0.1218,-2.32,0.6,17007163.98,,,40.4297,3.757,6.0487,-147.1002,4431607824,,,,,,,
2013-11-20,812893,5.0988,5.2119,5.0923,5.2054,0.087,1.7,0.67,19270133.82,,,41.1172,3.8209,6.1516,-149.6019,4506975304,,,,,,,
2013-11-21,496755,5.2206,5.2206,5.0879,5.0944,-0.111,-2.13,0.41,11693077.31,,,40.2406,3.7395,6.0204,-146.4122,4410881767,,,,,,,
2013-11-22,545144,5.0944,5.1401,5.0335,5.0444,-0.05,-0.98,0.45,12727417.41,,,39.8452,3.7027,5.9613,-144.9737,4367545466,,,,,,,
2013-11-25,797008,5.0444,5.1358,4.9726,5.0466,0.0022,0.04,0.66,18587642.65,,,39.8624,3.7043,5.9639,-145.0363,4369429653,,,,,,,
2013-11-26,646735,5.1227,5.1227,4.9965,5.0052,-0.0414,-0.82,0.53,14916113.83,,,39.5358,3.674,5.915,-143.848,4333630100,,,,,,,
2013-11-27,692949,5.0074,5.1031,4.9617,5.0814,0.0762,1.52,0.57,15980313.01,,,40.1374,3.7299,6.005,-146.037,4399576645,,,,,,,
2013-11-28,1115523,5.1031,5.2032,5.0618,5.1967,0.1153,2.27,0.92,26230707.02,,,41.0485,3.8145,6.1413,-149.3517,4499438556,,,,,,,
2013-11-29,1321701,5.1967,5.3251,5.1684,5.2598,0.0631,1.21,1.09,31986300.8,,,41.547,3.8609,6.2159,-151.1654,4554079979,,,,,,,
2013-12-02,1688872,5.0705,5.0705,4.7332,4.7332,-0.5266,-10.01,1.39,37827149.1,,,37.3871,3.4743,5.5935,-136.0301,4098106725,,,,,,,
2013-12-03,1681759,4.6962,5.0705,4.681,4.9682,0.235,4.96,1.39,38086279.39,,,39.2436,3.6468,5.8713,-142.7847,4301598921,,,,,,,
2013-12-04,1164016,4.9421,5.1118,4.9421,5.0487,0.0805,1.62,0.96,27158958.69,,,39.8796,3.7059,5.9664,-145.0988,4371313840,,,,,,,
2013-12-05,871356,5.1292,5.1749,5.0139,5.1749,0.1262,2.5,0.72,20396435.18,,,40.8766,3.7986,6.1156,-148.7263,4480596686,,,,,,,
2013-12-06,868268,5.1532,5.2228,5.0792,5.1532,-0.0217,-0.42,0.72,20597210.97,,,40.7047,3.7826,6.0899,-148.1009,4461754816,,,,,,,
2013-12-09,708479,5.0661,5.2337,5.0661,5.2337,0.0805,1.56,0.59,16745038.77,,,41.3407,3.8417,6.185,-150.4149,4531469735,,,,,,,
2013-12-10,1040120,5.2163,5.447,5.1706,5.41,0.1763,3.37,0.86,25615663.24,,,42.733,3.9711,6.3933,-155.4809,4684088882,,,,,,,
2013-12-11,808436,5.3969,5.4818,5.3599,5.4731,0.0631,1.17,0.67,20162924.92,,,43.2315,4.0174,6.4679,-157.2946,4738730305,,,,,,,
2013-12-12,519109,5.4731,5.5493,5.4034,5.4622,-0.0109,-0.2,0.43,13020352.61,,,43.1456,4.0094,6.4551,-156.9819,4729309370,,,,,,,
2013-12-13,440143,5.4209,5.4948,5.3752,5.4448,-0.0174,-0.32,0.36,10989263.42,,,43.0081,3.9966,6.4345,-156.4816,4714235874,,,,,,,
2013-12-16,994286,5.484,5.5493,5.46,5.5275,0.0827,1.52,0.82,25234892.64,,,43.6613,4.0573,6.5322,-158.8582,4785834980,,,,,,,
2013-12-17,419633,5.571,5.571,5.4796,5.5188,-0.0087,-0.16,0.35,10652763.58,,,43.5925,4.051,6.5219,-158.608,4778298232,,,,,,,
2013-12-18,1172649,5.5449,5.8017,5.5144,5.6646,0.1458,2.64,0.97,30609309.15,,,44.7442,4.158,6.6942,-162.7984,4904538761,,,,,,,
2013-12-19,667232,5.6407,5.8539,5.6407,5.6994,0.0348,0.61,0.55,17713380.21,,,45.0192,4.1835,6.7354,-163.7991,4934685753,,,,,,,
2013-12-20,696894,5.7233,5.7277,5.5079,5.7277,0.0283,0.5,0.58,18106085.07,,,45.2427,4.2043,6.7688,-164.6121,4959180184,,,,,,,
2013-12-23,1219799,5.6624,5.954,5.571,5.6037,-0.124,-2.16,1.01,32273666.02,,,44.2629,4.1132,6.6222,-161.0472,4851781525,,,,,,,
2013-12-24,1524678,5.5166,5.6145,5.4143,5.6058,0.0021,0.04,1.26,38594649.14,,,44.2801,4.1148,6.6248,-161.1097,4853665712,,,,,,,
2013-12-25,2028449,5.6537,6.0389,5.6276,5.9366,0.3308,5.9,1.68,54847836.49,,,46.8929,4.3576,7.0157,-170.6162,5140062136,,,,,,,
2013-12-26,672629,5.8866,5.941,5.7299,5.7669,-0.1697,-2.86,0.56,17951727.58,,,45.5521,4.2331,6.8151,-165.7379,4993095550,,,,,,,
2013-12-27,592255,5.7712,5.867,5.7059,5.7451,-0.0218,-0.38,0.49,15744292.28,,,45.3802,4.2171,6.7894,-165.1124,4974253680,,,,,,,
2013-12-30,784570,5.793,5.9736,5.7669,5.8583,0.1132,1.97,0.65,21198409.48,,,46.2741,4.3001,6.9231,-168.3647,5072231404,,,,,,,
2013-12-31,868470,5.8517,5.9845,5.756,5.769,-0.0893,-1.52,0.72,23231141.04,,,43.3656,4.0632,7.0897,-327.6601,4994979737,,,,,,,
2014-01-02,1632556,5.8322,6.1521,5.769,6.0607,0.2917,5.06,1.35,45257061.31,,,45.5576,4.2686,7.448,-344.2223,5247460795,,,,,,,
2014-01-03,957956,6.0585,6.2217,6.0237,6.1999,0.1392,2.3,0.79,26938357.34,,,46.6046,4.3667,7.6192,-352.1326,5368048763,,,,,,,
2014-01-06,631660,6.1803,6.2239,5.9649,6.0824,-0.1175,-1.9,0.52,17781381.76,,,45.7212,4.2839,7.4748,-345.4583,5266302665,,,,,,,
2014-01-07,437152,6.0389,6.1042,5.9932,6.0454,-0.037,-0.61,0.36,12160194.81,,,45.4431,4.2579,7.4293,-343.3571,5234271486,,,,,,,
2014-01-08,1554998,6.0933,6.25,6.0498,6.25,0.2046,3.38,1.28,44042462.67,,,46.9808,4.4019,7.6807,-354.9754,5411385064,,,,,,,
2014-01-09,1100169,6.25,6.324,6.0258,6.0432,-0.2068,-3.31,0.91,31451127.97,,,45.4268,4.2563,7.4266,-343.2335,5232387299,,,,,,,
2014-01-10,1216198,6.0498,6.1368,5.7625,5.9388,-0.1044,-1.73,1,33068822.59,,,44.6416,4.1828,7.2983,-337.3008,5141946323,,,,,,,
2014-01-13,2502254,5.8539,5.941,5.6167,5.7669,-0.1719,-2.89,2.07,66139118.21,,,43.3493,4.0617,7.087,-327.5365,4993095550,,,,,,,
2014-01-14,1507665,5.6689,5.9845,5.6689,5.9214,0.1545,2.68,1.25,40577086.01,,,44.5107,4.1705,7.2769,-336.312,5126872827,,,,,,,
2014-01-15,1471847,5.8779,6.3109,5.8779,6.3066,0.3852,6.51,1.22,41619852.3,,,47.4061,4.4418,7.7502,-358.1889,5460373926,,,,,,,
2014-01-16,838423,6.2957,6.3718,6.0955,6.2522,-0.0544,-0.86,0.69,23937286.19,,,46.9972,4.4035,7.6834,-355.099,5413269251,,,,,,,
2014-01-17,1172181,6.1803,6.25,6.0955,6.2021,-0.0501,-0.8,0.97,33147700.92,,,46.6209,4.3682,7.6219,-352.2562,5369932950,,,,,,,
2014-01-20,962359,6.1869,6.3283,6.0062,6.2565,0.0544,0.88,0.79,27236846.21,,,47.0299,4.4065,7.6887,-355.3462,5417037625,,,,,,,
2014-01-21,705858,6.1934,6.3066,6.1564,6.1803,-0.0762,-1.22,0.58,20266213.48,,,46.4573,4.3529,7.5951,-351.0202,5351091080,,,,,,,
2014-01-22,1459392,6.176,6.2674,5.9236,6.2652,0.0849,1.37,1.21,40891739.69,,,47.0953,4.4127,7.6994,-355.8406,5424574373,,,,,,,
2014-01-23,1798709,6.189,6.2609,6.0019,6.0933,-0.1719,-2.74,1.49,50312169.14,,,45.803,4.2916,7.4882,-346.0763,5275723600,,,,,,,
2014-01-24,1726859,6.0519,6.5111,5.9823,6.4197,0.3264,5.36,1.43,49972082.12,,,48.2567,4.5215,7.8893,-364.6161,5558351650,,,,,,,
2014-01-27,1001369,6.3653,6.4415,6.2043,6.3544,-0.0653,-1.02,0.83,29198407.58,,,47.766,4.4755,7.8091,-360.9081,5501826040,,,,,,,
2014-01-28,1699970,6.3174,6.3218,5.8887,6.065,-0.2894,-4.55,1.4,47776125.04,,,45.5903,4.2716,7.4534,-344.4695,5251229169,,,,,,,
2014-01-29,950825,6.0454,6.1433,5.9018,6.0868,0.0218,0.36,0.79,26417392.8,,,45.7539,4.287,7.4801,-345.7055,5270071039,,,,,,,
2014-01-30,1030188,6.0302,6.3501,5.9888,6.2456,0.1588,2.61,0.85,29415315.8,,,46.9481,4.3989,7.6754,-354.7282,5407616690,,,,,,,
2014-02-07,1023556,6.2652,6.374,6.0715,6.1782,-0.0674,-1.08,0.85,28953583.7,,,46.441,4.3514,7.5925,-350.8966,5349206893,,,,,,,
2014-02-10,1989860,6.1542,6.2391,5.9845,6.0498,-0.1284,-2.08,1.64,55519438.14,,,45.4758,4.2609,7.4347,-343.6043,5238039860,,,,,,,
2014-02-11,2981281,6.0628,6.0933,5.8343,5.9323,-0.1175,-1.94,2.46,81504078.22,,,44.5925,4.1782,7.2903,-336.93,5136293762,,,,,,,
2014-02-12,1353531,5.9323,6.0432,5.8996,6.0389,0.1066,1.8,1.12,37194559.45,,,45.394,4.2533,7.4213,-342.9863,5228618925,,,,,,,
2014-02-13,1145077,6.0389,6.0715,5.8757,5.8931,-0.1458,-2.41,0.95,31435418.44,,,44.298,4.1506,7.2421,-334.7052,5102378396,,,,,,,
2014-02-14,1133331,5.88,5.9671,5.88,5.9605,0.0674,1.14,0.94,30958174.02,,,44.8052,4.1981,7.325,-338.5367,5160788193,,,,,,,
2014-02-17,2206263,6.015,6.015,5.8104,5.9344,-0.0261,-0.44,1.82,59897636.13,,,44.6089,4.1797,7.2929,-337.0536,5138177949,,,,,,,
2014-02-18,1600485,5.8974,5.9867,5.8757,5.941,0.0066,0.11,1.32,43608915.64,,,44.6579,4.1843,7.301,-337.4244,5143830510,,,,,,,
2014-02-19,2431507,5.9388,6.1477,5.904,6.1477,0.2067,3.48,2.01,67311309.39,,,46.212,4.3299,7.555,-349.1662,5322828275,,,,,,,
2014-02-20,2006407,6.1433,6.2239,6.0498,6.1499,0.0022,0.04,1.66,56746319.61,,,46.2283,4.3314,7.5577,-349.2898,5324712462,,,,,,,
2014-02-21,1642574,6.1477,6.1586,5.8322,5.8713,-0.2786,-4.53,1.36,44708576.98,,,44.1345,4.1352,7.2154,-333.4692,5083536526,,,,,,,
2014-02-24,2366284,5.8147,5.8169,5.595,5.719,-0.1523,-2.59,1.95,61864909.36,,,42.9894,4.0279,7.0282,-324.8173,4951643436,,,,,,,
2014-02-25,2246580,5.7168,5.7756,5.2707,5.3577,-0.3613,-6.32,1.86,58355523.96,,,40.2739,3.7735,6.5842,-304.2999,4638868394,,,,,,,
2014-02-26,2711471,5.3643,5.4143,5.1488,5.2555,-0.1022,-1.91,2.24,65231359.74,,,39.5051,3.7015,6.4585,-298.4908,4550311605,,,,,,,
2014-02-27,2638787,5.2772,5.4122,5.0683,5.1793,-0.0762,-1.45,2.18,64095202.21,,,38.9326,3.6478,6.3649,-294.1648,4484365060,,,,,,,
2014-02-28,1435575,5.1053,5.2772,5.0183,5.1749,-0.0044,-0.08,1.19,33954134.94,,,38.8998,3.6448,6.3596,-293.9176,4480596686,,,,,,,
2014-03-03,793425,5.1793,5.3382,5.1575,5.3316,0.1567,3.03,0.66,19309431.69,,,40.0776,3.7551,6.5521,-302.8167,4616258150,,,,,,,
2014-03-04,1738701,5.3077,5.484,5.1358,5.151,-0.1806,-3.39,1.44,42025249.38,,,38.7199,3.6279,6.3302,-292.558,4459870629,,,,,,,
2014-03-05,666728,5.1662,5.2424,5.0879,5.1118,-0.0392,-0.76,0.55,15780319.18,,,38.4254,3.6003,6.282,-290.3333,4425955263,,,,,,,
2014-03-06,966132,5.0923,5.1358,4.9203,5.1336,0.0218,0.43,0.8,22370402.03,,,38.589,3.6157,6.3088,-291.5693,4444797133,,,,,,,
2014-03-07,1099119,5.114,5.1837,4.9856,5.003,-0.1306,-2.54,0.91,25613857.61,,,37.6075,3.5237,6.1483,-284.1533,4331745913,,,,,,,
2014-03-10,739327,5.0052,5.0378,4.953,5.0052,0.0022,0.04,0.61,16997566.18,,,37.6239,3.5252,6.151,-284.2769,4333630100,,,,,,,
2014-03-11,807006,4.9508,5.1031,4.8725,5.0248,0.0196,0.39,0.67,18586345.55,,,37.7711,3.539,6.1751,-285.3893,4350587783,,,,,,,
2014-03-12,579362,5.027,5.0923,4.9682,5.0923,0.0675,1.34,0.48,13365327.9,,,38.2782,3.5865,6.258,-289.2209,4408997580,,,,,,,
2014-03-13,655550,5.151,5.1771,5.027,5.0966,0.0043,0.08,0.54,15369242.57,,,38.3109,3.5896,6.2633,-289.4681,4412765954,,,,,,,
2014-03-14,887162,5.0944,5.0944,4.9943,5.0226,-0.074,-1.45,0.73,20453778.8,,,37.7548,3.5375,6.1724,-285.2657,4348703596,,,,,,,
2014-03-17,943820,5.0226,5.2642,5.0226,5.2533,0.2307,4.59,0.78,22498851.7,,,39.4887,3.7,6.4559,-298.3672,4548427418,,,,,,,
2014-03-18,1049788,5.2663,5.3643,5.225,5.2772,0.0239,0.45,0.87,25638643.32,,,39.6687,3.7168,6.4853,-299.7268,4569153475,,,,,,,
2014-03-19,1294139,5.2402,5.4535,5.2315,5.4383,0.1611,3.05,1.07,32162013.05,,,40.8792,3.8302,6.6832,-308.8731,4708583313,,,,,,,
2014-03-20,940067,5.3752,5.5297,5.2228,5.2642,-0.1741,-3.2,0.78,23290850.32,,,39.5705,3.7076,6.4692,-298.9852,4557848353,,,,,,,
2014-03-21,1279657,5.2402,5.3295,5.0487,5.2751,0.0109,0.21,1.06,30455986.47,,,39.6523,3.7153,6.4826,-299.6032,4567269288,,,,,,,
2014-03-24,691125,5.2663,5.4339,5.225,5.2794,0.0043,0.08,0.57,16904919.45,,,39.685,3.7183,6.488,-299.8504,4571037662,,,,,,,
2014-03-25,672386,5.2751,5.3099,5.1162,5.1467,-0.1327,-2.51,0.56,16158018.88,,,38.6872,3.6248,6.3248,-292.3108,4456102255,,,,,,,
2014-03-26,670963,5.1749,5.2729,5.1118,5.114,-0.0327,-0.64,0.55,15968530.53,,,38.4418,3.6019,6.2847,-290.4569,4427839450,,,,,,,
2014-03-27,928581,5.1031,5.1467,4.9356,4.9356,-0.1784,-3.49,0.77,21443181.74,,,37.1004,3.4762,6.0654,-280.3218,4273336116,,,,,,,
2014-03-28,1049796,4.916,4.9747,4.7114,4.7724,-0.1632,-3.31,0.87,23506965.87,,,35.8736,3.3612,5.8648,-271.0519,4132022091,,,,,,,
2014-03-31,638507,4.7876,4.8463,4.7267,4.8115,0.0391,0.82,0.53,14042566.8,,,35.8617,3.3236,5.7657,-448.0332,4165937457,,,,,,,
2014-04-01,1040342,4.7528,4.8181,4.6788,4.7767,-0.0348,-0.72,0.86,22731279.39,,,35.6022,3.2995,5.724,-444.791,4135790465,,,,,,,
2014-04-02,1082932,4.7571,4.8681,4.7571,4.7789,0.0022,0.05,0.89,23967102.25,,,35.6184,3.301,5.7266,-444.9936,4137674652,,,,,,,
2014-04-03,761710,4.7854,4.8659,4.7506,4.8028,0.0239,0.5,0.63,16844453.86,,,35.7968,3.3175,5.7553,-447.2226,4158400709,,,,,,,
2014-04-04,779884,4.805,4.9617,4.7506,4.9443,0.1415,2.95,0.64,17528458.69,,,36.8511,3.4153,5.9248,-460.3941,4280872864,,,,,,,
2014-04-08,808826,4.8964,4.9834,4.8964,4.9399,-0.0044,-0.09,0.67,18357390.8,,,36.8187,3.4122,5.9196,-459.9888,4277104490,,,,,,,
2014-04-09,1270782,4.9813,5.0705,4.9334,4.9987,0.0588,1.19,1.05,29272170.16,,,37.2566,3.4528,5.99,-465.4601,4327977539,,,,,,,
2014-04-10,1130086,4.9987,5.0052,4.879,4.892,-0.1067,-2.13,0.93,25666156.46,,,36.4618,3.3792,5.8622,-455.5308,4235652376,,,,,,,
2014-04-11,1329205,4.8942,5.1793,4.8181,5.1358,0.2438,4.98,1.1,30700948.75,,,38.2784,3.5475,6.1543,-478.2263,4446681320,,,,,,,
2014-04-14,1161490,5.1097,5.3164,5.0792,5.3099,0.1741,3.39,0.96,27663866.72,,,39.576,3.6678,6.3629,-494.4373,4597416280,,,,,,,
2014-04-15,2387056,5.2881,5.4426,5.2881,5.3316,0.0217,0.41,1.97,59096341.29,,,39.7382,3.6828,6.3889,-496.4637,4616258150,,,,,,,
2014-04-16,1548228,5.2685,5.3686,5.1597,5.2402,-0.0914,-1.71,1.28,37390828.09,,,39.057,3.6197,6.2794,-487.9529,4537122296,,,,,,,
2014-04-17,2279819,5.3055,5.5601,5.2011,5.5601,0.3199,6.1,1.88,57420493.24,,,41.4413,3.8407,6.6628,-517.7407,4814097785,,,,,,,
2014-04-18,3628158,5.5601,5.83,5.5601,5.7777,0.2176,3.91,3,95598737.09,,,43.0632,3.991,6.9235,-538.0046,5002516485,,,,,,,
2014-04-21,1443000,5.7364,5.8322,5.7103,5.7799,0.0022,0.04,1.19,38310581.53,,,43.0795,3.9925,6.9261,-538.2072,5004400672,,,,,,,
2014-04-22,3321068,5.7277,5.7734,5.4774,5.5384,-0.2415,-4.18,2.74,85029674.57,,,41.2791,3.8256,6.6367,-515.7143,4795255915,,,,,,,
2014-04-23,1990353,5.5057,5.7625,5.4404,5.5318,-0.0066,-0.12,1.64,51289180.88,,,41.2304,3.8211,6.6289,-515.1064,4789603354,,,,,,,
2014-04-24,1477148,5.5493,5.6472,5.3969,5.4165,-0.1153,-2.08,1.22,37463243.43,,,40.3708,3.7414,6.4907,-504.3666,4689741443,,,,,,,
2014-04-25,426822,5.3991,5.5057,5.2925,5.3316,-0.0849,-1.57,0.35,10584013.81,,,39.7382,3.6828,6.3889,-496.4637,4616258150,,,,,,,
2014-04-28,1433115,5.3251,5.3273,4.8529,5.1641,-0.1675,-3.14,1.18,33558921.05,,,38.4893,3.5671,6.1882,-480.8606,4471175751,,,,,,,
2014-04-29,783804,5.114,5.1945,5.0313,5.1271,-0.037,-0.72,0.65,18349773.81,,,38.2136,3.5415,6.1438,-477.4157,4439144572,,,,,,,
2014-04-30,968288,5.1749,5.5297,5.1597,5.5297,0.4026,7.85,0.8,23984647.5,,,41.2142,3.8196,6.6263,-514.9038,4787719167,,,,,,,
2014-05-05,1053908,5.4905,5.6341,5.349,5.4579,-0.0718,-1.3,0.87,26480062.82,,,40.679,3.77,6.5402,-508.2167,4725540996,,,,,,,
2014-05-06,2176711,5.46,5.806,5.3556,5.6537,0.1958,3.59,1.8,56314598.06,,,42.1387,3.9053,6.7749,-526.4542,4895117826,,,,,,,
2014-05-07,902472,5.6167,5.7255,5.5514,5.6428,-0.0109,-0.19,0.75,23360674.94,,,42.0576,3.8978,6.7619,-525.441,4885696891,,,,,,,
2014-05-08,1067469,5.6428,5.6994,5.534,5.5928,-0.05,-0.89,0.88,27496705.16,,,41.6846,3.8632,6.7019,-520.7803,4842360590,,,,,,,
2014-05-09,1578415,5.5928,5.6494,5.1967,5.3817,-0.2111,-3.77,1.3,38931500.12,,,40.1113,3.7174,6.4489,-501.1244,4659594451,,,,,,,
2014-05-12,1175984,5.4426,5.4579,5.2315,5.3338,-0.0479,-0.89,0.97,28753880.98,,,39.7544,3.6843,6.3916,-496.6664,4618142337,,,,,,,
2014-05-13,931380,5.3077,5.4927,5.3077,5.3099,-0.0239,-0.45,0.77,23051680.71,,,39.576,3.6678,6.3629,-494.4373,4597416280,,,,,,,
2014-05-14,1539936,5.2881,5.5057,5.114,5.4818,0.1719,3.24,1.27,37520622.55,,,40.8574,3.7865,6.5689,-510.4458,4746267053,,,,,,,
2014-05-15,1163011,5.4426,5.5819,5.4013,5.5384,0.0566,1.03,0.96,29303281.32,,,41.2791,3.8256,6.6367,-515.7143,4795255915,,,,,,,
2014-05-16,1497246,5.5427,5.5427,5.3316,5.4383,-0.1001,-1.81,1.24,37205477.48,,,40.533,3.7565,6.5167,-506.393,4708583313,,,,,,,
2014-05-19,1005134,5.3752,5.4513,5.3621,5.3969,-0.0414,-0.76,0.83,25000185.05,,,40.2248,3.7279,6.4672,-502.5429,4672783760,,,,,,,
2014-05-20,1123948,5.3708,5.6254,5.3665,5.484,0.0871,1.61,0.93,28474006.59,,,40.8736,3.788,6.5715,-510.6484,4748151240,,,,,,,
2014-05-21,733138,5.4143,5.5667,5.3991,5.5405,0.0565,1.03,0.61,18479426.32,,,41.2953,3.8271,6.6393,-515.917,4797140102,,,,,,,
2014-05-22,1641388,5.5493,5.6929,5.4666,5.6145,0.074,1.34,1.36,42498706.25,,,41.8468,3.8782,6.728,-522.8067,4861202460,,,,,,,
2014-05-23,1752495,5.5797,5.7125,5.5493,5.7038,0.0893,1.59,1.45,45520520.48,,,42.5118,3.9399,6.8349,-531.1149,4938454127,,,,,,,
2014-05-26,2218005,5.7059,5.8996,5.6994,5.8539,0.1501,2.63,1.83,59461612.43,,,43.6309,4.0436,7.0148,-545.0969,5068463030,,,,,,,
2014-05-27,1008159,5.8343,5.8953,5.7473,5.7952,-0.0587,-1,0.83,26949959.86,,,43.193,4.003,6.9444,-539.6257,5017589981,,,,,,,
2014-05-28,1530373,5.8496,5.9758,5.7625,5.941,0.1458,2.52,1.26,41304659.01,,,44.2797,4.1037,7.1191,-553.2024,5143830510,,,,,,,
2014-05-29,1421972,5.941,5.9801,5.7625,5.8322,-0.1088,-1.83,1.17,38360865.52,,,43.4687,4.0286,6.9887,-543.0705,5049621160,,,,,,,
2014-05-30,1092225,5.7734,5.8322,5.7146,5.7603,-0.0719,-1.23,0.9,28915829.69,,,42.9335,3.979,6.9027,-536.3834,4987442989,,,,,,,
2014-06-03,795194,5.7886,5.8626,5.6624,5.6624,-0.0979,-1.7,0.66,21096389.92,,,42.2036,3.9113,6.7853,-527.2647,4902654574,,,,,,,
2014-06-04,937613,5.6602,5.8561,5.5928,5.7233,0.0609,1.08,0.77,24461957.82,,,42.6578,3.9534,6.8583,-532.9386,4955411810,,,,,,,
2014-06-05,819232,5.7212,5.7821,5.6689,5.7212,-0.0021,-0.04,0.68,21524822.23,,,42.6415,3.9519,6.8557,-532.736,4953527623,,,,,,,
2014-06-06,766423,5.7625,5.7669,5.6124,5.7081,-0.0131,-0.23,0.63,20143549.72,,,42.5442,3.9429,6.8401,-531.5201,4942222501,,,,,,,
2014-06-09,1830257,5.8213,6.1651,5.769,5.8278,0.1197,2.1,1.51,49791236.29,,,43.4363,4.0256,6.9835,-542.6652,5045852786,,,,,,,
2014-06-10,1291054,5.8213,5.9344,5.8104,5.8713,0.0435,0.75,1.07,34842159.77,,,43.7607,4.0556,7.0357,-546.718,5083536526,,,,,,,
2014-06-11,1312594,5.9279,6.102,5.9061,6.0258,0.1545,2.63,1.08,36410581.57,,,44.9123,4.1623,7.2208,-561.1053,5217313803,,,,,,,
2014-06-12,1081783,5.9888,6.0715,5.9236,6.015,-0.0108,-0.18,0.89,29767656.15,,,44.8312,4.1548,7.2078,-560.0921,5207892868,,,,,,,
2014-06-13,1016021,6.015,6.1346,5.9192,5.9627,-0.0523,-0.87,0.84,27976554.23,,,44.4419,4.1187,7.1452,-555.2288,5162672380,,,,,,,
2014-06-16,1178035,5.9366,6.0062,5.8452,5.8887,-0.074,-1.24,0.97,31884547.13,,,43.8904,4.0676,7.0565,-548.3391,5098610022,,,,,,,
2014-06-17,1309863,5.8953,5.8953,5.7995,5.8735,-0.0152,-0.26,1.08,35258418.25,,,43.7769,4.0571,7.0383,-546.9206,5085420713,,,,,,,
2014-06-18,818086,5.9148,5.941,5.7625,5.8691,-0.0044,-0.07,0.68,22013545.77,,,43.7445,4.0541,7.0331,-546.5154,5081652339,,,,,,,
2014-06-19,1364570,5.8953,5.9605,5.7125,5.7408,-0.1283,-2.19,1.13,36788292.56,,,42.7875,3.9654,6.8792,-534.5597,4970485306,,,,,,,
2014-06-20,1363595,5.7451,5.7625,5.5405,5.6755,-0.0653,-1.14,1.13,35358468.86,,,42.3009,3.9203,6.801,-528.4806,4913959696,,,,,,,
2014-06-23,1444490,5.6972,5.904,5.6341,5.8626,0.1871,3.3,1.19,38643400.88,,,43.6958,4.0496,7.0252,-545.9074,5075999778,,,,,,,
2014-06-24,1586023,5.8974,6.0672,5.843,5.9845,0.1219,2.08,1.31,43551630.07,,,44.6041,4.1338,7.1713,-557.2552,5181514250,,,,,,,
2014-06-25,1077998,5.9823,6.0106,5.8757,5.8996,-0.0849,-1.42,0.89,29469021.7,,,43.9715,4.0752,7.0696,-549.3523,5108030957,,,,,,,
2014-06-26,1156368,5.9605,6.0563,5.8996,6.028,0.1284,2.18,0.96,31882872.24,,,44.9285,4.1638,7.2234,-561.308,5219197990,,,,,,,
2014-06-27,800977,5.9888,6.0585,5.9083,5.941,-0.087,-1.44,0.66,22005880.88,,,44.2797,4.1037,7.1191,-553.2024,5143830510,,,,,,,
2014-06-30,2440493,5.9888,6.1346,5.904,6.1346,0.1936,3.26,2.02,67154398.96,,,45.7761,4.1273,7.6654,-20.9329,5311523153,,,,,,,
2014-07-01,2554460,6.1542,6.2456,6.0041,6.0846,-0.05,-0.82,2.11,71665817.53,,,45.4026,4.0937,7.6029,-20.7621,5268186852,,,,,,,
2014-07-02,2468596,6.0324,6.2043,5.9649,6.1782,0.0936,1.54,2.04,69043939.17,,,46.1009,4.1566,7.7198,-21.0814,5349206893,,,,,,,
2014-07-03,3162860,6.2021,6.4872,6.1042,6.2913,0.1131,1.83,2.61,92194589.97,,,46.9453,4.2328,7.8612,-21.4675,5447184617,,,,,,,
2014-07-04,1865784,6.3457,6.4088,6.2021,6.3653,0.074,1.18,1.54,54007190.63,,,47.4974,4.2825,7.9537,-21.72,5511246975,,,,,,,
2014-07-07,1283355,6.3327,6.3544,6.0933,6.1368,-0.2285,-3.59,1.06,36617350.45,,,45.7924,4.1288,7.6681,-20.9403,5313407340,,,,,,,
2014-07-08,1437919,6.139,6.1912,6.0106,6.1542,0.0174,0.28,1.19,40171083.31,,,45.9223,4.1405,7.6899,-20.9997,5328480836,,,,,,,
2014-07-09,4472496,6.139,6.139,5.7777,5.8017,-0.3525,-5.73,3.69,121584744.45,,,43.2916,3.9033,7.2494,-19.7967,5023242542,,,,,,,
2014-07-10,3912730,5.8104,5.8365,5.5928,5.5928,-0.2089,-3.6,3.23,101871735.78,,,41.7328,3.7628,6.9883,-19.0839,4842360590,,,,,,,
2014-07-11,1945001,5.5928,5.6755,5.5297,5.6428,0.05,0.89,1.61,50104067.98,,,42.1062,3.7965,7.0509,-19.2547,4885696891,,,,,,,
2014-07-14,1546670,5.6559,5.7799,5.5623,5.7734,0.1306,2.31,1.28,40625485.55,,,43.0805,3.8843,7.214,-19.7002,4998748111,,,,,,,
2014-07-15,3088882,5.7756,5.7756,5.4666,5.5471,-0.2263,-3.92,2.55,79020830.4,,,41.3917,3.732,6.9312,-18.9279,4802792663,,,,,,,
2014-07-16,3775773,5.5427,5.5623,5.1902,5.2098,-0.3373,-6.08,3.12,92293380.88,,,38.8748,3.5051,6.5098,-17.777,4510743678,,,,,,,
2014-07-17,1405769,5.2402,5.2881,5.2228,5.262,0.0522,1,1.16,33906021.14,,,39.2645,3.5402,6.575,-17.9552,4555964166,,,,,,,
2014-07-18,2907599,5.2816,5.5536,5.2794,5.4491,0.1871,3.56,2.4,73253152.06,,,40.661,3.6661,6.8089,-18.5938,4718004248,,,,,,,
2014-07-21,1373231,5.5014,5.6037,5.4187,5.5014,0.0523,0.96,1.13,34773016.85,,,41.0507,3.7013,6.8741,-18.772,4763224736,,,,,,,
2014-07-22,981667,5.4383,5.5318,5.4383,5.5079,0.0065,0.12,0.81,24750834.58,,,41.0995,3.7057,6.8823,-18.7943,4768877297,,,,,,,
2014-07-23,2429359,5.4622,5.5275,5.1924,5.2119,-0.296,-5.37,2.01,58863578.41,,,38.891,3.5066,6.5125,-17.7844,4512627865,,,,,,,
2014-07-24,1982516,5.2381,5.2533,5.114,5.1249,-0.087,-1.67,1.64,47183684.58,,,38.2415,3.448,6.4037,-17.4874,4437260385,,,,,,,
2014-07-25,1305552,5.1292,5.2206,5.0487,5.1575,0.0326,0.64,1.08,30878687.07,,,38.4851,3.47,6.4445,-17.5987,4465523190,,,,,,,
2014-07-28,1271354,5.1793,5.3969,5.1793,5.2881,0.1306,2.53,1.05,31004786.26,,,39.4594,3.5578,6.6076,-18.0443,4578574410,,,,,,,
2014-07-29,1323587,5.3469,5.3817,5.2402,5.3273,0.0392,0.74,1.09,32264062.68,,,39.7517,3.5842,6.6566,-18.1779,4612489776,,,,,,,
2014-07-30,1676911,5.386,5.4774,5.336,5.4687,0.1414,2.65,1.38,41763072.46,,,40.8072,3.6793,6.8333,-18.6606,4734961931,,,,,,,
2014-07-31,3567758,5.5471,5.6537,5.5188,5.5275,0.0588,1.08,2.95,91513777.56,,,41.2456,3.7189,6.9068,-18.8611,4785834980,,,,,,,
2014-08-01,4434265,5.5318,5.7886,5.5318,5.6428,0.1153,2.09,3.66,115826675.14,,,42.1062,3.7965,7.0509,-19.2547,4885696891,,,,,,,
2014-08-04,3432499,5.5819,5.6363,5.4861,5.6363,-0.0065,-0.12,2.83,88010892.34,,,42.0575,3.7921,7.0427,-19.2324,4880044330,,,,,,,
2014-08-05,1660874,5.6341,5.6515,5.5493,5.6363,0,0,1.37,42802190.28,,,42.0575,3.7921,7.0427,-19.2324,4880044330,,,,,,,
2014-08-06,2994835,5.6145,5.6145,5.4861,5.5123,-0.124,-2.2,2.47,76140057.97,,,41.1319,3.7086,6.8877,-18.8091,4772645671,,,,,,,
2014-08-07,1269364,5.5079,5.5601,5.4883,5.497,-0.0153,-0.28,1.05,32168560,,,41.0183,3.6984,6.8687,-18.7571,4759456362,,,,,,,
2014-08-08,1757754,5.5101,5.5362,5.4426,5.4644,-0.0326,-0.59,1.45,44330060.88,,,40.7747,3.6764,6.8279,-18.6458,4731193557,,,,,,,
2014-08-11,1385086,5.5449,5.6363,5.5057,5.6058,0.1414,2.59,1.14,35488357.42,,,41.8302,3.7716,7.0047,-19.1284,4853665712,,,,,,,
2014-08-12,1435315,5.6058,5.6755,5.571,5.6668,0.061,1.09,1.19,37143338.43,,,42.2849,3.8126,7.0808,-19.3363,4906422948,,,,,,,
2014-08-13,1068645,5.6319,5.6776,5.5971,5.6189,-0.0479,-0.85,0.88,27644250.85,,,41.9276,3.7803,7.021,-19.173,4864970834,,,,,,,
2014-08-14,1368827,5.5993,5.6885,5.5971,5.6254,0.0065,0.12,1.13,35506987.27,,,41.9763,3.7847,7.0291,-19.1953,4870623395,,,,,,,
2014-08-15,1496959,5.6037,5.608,5.521,5.5275,-0.0979,-1.74,1.24,38252142.63,,,41.2456,3.7189,6.9068,-18.8611,4785834980,,,,,,,
2014-08-18,2896776,5.534,5.571,5.4666,5.484,-0.0435,-0.79,2.39,73369824.87,,,40.9208,3.6896,6.8524,-18.7126,4748151240,,,,,,,
2014-08-19,1203096,5.5057,5.5688,5.4948,5.5384,0.0544,0.99,0.65,30575635.81,,,41.3268,3.7262,6.9204,-18.8982,4795255915,,,,,,,
2014-08-20,1130270,5.5493,5.5493,5.484,5.5123,-0.0261,-0.47,0.62,28604287.87,,,41.1319,3.7086,6.8877,-18.8091,4772645671,,,,,,,
2014-08-21,1371538,5.5057,5.6559,5.5057,5.5775,0.0652,1.18,0.75,35134250.51,,,41.6191,3.7525,6.9693,-19.0319,4829171281,,,,,,,
2014-08-22,1660873,5.5471,5.5754,5.484,5.5514,-0.0261,-0.47,0.9,42169003.49,,,41.4242,3.735,6.9367,-18.9428,4806561037,,,,,,,
2014-08-25,3263076,5.5645,5.6972,5.5493,5.6581,0.1067,1.92,1.78,84593576.26,,,42.2199,3.8067,7.0699,-19.3066,4898886200,,,,,,,
2014-08-26,2426170,5.6472,5.6711,5.3969,5.4165,-0.2416,-4.27,1.32,61554744.53,,,40.4174,3.6442,6.7681,-18.4824,4689741443,,,,,,,
2014-08-27,2265328,5.3795,5.4296,5.3338,5.3969,-0.0196,-0.36,1.23,55963897.88,,,40.2713,3.631,6.7436,-18.4156,4672783760,,,,,,,
2014-08-28,1433984,5.4078,5.4078,5.2925,5.3012,-0.0957,-1.77,0.78,35199678.61,,,39.5568,3.5666,6.624,-18.0888,4589879532,,,,,,,
2014-08-29,859358,5.3273,5.3534,5.2838,5.3425,0.0413,0.78,0.47,21019230.76,,,39.8653,3.5944,6.6756,-18.2299,4625679085,,,,,,,
2014-09-01,1740105,5.349,5.5558,5.3099,5.5188,0.1763,3.3,0.95,43574477.47,,,41.1806,3.713,6.8959,-18.8314,4778298232,,,,,,,
2014-09-02,1146064,5.5275,5.5971,5.4927,5.5841,0.0653,1.18,0.62,29277271.91,,,41.6678,3.7569,6.9775,-19.0542,4834823842,,,,,,,
2014-09-03,2822458,5.6319,5.7212,5.6211,5.6494,0.0653,1.17,1.54,73436947.62,,,42.155,3.8008,7.059,-19.2769,4891349452,,,,,,,
2014-09-04,2220219,5.6211,5.6428,5.5775,5.6363,-0.0131,-0.23,1.21,57174633.65,,,42.0575,3.7921,7.0427,-19.2324,4880044330,,,,,,,
2014-09-05,2696944,5.6494,5.7255,5.6145,5.6798,0.0435,0.77,1.47,70284744.37,,,42.3823,3.8213,7.0971,-19.3809,4917728070,,,,,,,
2014-09-09,2728767,5.6755,5.8234,5.6385,5.7865,0.1067,1.88,1.49,71891672.15,,,43.178,3.8931,7.2303,-19.7448,5010053233,,,,,,,
2014-09-10,2485109,5.7473,5.8213,5.7081,5.8104,0.0239,0.41,1.35,65918574.05,,,43.3566,3.9092,7.2603,-19.8264,5030779290,,,,,,,
2014-09-11,2124113,5.806,5.8953,5.7233,5.7277,-0.0827,-1.42,1.16,56750322.53,,,42.7395,3.8536,7.1569,-19.5443,4959180184,,,,,,,
2014-09-12,1546859,5.6972,5.83,5.6972,5.8104,0.0827,1.44,0.84,40973836.64,,,43.3566,3.9092,7.2603,-19.8264,5030779290,,,,,,,
2014-09-15,2001341,5.8713,5.8713,5.756,5.8365,0.0261,0.45,1.09,53314921.91,,,43.5515,3.9268,7.2929,-19.9155,5053389534,,,,,,,
2014-09-16,2495231,5.8517,5.8648,5.6298,5.6319,-0.2046,-3.51,1.36,65535527.02,,,42.025,3.7891,7.0373,-19.2175,4876275956,,,,,,,
2014-09-17,1149432,5.6341,5.7233,5.5493,5.6276,-0.0043,-0.08,0.63,29720856.48,,,41.9926,3.7862,7.0318,-19.2027,4872507582,,,,,,,
2014-09-18,2405673,5.6276,5.8039,5.6167,5.7821,0.1545,2.75,1.31,63432544.68,,,43.1455,3.8902,7.2249,-19.7299,5006284859,,,,,,,
2014-09-19,1523580,5.769,5.8452,5.7451,5.8278,0.0457,0.79,0.83,40634304.04,,,43.4865,3.9209,7.282,-19.8858,5045852786,,,,,,,
2014-09-22,1034713,5.7821,5.7995,5.6798,5.7233,-0.1045,-1.79,0.56,27245060.21,,,42.7071,3.8506,7.1515,-19.5294,4955411810,,,,,,,
2014-09-23,997198,5.6689,5.7777,5.6689,5.7516,0.0283,0.49,0.54,26280678.65,,,42.9182,3.8697,7.1868,-19.6259,4979906241,,,,,,,
2014-09-24,4370043,5.7603,6.0106,5.7603,6.0019,0.2503,4.35,2.38,119159399.58,,,44.7856,4.038,7.4995,-20.4799,5196587746,,,,,,,
2014-09-25,4280071,6.0128,6.213,6.0041,6.1325,0.1306,2.18,2.33,121074632.05,,,45.7599,4.1259,7.6627,-20.9254,5309638966,,,,,,,
2014-09-26,1283517,6.1042,6.1238,5.9954,6.1129,-0.0196,-0.32,0.7,35751085.5,,,45.6137,4.1127,7.6382,-20.8586,5292681283,,,,,,,
2014-09-29,1695252,6.0911,6.1956,6.0258,6.0846,-0.0283,-0.46,0.92,47632057.75,,,45.4026,4.0937,7.6029,-20.7621,5268186852,,,,,,,
2014-09-30,1169081,6.0715,6.1695,6.0715,6.1586,0.074,1.22,0.64,32953052.51,,,44.7684,4.08,7.4441,-30.1047,5332249210,,,,,,,
2014-10-08,2340805,6.1259,6.3501,6.1259,6.3218,0.1632,2.65,1.27,67449280.72,,,45.9549,4.1882,7.6413,-30.9025,5473563235,,,,,,,
2014-10-09,2418998,6.3261,6.3849,6.0955,6.176,-0.1458,-2.31,1.32,68947029.88,,,44.895,4.0916,7.4651,-30.1898,5347322706,,,,,,,
2014-10-10,2959412,6.102,6.3762,6.0933,6.2696,0.0936,1.52,1.61,84901960.29,,,45.5752,4.1536,7.5782,-30.6472,5428342747,,,,,,,
2014-10-13,1360549,6.226,6.324,6.1825,6.3174,0.0478,0.76,0.74,39096098.53,,,45.9232,4.1853,7.6361,-30.8813,5469794861,,,,,,,
2014-10-14,1997520,6.3109,6.4067,6.0607,6.1346,-0.1828,-2.89,1.09,57006096.88,,,44.5944,4.0642,7.4151,-29.9877,5311523153,,,,,,,
2014-10-15,2501847,6.1042,6.1825,5.9649,6.1673,0.0327,0.53,1.36,69643746.42,,,44.8317,4.0858,7.4546,-30.1473,5339785958,,,,,,,
2014-10-16,2105444,6.2239,6.3044,6.0715,6.0715,-0.0958,-1.55,1.15,60111474.31,,,44.1357,4.0224,7.3388,-29.6792,5256881730,,,,,,,
2014-10-17,1717640,6.0258,6.1151,5.8496,5.8866,-0.1849,-3.05,0.94,46836916.69,,,42.791,3.8998,7.1153,-28.775,5096725835,,,,,,,
2014-10-20,1423183,5.9192,6.1151,5.9192,6.0911,0.2045,3.47,0.77,39475671.61,,,44.278,4.0353,7.3625,-29.7749,5273839413,,,,,,,
2014-10-21,1555079,6.1433,6.1433,5.9257,5.9845,-0.1066,-1.75,0.85,42812203.65,,,43.5029,3.9647,7.2336,-29.2537,5181514250,,,,,,,
2014-10-22,1485824,5.8974,6.0498,5.8887,5.941,-0.0435,-0.73,0.81,40800058.97,,,43.1865,3.9359,7.181,-29.0409,5143830510,,,,,,,
2014-10-23,1792885,5.8974,5.991,5.88,5.9867,0.0457,0.77,0.98,48919488.77,,,43.5187,3.9661,7.2363,-29.2643,5183398437,,,,,,,
2014-10-24,1228667,5.9605,6.0171,5.8931,5.9714,-0.0153,-0.26,0.66,33676763.2,,,43.408,3.9561,7.2179,-29.1899,5170209128,,,,,,,
2014-10-27,953802,5.9192,6.0519,5.9192,6.0476,0.0762,1.28,0.52,26272726.22,,,43.9617,4.0065,7.3099,-29.5622,5236155673,,,,,,,
2014-10-28,2665631,6.0607,6.3066,6.0302,6.2435,0.1959,3.24,1.44,75960400.62,,,45.3854,4.1363,7.5467,-30.5196,5405732503,,,,,,,
2014-10-29,1474913,6.2848,6.2848,6.2195,6.2456,0.0021,0.03,0.8,42342666.59,,,45.4012,4.1377,7.5493,-30.5302,5407616690,,,,,,,
2014-10-30,2697704,6.2456,6.3305,6.2021,6.3109,0.0653,1.05,1.46,77535113.89,,,45.8758,4.181,7.6282,-30.8493,5464142300,,,,,,,
2014-10-31,1699203,6.3588,6.4023,6.1629,6.2152,-0.0957,-1.52,0.92,48695140,,,45.1797,4.1175,7.5125,-30.3813,5381238072,,,,,,,
2014-11-03,1965201,6.2173,6.3544,6.1608,6.2913,0.0761,1.22,1.06,56571093.88,,,45.7334,4.168,7.6045,-30.7536,5447184617,,,,,,,
2014-11-04,2917496,6.2935,6.4415,6.1477,6.2239,-0.0674,-1.07,1.58,84681188.01,,,45.243,4.1233,7.523,-30.4238,5388774820,,,,,,,
2014-11-05,1810602,6.176,6.2217,6.0084,6.1978,-0.0261,-0.42,0.98,50844439.8,,,45.0532,4.106,7.4914,-30.2962,5366164576,,,,,,,
2014-11-06,2177901,6.1673,6.3762,6.0802,6.3392,0.1414,2.28,1.18,62624608.37,,,46.0814,4.1997,7.6624,-30.9876,5488636731,,,,,,,
2014-11-07,6359302,6.3414,6.9703,6.3283,6.744,0.4048,6.39,3.44,196053272.76,,,49.0238,4.4679,8.1516,-32.9662,5839095513,,,,,,,
2014-11-10,3263051,6.781,6.8876,6.6439,6.8114,0.0674,1,1.76,101319464.33,,,49.5142,4.5126,8.2332,-33.296,5897505310,,,,,,,
2014-11-11,2482201,6.7701,6.831,6.5546,6.5982,-0.2132,-3.13,1.34,75795861.15,,,47.9639,4.3713,7.9754,-32.2535,5712854984,,,,,,,
2014-11-12,2076502,6.6373,6.8049,6.5938,6.6743,0.0761,1.15,1.12,63967313.04,,,48.5176,4.4217,8.0675,-32.6258,5778801529,,,,,,,
2014-11-13,4397843,6.7048,6.7135,6.1673,6.3109,-0.3634,-5.44,2.38,129268791.89,,,45.8758,4.181,7.6282,-30.8493,5464142300,,,,,,,
2014-11-14,2810310,6.2587,6.2587,6.0128,6.0933,-0.2176,-3.45,1.52,78587987.74,,,44.2939,4.0368,7.3652,-29.7856,5275723600,,,,,,,
2014-11-17,2239601,6.0672,6.1782,6.0019,6.1433,0.05,0.82,1.21,62763626.9,,,44.6577,4.0699,7.4257,-30.0302,5319059901,,,,,,,
2014-11-18,1491875,6.1346,6.176,6.0454,6.1303,-0.013,-0.21,0.81,41863565.38,,,44.5628,4.0613,7.4099,-29.9664,5307754779,,,,,,,
2014-11-19,1180033,6.1303,6.1716,6.0672,6.1433,0.013,0.21,0.64,33204612.94,,,44.6577,4.0699,7.4257,-30.0302,5319059901,,,,,,,
2014-11-20,1840934,6.1325,6.1325,5.9954,6.028,-0.1153,-1.88,1,51042338.11,,,43.8193,3.9935,7.2862,-29.4664,5219197990,,,,,,,
2014-11-21,1218805,6.0302,6.1368,5.8779,6.1325,0.1045,1.73,0.66,33896619.28,,,44.5786,4.0627,7.4125,-29.9771,5309638966,,,,,,,
2014-11-24,2223587,6.1194,6.189,5.9954,6.1194,-0.0131,-0.21,1.2,61918761.46,,,44.4837,4.0541,7.3967,-29.9132,5298333844,,,,,,,
2014-11-25,2295394,6.1259,6.3588,6.0759,6.2913,0.1719,2.81,1.24,65949259.72,,,45.7334,4.168,7.6045,-30.7536,5447184617,,,,,,,
2014-11-26,1819424,6.2783,6.4567,6.2217,6.2979,0.0066,0.1,0.98,52858793.99,,,45.7809,4.1723,7.6124,-30.7855,5452837178,,,,,,,
2014-11-27,1570006,6.2979,6.3718,6.2435,6.337,0.0391,0.62,0.85,45384742.58,,,46.0656,4.1983,7.6598,-30.977,5486752544,,,,,,,
2014-11-28,4218691,6.3131,6.3806,6.1912,6.3109,-0.0261,-0.41,2.28,121520090.17,,,45.8758,4.181,7.6282,-30.8493,5464142300,,,,,,,
2014-12-01,4936270,6.2195,6.263,5.8931,5.9845,-0.3264,-5.17,2.67,136670398.31,,,43.5029,3.9647,7.2336,-29.2537,5181514250,,,,,,,
2014-12-02,1929337,5.9148,6.0715,5.9083,5.9954,0.0109,0.18,1.04,53256140.17,,,43.582,3.9719,7.2468,-29.3069,5190935185,,,,,,,
2014-12-03,3492534,5.9954,6.0868,5.9584,6.0672,0.0718,1.2,1.89,96710791.51,,,44.104,4.0195,7.3336,-29.6579,5253113356,,,,,,,
2014-12-04,5021870,6.0694,6.5699,6.0128,6.5351,0.4679,7.71,2.71,148577823.79,,,47.5052,4.3295,7.8991,-31.945,5658213561,,,,,,,
2014-12-05,8852153,6.485,7.1879,6.3523,7.1618,0.6267,9.59,4.79,274956779.88,,,52.0611,4.7447,8.6567,-35.0087,6200859417,,,,,,,
2014-12-08,3588605,7.1052,7.1727,6.8245,7.1052,-0.0566,-0.79,1.94,116269213.93,,,51.6498,4.7072,8.5883,-34.7321,6151870555,,,,,,,
2014-12-09,5698420,6.9855,7.0726,6.5068,6.6547,-0.4505,-6.34,3.08,178763704.05,,,48.3752,4.4087,8.0438,-32.5301,5761843846,,,,,,,
2014-12-10,7607562,6.7048,6.9703,6.4872,6.8658,0.2111,3.17,4.11,233316534.39,,,49.9097,4.5486,8.2989,-33.562,5944609985,,,,,,,
2014-12-11,4397517,6.8114,7.399,6.7026,7.3337,0.4679,6.81,2.38,141452253.55,,,53.3108,4.8586,8.8645,-35.8491,6349710190,,,,,,,
2014-12-12,6205498,7.3337,7.6319,7.3228,7.6166,0.2829,3.86,3.35,215362051.69,,,55.3673,5.046,9.2064,-37.232,6594654500,,,,,,,
2014-12-15,5640274,7.6166,7.98,7.4055,7.8473,0.2307,3.03,3.05,201127235.68,,,57.0442,5.1988,9.4853,-38.3596,6794378322,,,,,,,
2014-12-16,3590983,7.8886,7.9539,7.6819,7.8778,0.0305,0.39,1.94,129043769.16,,,57.2656,5.219,9.5221,-38.5085,6820756940,,,,,,,
2014-12-17,3378426,7.8081,8.1171,7.8038,7.9387,0.0609,0.77,1.83,123937692.87,,,57.7086,5.2594,9.5957,-38.8063,6873514176,,,,,,,
2014-12-18,4638619,7.9409,7.9409,7.5078,7.6101,-0.3286,-4.14,2.51,165105782.61,,,55.3199,5.0417,9.1986,-37.2001,6589001939,,,,,,,
2014-12-19,2630442,7.4599,7.695,7.1836,7.486,-0.1241,-1.63,1.42,90021369.38,,,54.4182,4.9595,9.0486,-36.5937,6481603280,,,,,,,
2014-12-22,2980808,7.486,7.51,6.855,7.0922,-0.3938,-5.26,1.61,97287503.78,,,51.5549,4.6985,8.5725,-34.6683,6140565433,,,,,,,
2014-12-23,2160336,7.127,7.4643,6.9638,7.164,0.0718,1.01,1.17,72223328.96,,,52.0769,4.7461,8.6593,-35.0193,6202743604,,,,,,,
2014-12-24,2370450,7.2206,7.4969,7.0943,7.4969,0.3329,4.65,1.28,79815470.25,,,54.4973,4.9667,9.0618,-36.6469,6491024215,,,,,,,
2014-12-25,3087903,7.4839,7.7581,7.312,7.6819,0.185,2.47,1.67,106879450.7,,,55.8419,5.0892,9.2854,-37.5511,6651180110,,,,,,,
2014-12-26,1761470,7.5949,7.8342,7.5949,7.7233,0.0414,0.54,0.95,62414495.73,,,56.1425,5.1166,9.3353,-37.7532,6686979663,,,,,,,
2014-12-29,2174436,7.6884,7.8342,7.3555,7.6166,-0.1067,-1.38,1.18,75568700.06,,,55.3673,5.046,9.2064,-37.232,6594654500,,,,,,,
2014-12-30,2131618,7.6601,7.8125,7.3772,7.5426,-0.074,-0.97,1.15,73859998.53,,,54.8295,4.997,9.117,-36.8703,6530592142,,,,,,,
2014-12-31,2218027,7.4599,7.7145,7.1814,7.6928,0.1502,1.99,1.2,76715494.18,,,49.8054,4.8625,8.2099,-78.3902,6660601045,,,,,,,
2015-01-05,2719930,7.658,7.6906,7.2249,7.2249,-0.4679,-6.08,1.46,92101387.48,,,46.7762,4.5668,7.7106,-73.6225,6255500840,,,,,,,
2015-01-06,2513539,7.2206,7.584,7.0291,7.5252,0.3003,4.16,1.35,84954829.1,,,48.7205,4.7566,8.0311,-76.6827,6515518646,,,,,,,
2015-01-07,1250053,7.4034,7.5883,7.3664,7.4012,-0.124,-1.65,0.67,42910251.24,,,47.9174,4.6782,7.8987,-75.4187,6408119987,,,,,,,
2015-01-08,1666062,7.4643,7.5905,7.3772,7.4403,0.0391,0.53,0.9,57327210.1,,,48.171,4.703,7.9405,-75.8178,6442035353,,,,,,,
2015-01-09,1283987,7.5078,7.5078,7.2684,7.3838,-0.0565,-0.76,0.69,43583841.98,,,47.8047,4.6672,7.8802,-75.2413,6393046491,,,,,,,
2015-01-12,2010536,7.2902,7.3163,6.8767,7.0726,-0.3112,-4.21,1.08,65339751.5,,,45.79,4.4705,7.548,-72.0702,6123607750,,,,,,,
2015-01-13,1539579,7.0008,7.399,7.0008,7.3446,0.272,3.85,0.83,51046004,,,47.5511,4.6425,7.8383,-74.8421,6359131125,,,,,,,
2015-01-14,909309,7.3446,7.3446,7.1857,7.2358,-0.1088,-1.48,0.49,30301850.13,,,46.8467,4.5737,7.7222,-73.7333,6264921775,,,,,,,
2015-01-15,802054,7.1857,7.288,7.1074,7.1857,-0.0501,-0.69,0.43,26621366.9,,,46.5226,4.542,7.6688,-73.2233,6221585474,,,,,,,
2015-01-16,1099244,7.1814,7.399,7.1074,7.1988,0.0131,0.18,0.59,36549650.54,,,46.6071,4.5503,7.6827,-73.3564,6232890596,,,,,,,
2015-01-19,1772983,7.1335,7.3511,6.9398,7.1596,-0.0392,-0.54,0.95,58201704.67,,,46.3535,4.5255,7.6409,-72.9572,6198975230,,,,,,,
2015-01-20,2655166,7.1596,7.5949,7.0965,7.5252,0.3656,5.11,1.43,90621778.97,,,48.7205,4.7566,8.0311,-76.6827,6515518646,,,,,,,
2015-01-21,2886606,7.5426,7.671,7.4208,7.5513,0.0261,0.35,1.55,100000139.6,,,48.8896,4.7731,8.059,-76.9488,6538128890,,,,,,,
2015-01-22,3358696,7.6819,7.7994,7.5731,7.7385,0.1872,2.48,1.81,118321996.19,,,50.1013,4.8914,8.2587,-78.8559,6700168972,,,,,,,
2015-01-23,1992353,7.6928,7.7407,7.5513,7.5687,-0.1698,-2.19,1.07,69584218.04,,,49.0023,4.7841,8.0776,-77.1262,6553202386,,,,,,,
2015-01-26,3801092,7.5078,8.0497,7.4795,7.893,0.3243,4.28,2.04,136771689.58,,,51.1016,4.9891,8.4236,-80.4303,6833946249,,,,,,,
2015-01-27,3458273,7.8995,8.1389,7.7472,8.091,0.198,2.51,1.86,127011563.25,,,52.3837,5.1143,8.635,-82.4483,7005407266,,,,,,,
2015-01-28,3539152,8.1171,8.2608,7.8712,8.0083,-0.0827,-1.02,1.9,131113110.43,,,51.8483,5.062,8.5467,-81.6056,6933808160,,,,,,,
2015-01-29,1646816,7.9866,8.004,7.7907,7.819,-0.1893,-2.36,0.89,59560338.7,,,50.6226,4.9423,8.3446,-79.6764,6769883891,,,,,,,
2015-01-30,927086,7.8277,7.9322,7.7276,7.7733,-0.0457,-0.58,0.5,33252713.14,,,50.3267,4.9134,8.2959,-79.2107,6730315964,,,,,,,
2015-02-02,1613415,7.6732,7.9866,7.6732,7.7951,0.0218,0.28,0.87,58382474.18,,,50.4676,4.9272,8.3191,-79.4324,6749157834,,,,,,,
2015-02-03,1466949,7.8451,8.0519,7.8125,7.8778,0.0827,1.06,0.79,53169160.98,,,51.003,4.9795,8.4074,-80.2751,6820756940,,,,,,,
2015-02-04,2415594,7.9387,8.0236,7.6166,7.8342,-0.0436,-0.55,1.3,87232953,,,50.7212,4.952,8.3609,-79.8316,6783073200,,,,,,,
2015-02-05,1506321,7.8103,7.9017,7.6863,7.7907,-0.0435,-0.56,0.81,54057697.5,,,50.4394,4.9244,8.3145,-79.3881,6745389460,,,,,,,
2015-02-06,2238264,7.6993,7.7864,7.3294,7.3946,-0.3961,-5.08,1.2,77043030.52,,,47.8752,4.6741,7.8918,-75.3521,6402467426,,,,,,,
2015-02-09,1608477,7.4012,7.4534,7.2924,7.3337,-0.0609,-0.82,0.87,54486417.74,,,47.4807,4.6356,7.8267,-74.7312,6349710190,,,,,,,
2015-02-10,1649624,7.3772,7.4077,7.0943,7.2902,-0.0435,-0.59,0.89,55127799.64,,,47.1989,4.6081,7.7803,-74.2877,6312026450,,,,,,,
2015-02-11,5356470,7.6166,7.7037,7.2467,7.5513,0.2611,3.58,2.88,185473416.17,,,48.8896,4.7731,8.059,-76.9488,6538128890,,,,,,,
2015-02-12,2826256,7.5448,7.5949,7.3729,7.4643,-0.087,-1.15,1.52,96666509.82,,,48.326,4.7181,7.9661,-76.0618,6462761410,,,,,,,
2015-02-13,3003937,7.5122,7.5209,7.4251,7.4534,-0.0109,-0.15,1.62,103089850.85,,,48.2556,4.7112,7.9545,-75.9509,6453340475,,,,,,,
2015-02-16,4266384,7.4425,7.8321,7.3946,7.5426,0.0892,1.2,2.3,148124245.86,,,48.8332,4.7676,8.0497,-76.8601,6530592142,,,,,,,
2015-02-17,1790761,7.5535,7.6123,7.4817,7.51,-0.0326,-0.43,0.96,61972501.08,,,48.6219,4.747,8.0149,-76.5274,6502329337,,,,,,,
2015-02-25,1712598,7.5296,7.5731,7.399,7.4295,-0.0805,-1.07,0.92,58674341.5,,,48.1006,4.6961,7.9289,-75.7069,6432614418,,,,,,,
2015-02-26,3247814,7.4316,7.4795,7.2663,7.3903,-0.0392,-0.53,1.75,109497547.36,,,47.847,4.6713,7.8871,-75.3078,6398699052,,,,,,,
2015-02-27,2845974,7.3772,7.5078,7.2641,7.4904,0.1001,1.35,1.53,96837549.7,,,48.4951,4.7346,7.994,-76.3279,6485371654,,,,,,,
2015-03-02,4285015,7.5513,7.8516,7.4164,7.7037,0.2133,2.85,2.31,150669116.18,,,49.8758,4.8694,8.2216,-78.5011,6670021980,,,,,,,
2015-03-03,3487731,7.6645,7.8778,7.6645,7.7254,0.0217,0.28,1.88,124698981.85,,,50.0167,4.8832,8.2448,-78.7228,6688863850,,,,,,,
2015-03-04,7337565,7.7276,8.2064,7.7254,8.1607,0.4353,5.63,3.95,269142179.68,,,52.8346,5.1583,8.7093,-83.1579,7065701250,,,,,,,
2015-03-05,6408788,8.091,8.4566,8.0519,8.2912,0.1305,1.6,3.45,244197077.54,,,53.6799,5.2408,8.8486,-84.4884,7178752470,,,,,,,
2015-03-06,3352593,8.2912,8.3652,7.9931,8.0519,-0.2393,-2.89,1.8,124809487.64,,,52.1301,5.0895,8.5932,-82.0491,6971491900,,,,,,,
2015-03-09,2788301,8.0192,8.1541,7.8843,8.0366,-0.0153,-0.19,1.5,102580947.84,,,52.0315,5.0799,8.5769,-81.8939,6958302591,,,,,,,
2015-03-10,3716728,8.0301,8.313,7.93,8.2695,0.2329,2.9,2,139839475.1,,,53.539,5.2271,8.8254,-84.2667,7159910600,,,,,,,
2015-03-11,1876289,8.2695,8.3261,8.1433,8.2673,-0.0022,-0.03,1.01,71008526.88,,,53.5249,5.2257,8.8231,-84.2445,7158026413,,,,,,,
2015-03-12,3364466,8.2325,8.3043,8.0519,8.2651,-0.0022,-0.03,1.81,127256150.25,,,53.5109,5.2243,8.8208,-84.2223,7156142226,,,,,,,
2015-03-13,1952052,8.2912,8.2999,8.165,8.2695,0.0044,0.05,1.05,73926204.4,,,53.539,5.2271,8.8254,-84.2667,7159910600,,,,,,,
2015-03-16,3138842,8.2651,8.5698,8.2651,8.5089,0.2394,2.89,1.69,122079890.22,,,55.0888,5.3784,9.0809,-86.706,7367171170,,,,,,,
2015-03-17,2855116,8.5241,8.7243,8.4457,8.7069,0.198,2.33,1.54,113250480.62,,,56.371,5.5035,9.2922,-88.7239,7538632187,,,,,,,
2015-03-18,2997190,8.918,8.918,8.6198,8.7091,0.0022,0.03,1.61,119884921.59,,,56.3851,5.5049,9.2945,-88.7461,7540516374,,,,,,,
2015-03-19,3430054,8.7047,8.8353,8.5741,8.8135,0.1044,1.2,1.85,136789188.9,,,57.0613,5.5709,9.406,-89.8105,7630957350,,,,,,,
2015-03-20,3551964,8.8135,9.0398,8.8135,9.0246,0.2111,2.4,1.91,145770373.21,,,58.428,5.7044,9.6313,-91.9615,7813723489,,,,,,,
2015-03-23,6963475,9.0899,9.9277,9.0855,9.7797,0.7551,8.37,3.75,302951375.2,,,63.317,6.1817,10.4372,-99.6564,8467536378,,,,,,,
2015-03-24,9024724,9.6579,9.7667,8.9223,9.4751,-0.3046,-3.11,4.86,392678280.84,,,61.3445,5.9891,10.1121,-96.5519,8203750198,,,,,,,
2015-03-25,7911365,9.3271,9.9212,9.2814,9.7406,0.2655,2.8,4.26,348605205.77,,,63.0633,6.1569,10.3954,-99.2573,8433621012,,,,,,,
2015-03-26,5378707,9.6731,9.6731,9.116,9.2618,-0.4788,-4.92,2.89,231582792.99,,,59.9637,5.8543,9.8844,-94.3787,8019099872,,,,,,,
2015-03-27,3954374,9.2531,9.5295,9.1356,9.3684,0.1066,1.15,2.13,169464908.51,,,60.6541,5.9217,9.9982,-95.4653,8111425035,,,,,,,
2015-03-30,4770119,9.4011,9.8994,9.4011,9.5774,0.209,2.23,2.57,212104941.83,,,62.0067,6.0538,10.2212,-97.5941,8292306987,,,,,,,
2015-03-31,5461610,9.5774,9.9016,9.5752,9.8777,0.3003,3.14,2.94,245933645.97,,,63.1945,6.132,10.2941,-85.2333,8552324793,,,,,,,
2015-04-01,9162012,9.8777,10.8657,9.8385,10.7198,0.8421,8.53,4.93,444398825.86,,,68.5825,6.6548,11.1718,-92.5004,9281505162,,,,,,,
2015-04-02,7083922,10.7068,11.3139,10.6654,10.783,0.0632,0.59,3.81,355058909.12,,,68.9863,6.694,11.2376,-93.0449,9336146585,,,,,,,
2015-04-03,6855362,10.7612,11.24,10.561,11.0811,0.2981,2.76,3.69,345882939.2,,,70.8937,6.8791,11.5483,-95.6175,9594280204,,,,,,,
2015-04-07,6651585,11.0985,11.8297,11.0245,11.7318,0.6507,5.87,3.58,349153525.71,,,75.0565,7.283,12.2264,-101.2321,10157652117,,,,,,,
2015-04-08,7354771,11.7688,12.3542,11.3161,11.8515,0.1197,1.02,3.96,398807054.65,,,75.8223,7.3573,12.3511,-102.2649,10261282402,,,,,,,
2015-04-09,7286766,11.7731,11.8602,10.7743,11.858,0.0065,0.05,3.92,382401418.18,,,75.864,7.3614,12.3579,-102.3213,10266934963,,,,,,,
2015-04-10,7851371,11.66,12.9635,11.66,12.3955,0.5375,4.53,4.22,448368210.67,,,79.3029,7.6951,12.9181,-106.9594,10732329152,,,,,,,
2015-04-13,10381335,12.2192,13.6359,12.2192,13.6359,1.2404,10.01,5.58,628453312.42,,,87.2388,8.4651,14.2108,-117.6629,11806315742,,,,,,,
2015-04-14,7506406,13.7099,14.18,12.9483,13.2877,-0.3482,-2.55,4.04,465003246.84,,,85.0111,8.249,13.8479,-114.6584,11504845822,,,,,,,
2015-04-15,6280637,13.1659,13.1985,11.9581,11.9581,-1.3296,-10.01,3.38,359883425.09,,,76.5045,7.4235,12.4622,-103.1851,10353607565,,,,,,,
2015-04-16,5996282,11.5294,12.5195,11.2095,11.7296,-0.2285,-1.91,3.23,326653068.63,,,75.0426,7.2817,12.2241,-101.2134,10155767930,,,,,,,
2015-04-17,5705211,11.7949,11.8493,11.2073,11.4967,-0.2329,-1.99,3.07,301218892.06,,,73.5529,7.1371,11.9814,-99.2041,9954159921,,,,,,,
2015-04-20,6006686,11.3161,11.3814,10.8809,11.2639,-0.2328,-2.02,3.23,306681201.91,,,72.0632,6.9926,11.7388,-97.1949,9752551912,,,,,,,
2015-04-21,4783871,11.1094,11.9711,11.1094,11.9037,0.6398,5.68,2.57,255112232.08,,,76.1564,7.3897,12.4055,-102.7156,10306502890,,,,,,,
2015-04-22,5121368,11.8819,12.4847,11.7622,12.0343,0.1306,1.1,2.76,284683136.98,,,76.9917,7.4708,12.5416,-103.8423,10419554110,,,,,,,
2015-04-23,8963397,11.8341,12.6871,11.6578,12.6218,0.5875,4.88,4.82,500043806.64,,,80.7508,7.8356,13.1539,-108.9123,10928284600,,,,,,,
2015-04-24,8117609,11.3814,12.3455,11.3814,11.9342,-0.6876,-5.45,4.37,441419310.74,,,76.3513,7.4087,12.4373,-102.9785,10332881508,,,,,,,
2015-04-27,5904437,11.8819,12.1627,11.5011,11.5337,-0.4005,-3.36,3.18,319656650.92,,,73.7896,7.1601,12.02,-99.5233,9986191100,,,,,,,
2015-04-28,7245871,11.3814,11.5294,10.6197,10.9788,-0.5549,-4.81,3.9,364427160.3,,,70.2393,6.8156,11.4417,-94.735,9505723415,,,,,,,
2015-04-29,6655784,10.8809,11.5881,10.7721,11.3139,0.3351,3.05,3.58,340474176.01,,,72.3834,7.0236,11.7909,-97.6268,9795888213,,,,,,,
2015-04-30,18589850,11.4437,11.7161,10.7897,11.6017,0.2878,2.54,4,384296149.14,,,74.1028,7.274,12.071,-99.9459,10028585307.5,,,,,,,
2015-05-04,16321138,11.4709,12.0867,11.3783,11.5853,-0.0164,-0.14,3.51,351108777.65,,,73.9984,7.2638,12.054,-99.805,10014453905,,,,,,,
2015-05-05,11134858,11.4491,11.6398,10.55,10.7461,-0.8392,-7.24,2.4,228174841.04,,,68.6382,6.7376,11.1809,-92.5755,9289041910,,,,,,,
2015-05-06,10263836,10.9151,11.144,10.0813,10.2448,-0.5013,-4.66,2.21,201952339.27,,,65.436,6.4233,10.6592,-88.2566,8855678900,,,,,,,
2015-05-07,10680618,10.0268,10.5936,9.9723,10.4355,0.1907,1.86,2.3,202428761.14,,,66.6542,6.5428,10.8577,-89.8996,9020545262.5,,,,,,,
2015-05-08,9071492,10.4628,10.9968,10.4519,10.8442,0.4087,3.92,1.95,179441865.19,,,69.2647,6.7991,11.2829,-93.4205,9373830325,,,,,,,
2015-05-11,14826721,10.9532,11.5527,10.8933,11.4055,0.5613,5.18,3.19,307583911.65,,,72.8498,7.151,11.8669,-98.2558,9859008477.5,,,,,,,
2015-05-12,19286749,11.5527,12.2338,11.4491,12.1848,0.7793,6.83,4.15,418024154.97,,,77.8271,7.6396,12.6777,-104.969,10532605330,,,,,,,
2015-05-13,15819332,11.7706,12.6316,11.6126,11.9886,-0.1962,-1.61,3.4,350211147.56,,,76.5741,7.5166,12.4736,-103.2789,10363028500,,,,,,,
2015-05-14,14474956,11.9886,12.1739,11.5799,11.6235,-0.3651,-3.05,3.11,314809960.08,,,74.242,7.2877,12.0937,-100.1336,10047427177.5,,,,,,,
2015-05-15,13603583,11.4328,11.6017,10.9042,11.4437,-0.1798,-1.55,2.93,280036506.27,,,73.0934,7.1749,11.9066,-98.5844,9891981750,,,,,,,
2015-05-18,18452938,11.4164,12.0431,11.2584,11.8578,0.4141,3.62,3.97,395872041.26,,,75.7387,7.4346,12.3375,-102.1523,10249977280,,,,,,,
2015-05-19,20707216,11.8524,12.4681,11.6071,12.2829,0.4251,3.58,4.46,455630674.84,,,78.4536,7.7011,12.7797,-105.814,10617393745,,,,,,,
2015-05-20,27791432,12.1194,13.509,12.1194,13.024,0.7411,6.03,5.98,670418552.74,,,83.1873,8.1657,13.5508,-112.1985,11258017325,,,,,,,
2015-05-21,22009510,13.133,14.2119,13.1166,14.2119,1.1879,9.12,4.74,556853895.58,,,90.7751,8.9106,14.7869,-122.4325,12284899240,,,,,,,
2015-05-22,19971608,14.6206,15.1928,13.5308,13.885,-0.3269,-2.3,4.3,517611874.47,,,88.6867,8.7056,14.4467,-119.6158,12002271190,,,,,,,
2015-05-25,17737519,13.5144,14.8114,13.0948,14.5607,0.6757,4.87,3.82,459275405.48,,,93.0027,9.1292,15.1497,-125.437,12586369160,,,,,,,
2015-05-26,17087372,14.8223,15.9121,14.8223,15.7596,1.1989,8.23,3.68,484021912.64,,,100.6601,9.8809,16.3971,-135.7649,13622672010,,,,,,,
2015-05-27,18194554,15.7759,16.3481,15.0184,16.0157,0.2561,1.63,3.92,524336046.42,,,102.296,10.0415,16.6636,-137.9713,13844063982.5,,,,,,,
2015-05-28,15669769,15.8577,16.4516,14.5498,14.5498,-1.4659,-9.15,3.37,449469956.93,,,92.9331,9.1224,15.1384,-125.3431,12576948225,,,,,,,
2015-05-29,21719050,14.4953,15.8032,13.8414,15.6288,1.079,7.42,4.67,603957521.56,,,99.8247,9.7989,16.261,-134.6382,13509620790,,,,,,,
2015-06-01,19794046,16.1301,17.1927,16.1301,17.1927,1.5639,10.01,4.26,612854063.79,,,109.8142,10.7795,17.8882,-148.1114,14861524962.5,,,,,,,
2015-06-02,18358032,17.6668,18.9147,17.3889,18.9147,1.722,10.02,3.95,627925999.85,,,120.813,11.8591,19.6799,-162.946,16350032692.5,,,,,,,
2015-07-13,5507700,17.0238,17.0238,17.0238,17.0238,-1.8909,-10,1.19,172060548,,,105.6367,10.3974,16.773,1053.7275,14715500470,,,,,,,
2015-07-14,1911800,15.3236,15.3236,15.3236,15.3236,-1.7002,-9.99,0.41,53759816,,,95.0865,9.359,15.0978,948.4896,13245834610,,,,,,,
2015-07-15,434800,13.7923,13.7923,13.7923,13.7923,-1.5313,-9.99,0.09,11004788,,,85.5846,8.4238,13.5891,853.7081,11922193242.5,,,,,,,
2015-07-16,61353463,12.4137,14.0594,12.4137,12.4137,-1.3786,-10,13.2,1420679065.09,,,77.0295,7.5817,12.2308,768.371,10730444965,,,,,,,
2015-07-17,46693030,11.8251,13.6561,11.6071,13.6561,1.2424,10.01,10.05,1069856253.52,,,84.7393,8.3406,13.4549,845.2756,11804431555,,,,,,,
2015-07-20,38691172,13.1057,13.8741,12.5935,13.6125,-0.0436,-0.32,8.33,937682870.02,,,84.4688,8.314,13.4119,842.5772,11766747815,,,,,,,
2015-07-21,25853441,13.0131,13.8414,12.7897,13.8414,0.2289,1.68,5.56,631041377.48,,,85.889,8.4537,13.6374,856.7438,11964587450,,,,,,,
2015-07-22,22834371,13.4599,13.9286,13.0512,13.9286,0.0872,0.63,4.91,566843201.28,,,86.43,8.507,13.7234,862.1406,12039954930,,,,,,,
2015-07-23,34680155,13.6779,14.1193,13.4872,13.7869,-0.1417,-1.02,7.46,874016329.6,,,85.5508,8.4205,13.5838,853.3708,11917482775,,,,,,,
2015-07-24,28853701,13.5144,13.5689,12.757,12.9259,-0.861,-6.25,6.21,699520860.19,,,80.2081,7.8946,12.7354,800.0773,11173228910,,,,,,,
2015-07-27,20595771,12.2611,12.5117,11.6344,11.6344,-1.2915,-9.99,4.43,455311224.24,,,72.1941,7.1058,11.463,720.137,10056848112.5,,,,,,,
2015-07-28,24770034,10.4737,11.0132,10.4737,10.4737,-1.1607,-9.98,5.33,479214217.62,,,64.9916,6.3969,10.3194,648.292,9053518535,,,,,,,
2015-07-29,20797002,10.4846,10.8442,9.4274,10.6099,0.1362,1.3,4.48,384857777.99,,,65.8369,6.4801,10.4536,656.7245,9171280222.5,,,,,,,
2015-07-30,17268927,10.3538,10.5391,9.5473,9.5582,-1.0517,-9.91,3.72,322333411.39,,,59.3107,5.8377,9.4174,591.6255,8262159995,,,,,,,
2015-07-31,16300905,9.4819,9.5582,8.719,8.9479,-0.6103,-6.39,3.51,274290588.91,,,55.5235,5.465,8.816,553.8478,7734587635,,,,,,,
2015-08-03,16965030,8.7244,9.5091,8.6209,9.1277,0.1798,2.01,3.65,284185585.77,,,56.6394,5.5748,8.9932,564.9787,7890033062.5,,,,,,,
2015-08-04,16248818,9.3457,10.0268,9.1604,10.0214,0.8937,9.79,3.5,285369460.08,,,62.185,6.1206,9.8737,620.296,8662549732.5,,,,,,,
2015-08-05,14017734,9.8089,10.2067,9.471,9.5146,-0.5068,-5.06,3.02,253264459.39,,,59.0402,5.8111,9.3744,588.9271,8224476255,,,,,,,
2015-08-06,7583837,9.2367,9.5146,9.035,9.2966,-0.218,-2.29,1.63,129464272.3,,,57.6876,5.678,9.1596,575.435,8036057555,,,,,,,
2015-08-07,18026382,9.4002,9.9723,9.4002,9.9723,0.6757,7.27,3.88,322233117.32,,,61.8806,6.0907,9.8254,617.2603,8620155525,,,,,,,
2015-08-10,19084895,10.2884,10.9696,10.0977,10.9696,0.9973,10,4.11,373092795.67,,,68.0687,6.6998,10.8079,678.9864,9482171077.5,,,,,,,
2015-08-11,18104943,11.0622,11.4437,10.8224,10.8987,-0.0709,-0.65,3.9,369624203.27,,,67.6291,6.6565,10.7381,674.6014,9420935000,,,,,,,
2015-08-12,12204576,10.7352,11.1712,10.4791,10.9314,0.0327,0.3,2.63,245147536.02,,,67.832,6.6765,10.7704,676.6252,9449197805,,,,,,,
2015-08-13,11488026,10.8715,11.0677,10.4628,10.975,0.0436,0.4,2.47,226941498.92,,,68.1025,6.7031,10.8133,679.3237,9486881545,,,,,,,
2015-08-14,9018372,10.9478,11.1113,10.7189,10.7734,-0.2016,-1.84,1.94,181070866.88,,,66.8514,6.5799,10.6147,666.8435,9312594247.5,,,,,,,
2015-08-17,10233749,10.7788,10.8006,10.1631,10.4737,-0.2997,-2.78,2.2,196719552.7,,,64.9916,6.3969,10.3194,648.292,9053518535,,,,,,,
2015-08-18,11004259,10.5173,10.5718,9.4274,9.4274,-1.0463,-9.99,2.37,202385812.64,,,58.4992,5.7579,9.2885,583.5302,8149108775,,,,,,,
2015-08-19,9923586,8.9206,9.7162,8.6917,9.7053,0.2779,2.95,2.14,166524282.78,,,60.2237,5.9276,9.5623,600.7326,8389342617.5,,,,,,,
2015-08-20,7358984,9.471,9.9614,9.4056,9.5146,-0.1907,-1.96,1.58,131061658.57,,,59.0402,5.8111,9.3744,588.9271,8224476255,,,,,,,
2015-08-21,6556056,9.3729,9.4982,8.7626,8.9642,-0.5504,-5.78,1.41,109487679.1,,,55.6249,5.475,8.8321,554.8597,7748719037.5,,,,,,,
2015-08-24,9085070,8.7135,8.7135,8.0705,8.0705,-0.8937,-9.97,1.96,136250145.91,,,50.0794,4.9291,7.9516,499.5424,6976202367.5,,,,,,,
2015-08-25,8983778,7.3566,7.5855,7.264,7.264,-0.8065,-9.99,1.93,120918125.5,,,45.0748,4.4365,7.157,449.6219,6279053177.5,,,,,,,
2015-08-26,12613182,7.215,7.5855,6.621,6.9207,-0.3433,-4.73,2.71,164118908.74,,,42.9445,4.2269,6.8187,428.3719,5982293725,,,,,,,
2015-08-27,11143131,7.215,7.3839,6.6373,6.8117,-0.109,-1.57,2.4,145425912.82,,,42.2682,4.1603,6.7113,421.6259,5888084375,,,,,,,
2015-08-28,5430677,7.3076,7.4929,7.1605,7.4929,0.6812,10,1.17,73473494.75,,,46.495,4.5763,7.3825,463.7885,6476892812.5,,,,,,,
2015-08-31,14685506,8.0814,8.0814,7.6291,7.6346,0.1417,1.89,3.16,210998305.07,,,47.3742,4.6629,7.5221,472.5583,6599364967.5,,,,,,,
2015-09-01,11805401,7.4547,7.4602,6.8716,6.8716,-0.763,-9.99,2.54,151639434.66,,,42.6402,4.1969,6.7704,425.3362,5939899517.5,,,,,,,
2015-09-02,8222644,6.2777,7.0624,6.1905,6.4411,-0.4305,-6.26,1.77,98379056.42,,,39.9688,3.934,6.3462,398.6895,5567772585,,,,,,,
2015-09-07,7454212,6.6319,6.9643,6.6319,6.7681,0.327,5.08,1.6,92710991.67,,,41.9977,4.1337,6.6684,418.9275,5850400635,,,,,,,
2015-09-08,6601002,6.6482,7.2204,6.5447,7.1986,0.4305,6.36,1.42,83414337.7,,,44.669,4.3966,7.0925,445.5743,6222527567.5,,,,,,,
2015-09-09,9884621,7.2313,7.798,7.1986,7.5964,0.3978,5.53,2.13,136744610.7,,,47.1375,4.6396,7.4845,470.1972,6566391695,,,,,,,
2015-09-10,8014289,7.4384,7.7817,7.4111,7.6291,0.0327,0.43,1.72,112467899.05,,,47.3404,4.6595,7.5167,472.221,6594654500,,,,,,,
2015-09-11,9896960,7.5746,7.7,7.3076,7.5528,-0.0763,-1,2.13,136751338.57,,,46.867,4.6129,7.4415,467.4988,6528707955,,,,,,,
2015-09-14,7790806,7.4874,7.6073,6.7954,6.8662,-0.6866,-9.09,1.68,100978421.76,,,42.6063,4.1936,6.765,424.9989,5935189050,,,,,,,
2015-09-15,4835314,6.5937,6.9588,6.2668,6.5556,-0.3106,-4.52,1.04,58849121.6,,,40.6789,4.0039,6.459,405.7728,5666692402.5,,,,,,,
2015-09-16,5269913,6.4847,7.2095,6.4847,7.2095,0.6539,9.97,1.13,66363851.06,,,44.7367,4.4033,7.1033,446.2489,6231948502.5,,,,,,,
2015-09-17,6033239,7.3294,7.4983,7.0842,7.0842,-0.1253,-1.74,1.3,80863278.38,,,43.9589,4.3267,6.9798,438.4909,6123607750,,,,,,,
2015-09-18,3231003,7.1605,7.2967,7.0297,7.1768,0.0926,1.31,0.7,42457953.36,,,44.5338,4.3833,7.0711,444.2251,6203685697.5,,,,,,,
2015-09-21,7223535,7.1005,7.7926,7.0569,7.7326,0.5558,7.74,1.55,100104258.98,,,47.9828,4.7228,7.6187,478.6297,6684153382.5,,,,,,,
2015-09-22,8956666,7.7926,7.8198,7.4929,7.6237,-0.1089,-1.41,1.93,125936111.67,,,47.3066,4.6562,7.5113,471.8837,6589944032.5,,,,,,,
2015-09-23,4986997,7.4602,7.6509,7.4547,7.5637,-0.06,-0.79,1.07,68895603.5,,,46.9346,4.6196,7.4523,468.1734,6538128890,,,,,,,
2015-09-24,6869869,7.6237,7.8743,7.5964,7.6891,0.1254,1.66,1.48,97660988.74,,,47.7123,4.6962,7.5758,475.9313,6646469642.5,,,,,,,
2015-09-25,5838336,7.6618,7.8852,7.3566,7.6073,-0.0818,-1.06,1.26,81736563.5,,,47.2051,4.6462,7.4952,470.8718,6575812630,,,,,,,
2015-09-28,6509772,7.5746,7.9016,7.4057,7.8689,0.2616,3.44,1.4,91583483.59,,,48.8282,4.806,7.7529,487.0622,6801915070,,,,,,,
2015-09-29,5577025,7.6564,7.8362,7.4111,7.6836,-0.1853,-2.35,1.2,77903082.4,,,47.6785,4.6928,7.5704,475.594,6641759175,,,,,,,
2015-09-30,3247886,7.7163,7.7381,7.4656,7.5855,-0.0981,-1.28,0.7,45087635.09,,,44.5134,4.5456,7.3254,1727.9926,6556970760,,,,,,,
2015-10-08,10799704,7.9833,8.343,7.8852,8.343,0.7575,9.99,2.32,162442469.89,,,48.9584,4.9995,8.0569,1900.5436,7211725742.5,,,,,,,
2015-10-09,11755630,8.1795,8.9915,8.1795,8.8934,0.5504,6.6,2.53,184228612.43,,,52.1882,5.3293,8.5884,2025.9224,7687482960,,,,,,,
2015-10-12,11775842,9.3348,9.7816,9.0024,9.6999,0.8065,9.07,2.53,205194203.01,,,56.9209,5.8126,9.3673,2209.6458,8384632150,,,,,,,
2015-10-13,11329351,9.5909,10.2394,9.4873,9.8525,0.1526,1.57,2.44,205991579.94,,,57.8163,5.904,9.5146,2244.4042,8516525240,,,,,,,
2015-10-14,7009427,9.9178,10.0268,9.5091,9.6181,-0.2344,-2.38,1.51,124629018.26,,,56.4412,5.7636,9.2884,2191.0252,8313975137.5,,,,,,,
2015-10-15,6025280,9.5963,10.3701,9.5854,10.1958,0.5777,6.01,1.3,110141481.26,,,59.8309,6.1098,9.8462,2322.6108,8813284692.5,,,,,,,
2015-10-16,8287073,10.3483,10.4355,9.8252,10.0268,-0.169,-1.66,1.78,152144235.77,,,58.8396,6.0085,9.683,2284.1282,8667260200,,,,,,,
2015-10-19,9513710,10.1249,10.1249,9.3784,9.5636,-0.4632,-4.62,2.05,169573999.68,,,56.1215,5.731,9.2357,2178.6114,8266870462.5,,,,,,,
2015-10-20,7384784,9.5636,9.9505,9.4601,9.9069,0.3433,3.59,1.59,132424889.18,,,58.1361,5.9367,9.5673,2256.818,8563629915,,,,,,,
2015-10-21,11246512,9.9996,10.3429,9.0786,9.2094,-0.6975,-7.04,2.42,201799916.88,,,54.0429,5.5187,8.8937,2097.9221,7960690075,,,,,,,
2015-10-22,12340454,9.2149,9.6181,9.1004,9.5527,0.3433,3.73,2.66,211823014.81,,,56.0575,5.7244,9.2252,2176.1287,8257449527.5,,,,,,,
2015-10-23,12757079,9.7162,10.3429,9.7162,10.0268,0.4741,4.96,2.75,234363545.35,,,58.8396,6.0085,9.683,2284.1282,8667260200,,,,,,,
2015-10-26,13465899,10.2993,10.599,9.8742,10.3647,0.3379,3.37,2.9,252692189.82,,,60.8222,6.211,10.0093,2361.0934,8959309185,,,,,,,
2015-10-27,18913501,10.3865,10.8442,10.0704,10.8333,0.4686,4.52,4.07,363582915.34,,,63.5723,6.4918,10.4619,2467.8516,9364409390,,,,,,,
2015-10-28,18144399,10.8388,11.6126,10.3538,10.8987,0.0654,0.6,3.9,369759412.3,,,63.9561,6.531,10.5251,2482.748,9420935000,,,,,,,
2015-10-29,10374825,10.9914,10.9914,10.4846,10.8878,-0.0109,-0.1,2.23,204058651.89,,,63.8921,6.5245,10.5145,2480.2653,9411514065,,,,,,,
2015-10-30,9349016,10.7897,11.0949,10.6317,10.7516,-0.1362,-1.25,2,186796838.01,,,63.0927,6.4428,10.383,2449.231,9293752377.5,,,,,,,
2015-11-02,8256201,10.2503,10.5173,9.8143,9.8634,-0.8882,-8.26,1.76,154697900.49,,,57.8802,5.9106,9.5252,2246.887,8525946175,,,,,,,
2015-11-03,7278700,9.9451,10.0377,9.4329,9.4655,-0.3979,-4.03,1.56,128250939.6,,,55.5458,5.6722,9.141,2156.2667,8182082047.5,,,,,,,
2015-11-04,10199991,9.5091,10.1849,9.5091,10.1685,0.703,7.43,2.18,184133659.88,,,59.671,6.0934,9.8199,2316.4039,8789732355,,,,,,,
2015-11-05,10955494,10.2012,10.4083,9.8797,9.9996,-0.1689,-1.66,2.34,203772964.65,,,58.6797,5.9922,9.6567,2277.9213,8643707862.5,,,,,,,
2015-11-06,9661794,9.9723,10.5391,9.9178,10.3483,0.3487,3.49,2.06,182956342.8,,,60.7263,6.2012,9.9935,2357.3693,8945177782.5,,,,,,,
2015-11-09,14403247,10.3483,11.1603,10.2339,10.9423,0.594,5.74,3.08,281907102.12,,,64.2119,6.5571,10.5672,2492.679,9458618740,,,,,,,
2015-11-10,12227843,10.7843,11.2802,10.6862,11.0404,0.0981,0.9,2.61,246802591.09,,,64.7875,6.6159,10.6619,2515.0238,9543407155,,,,,,,
2015-11-11,13864757,10.9968,11.4764,10.7135,11.3783,0.3379,3.06,2.96,281443888.92,,,66.7701,6.8184,10.9882,2591.989,9835456140,,,,,,,
2015-11-12,9998309,11.4382,11.5527,10.9532,11.0731,-0.3052,-2.68,2.14,205062794.09,,,64.9794,6.6355,10.6935,2522.472,9571669960,,,,,,,
2015-11-13,7871210,10.8388,10.8715,10.4137,10.4628,-0.6103,-5.51,1.68,153527657.81,,,61.3978,6.2698,10.104,2383.4381,9044097600,,,,,,,
2015-11-16,5738539,10.2448,10.708,10.1304,10.6263,0.1635,1.56,1.23,110463443.3,,,62.3572,6.3677,10.2619,2420.6793,9185411625,,,,,,,
2015-11-17,8423479,10.7243,10.8388,10.2448,10.441,-0.1853,-1.74,1.8,163057807.79,,,61.2699,6.2567,10.083,2378.4726,9025255730,,,,,,,
2015-11-18,4647401,10.3538,10.5227,10.0704,10.1467,-0.2943,-2.82,0.99,88273221.55,,,59.5431,6.0804,9.7988,2311.4384,8770890485,,,,,,,
2015-11-19,4769340,10.2394,10.4519,10.0813,10.4083,0.2616,2.58,1.02,90072311.49,,,61.078,6.2371,10.0514,2371.0244,8996992925,,,,,,,
2015-11-20,7352332,10.4355,10.6753,10.3047,10.49,0.0817,0.78,1.57,141145192.06,,,61.5577,6.2861,10.1304,2389.645,9067649937.5,,,,,,,
2015-11-23,6985638,10.4628,10.8333,10.3974,10.49,0,0,1.49,136009055.4,,,61.5577,6.2861,10.1304,2389.645,9067649937.5,,,,,,,
2015-11-24,4703939,10.441,10.6154,10.2993,10.49,0,0,1.01,89782307.31,,,61.5577,6.2861,10.1304,2389.645,9067649937.5,,,,,,,
2015-11-25,10435853,10.4791,10.8933,10.4137,10.8606,0.3706,3.53,2.23,205863834.53,,,63.7322,6.5082,10.4882,2474.0584,9387961727.5,,,,,,,
2015-11-26,11741522,10.8606,11.1875,10.817,10.817,-0.0436,-0.4,2.51,236744240.6,,,63.4764,6.482,10.4461,2464.1274,9350277987.5,,,,,,,
2015-11-27,8285105,10.7135,10.7407,9.738,9.7816,-1.0354,-9.57,1.77,156656558.57,,,57.4006,5.8616,9.4462,2228.2664,8455289162.5,,,,,,,
2015-11-30,6827621,9.8906,10.0704,9.035,9.8252,0.0436,0.45,1.46,120168532.36,,,57.6564,5.8877,9.4883,2238.1974,8492972902.5,,,,,,,
2015-12-01,3507648,9.6999,9.8906,9.6999,9.798,-0.0272,-0.28,0.75,63036480.17,,,57.4965,5.8714,9.462,2231.9905,8469420565,,,,,,,
2015-12-02,5035685,9.798,10.0813,9.3729,10.0813,0.2833,2.89,1.08,89899156.31,,,59.1594,6.0412,9.7357,2296.5419,8714364875,,,,,,,
2015-12-03,10422122,10.6208,10.7897,10.4192,10.5772,0.4959,4.92,2.23,202100714.6,,,62.0694,6.3383,10.2146,2409.507,9143017417.5,,,,,,,
2015-12-04,6505570,10.3592,10.6699,10.2993,10.3483,-0.2289,-2.16,1.39,124585946.92,,,60.7263,6.2012,9.9935,2357.3693,8945177782.5,,,,,,,
2015-12-07,4438052,10.3483,10.5391,10.1903,10.4355,0.0872,0.84,0.95,84340559.01,,,61.2379,6.2534,10.0777,2377.2313,9020545262.5,,,,,,,
2015-12-08,7435288,10.3538,10.4301,9.7816,9.8307,-0.6048,-5.8,1.59,136609060.63,,,57.6884,5.891,9.4936,2239.4387,8497683370,,,,,,,
2015-12-09,3474222,9.847,9.9778,9.6018,9.6835,-0.1472,-1.5,0.74,62224040.83,,,56.825,5.8028,9.3515,2205.9216,8370500747.5,,,,,,,
2015-12-10,4878345,9.7162,9.8198,9.4819,9.5091,-0.1744,-1.8,1.04,86209249.11,,,55.8017,5.6983,9.1831,2166.1977,8219765787.5,,,,,,,
2015-12-11,3104827,9.5745,9.5745,9.3402,9.4928,-0.0163,-0.17,0.66,53836146.9,,,55.7057,5.6885,9.1673,2162.4736,8205634385,,,,,,,
2015-12-14,6845590,9.4546,9.5636,9.2585,9.5636,0.0708,0.75,1.46,117959524.93,,,56.1215,5.731,9.2357,2178.6114,8266870462.5,,,,,,,
2015-12-15,5891916,9.5691,9.7816,9.4383,9.5963,0.0327,0.34,1.26,103826861.37,,,56.3133,5.7506,9.2673,2186.0597,8295133267.5,,,,,,,
2015-12-16,4868106,9.6508,9.6999,9.4928,9.5745,-0.0218,-0.23,1.04,85770899.59,,,56.1854,5.7375,9.2463,2181.0942,8276291397.5,,,,,,,
2015-12-17,6122733,9.6399,9.9178,9.629,9.8906,0.3161,3.3,1.31,110204616.01,,,58.0401,5.9269,9.5515,2253.0939,8549498512.5,,,,,,,
2015-12-18,5003222,9.8906,10.0214,9.689,9.7489,-0.1417,-1.43,1.07,90173131.44,,,57.2087,5.842,9.4147,2220.8181,8427026357.5,,,,,,,
2015-12-21,5271883,9.7435,10.0541,9.689,10.0268,0.2779,2.85,1.13,95821055.35,,,58.8396,6.0085,9.683,2284.1282,8667260200,,,,,,,
2015-12-22,5111229,10.114,10.114,9.8307,9.9178,-0.109,-1.09,1.09,92920875.84,,,58.2,5.9432,9.5778,2259.3007,8573050850,,,,,,,
2015-12-23,6818710,9.9451,9.9723,9.5909,9.6181,-0.2997,-3.02,1.46,123070267.98,,,56.4412,5.7636,9.2884,2191.0252,8313975137.5,,,,,,,
2015-12-24,4858625,9.5963,9.8034,9.4002,9.7326,0.1145,1.19,1.04,85339923.82,,,57.1128,5.8322,9.3989,2217.094,8412894955,,,,,,,
2015-12-25,3669197,9.689,9.7762,9.5909,9.738,0.0054,0.06,0.78,65195706.02,,,57.1448,5.8355,9.4041,2218.3354,8417605422.5,,,,,,,
2015-12-28,5845871,9.7435,9.847,9.3457,9.4274,-0.3106,-3.19,1.25,103314808.61,,,55.322,5.6493,9.1042,2147.5771,8149108775,,,,,,,
2015-12-29,3458399,9.4492,9.5309,9.2966,9.4819,0.0545,0.58,0.74,59704255.52,,,55.6418,5.682,9.1568,2159.9908,8196213450,,,,,,,
2015-12-30,4178107,9.6999,9.6999,9.4329,9.6127,0.1308,1.38,0.89,73260785.03,,,56.4093,5.7604,9.2831,2189.7838,8309264670,,,,,,,
2015-12-31,4911667,9.6726,9.6726,9.4329,9.5418,-0.0709,-0.74,1.05,85967186.04,,,52.7714,5.4495,9.0045,-216.2616,8248028592.5,,,,,,,
2016-01-04,4188944,9.5527,9.5963,8.5882,8.5936,-0.9482,-9.94,0.9,71171811.3,,,47.5274,4.908,8.1097,-194.7713,7428407247.5,,,,,,,
2016-01-05,7363531,7.8471,8.8116,7.8471,8.4901,-0.1035,-1.2,1.57,113882036.98,,,46.9548,4.8488,8.012,-192.4246,7338908365,,,,,,,
2016-01-06,4171442,8.61,8.7462,8.4193,8.6645,0.1744,2.05,0.89,65874607.86,,,47.9192,4.9484,8.1766,-196.3769,7489643325,,,,,,,
2016-01-07,1068400,8.5936,8.5936,7.798,7.8035,-0.861,-9.94,0.23,15970383.02,,,43.1574,4.4567,7.3641,-176.8627,6745389460,,,,,,,
2016-01-08,7704188,8.174,8.174,7.3566,7.9179,0.1144,1.47,1.65,112050862.4,,,43.7903,4.522,7.4721,-179.4563,6844309277.5,,,,,,,
2016-01-11,5641665,7.6509,7.8689,7.1278,7.1278,-0.7901,-9.98,1.21,77257309.19,,,39.4203,4.0708,6.7264,-161.5478,6161291490,,,,,,,
2016-01-12,5282248,7.1823,7.4765,7.1441,7.3621,0.2343,3.29,1.13,70891828.89,,,40.7163,4.2046,6.9475,-166.8586,6363841592.5,,,,,,,
2016-01-13,5188795,7.4547,7.6346,7.0624,7.1169,-0.2452,-3.33,1.11,69827038.89,,,39.3601,4.0646,6.7161,-161.3007,6151870555,,,,,,,
2016-01-14,4906463,6.9207,7.5365,6.8172,7.482,0.3651,5.13,1.05,65530040.48,,,41.3793,4.2731,7.0607,-169.5757,6467471877.5,,,,,,,
2016-01-15,5599985,7.4384,7.5637,7.1605,7.2313,-0.2507,-3.35,1.2,75464163.08,,,39.993,4.1299,6.8241,-163.8944,6250790372.5,,,,,,,
2016-01-18,6618357,7.2531,7.8362,7.1114,7.7163,0.485,6.71,1.41,92154157.99,,,42.6752,4.4069,7.2818,-174.8866,6670021980,,,,,,,
2016-01-19,7930660,7.7817,8.4193,7.6836,8.3593,0.643,8.33,1.7,117567900.49,,,46.2315,4.7741,7.8886,-189.4604,7225857145,,,,,,,
2016-01-20,4936451,8.3212,8.6209,8.125,8.1414,-0.2179,-2.61,1.06,75493232.52,,,45.026,4.6497,7.6829,-184.5201,7037438445,,,,,,,
2016-01-21,5952589,8.0378,8.5337,7.9561,8.0814,-0.06,-0.74,1.27,90757410.84,,,44.6945,4.6154,7.6263,-183.1616,6985623302.5,,,,,,,
2016-01-22,3857786,8.1849,8.2776,7.8471,8.1795,0.0981,1.21,0.82,57140718.78,,,45.2369,4.6714,7.7189,-185.3847,7070411717.5,,,,,,,
2016-01-25,5121844,8.2612,8.5555,8.2612,8.4465,0.267,3.26,1.09,79325031.75,,,46.7137,4.8239,7.9709,-191.4366,7301224625,,,,,,,
2016-01-26,4025100,8.343,8.4029,7.6727,7.7435,-0.703,-8.32,0.86,59685981.41,,,42.8259,4.4225,7.3075,-175.5041,6693574317.5,,,,,,,
2016-01-27,6941113,7.7381,8.3375,7.4166,8.3157,0.5722,7.39,1.48,100476303.29,,,45.9904,4.7492,7.8475,-188.4724,7188173405,,,,,,,
2016-01-28,5086030,8.2503,8.4465,8.0923,8.2013,-0.1144,-1.38,1.09,77591394.06,,,45.3575,4.6839,7.7395,-185.8787,7089253587.5,,,,,,,
2016-01-29,3815684,8.125,8.5174,8.1196,8.4847,0.2834,3.46,0.82,58520904.71,,,46.9247,4.8457,8.0069,-192.3011,7334197897.5,,,,,,,
2016-02-01,3955402,8.4738,8.4738,7.9016,8.0542,-0.4305,-5.07,0.85,59570083.51,,,44.5438,4.5999,7.6006,-182.544,6962070965,,,,,,,
2016-02-02,4215569,8.0215,8.4247,8.016,8.4193,0.3651,4.53,0.9,64095311.78,,,46.563,4.8084,7.9452,-190.819,7277672287.5,,,,,,,
2016-02-03,2961133,8.283,8.3375,8.1305,8.2394,-0.1799,-2.14,0.63,44698163.38,,,45.5685,4.7057,7.7755,-186.7433,7122226860,,,,,,,
2016-02-04,3086525,8.3103,8.4247,8.2558,8.3648,0.1254,1.52,0.66,47258781.06,,,46.2616,4.7773,7.8937,-189.584,7230567612.5,,,,,,,
2016-02-05,2642840,8.4138,8.4138,8.0705,8.1196,-0.2452,-2.93,0.56,39794115.01,,,44.9054,4.6372,7.6623,-184.0261,7018596575,,,,,,,
2016-02-15,3040317,7.9016,8.2558,7.3076,8.1958,0.0762,0.94,0.65,44325660.7,,,45.3274,4.6808,7.7343,-185.7552,7084543120,,,,,,,
2016-02-16,4791536,8.1577,8.5936,8.1577,8.4738,0.278,3.39,1.02,74029155.92,,,46.8644,4.8395,7.9966,-192.0541,7324776962.5,,,,,,,
2016-02-17,3582871,8.3811,8.5392,8.3212,8.4901,0.0163,0.19,0.77,55516359.52,,,46.9548,4.8488,8.012,-192.4246,7338908365,,,,,,,
2016-02-18,6987123,8.5337,8.7135,8.3811,8.6645,0.1744,2.05,1.49,110017991.04,,,47.9192,4.9484,8.1766,-196.3769,7489643325,,,,,,,
2016-02-19,3460948,8.561,8.659,8.452,8.5228,-0.1417,-1.64,0.74,54312488.62,,,47.1356,4.8675,8.0429,-193.1657,7367171170,,,,,,,
2016-02-22,4709020,8.6645,8.828,8.452,8.5827,0.0599,0.7,1.01,74514363.3,,,47.4672,4.9017,8.0994,-194.5243,7418986312.5,,,,,,,
2016-02-23,8585524,8.8498,9.253,8.6318,8.7353,0.1526,1.78,1.84,140336317.98,,,48.311,4.9889,8.2434,-197.9825,7550879402.5,,,,,,,
2016-02-24,5611233,8.501,8.6645,8.2122,8.4683,-0.267,-3.06,1.2,86691197.5,,,46.8343,4.8364,7.9915,-191.9306,7320066495,,,,,,,
2016-02-25,5537758,8.3539,8.452,7.6237,7.6291,-0.8392,-9.91,1.18,80806184.16,,,42.193,4.3571,7.1995,-172.9104,6594654500,,,,,,,
2016-02-26,2976919,7.6727,7.8416,7.4656,7.7217,0.0926,1.21,0.64,42231407.49,,,42.7054,4.41,7.2869,-175.0101,6674732447.5,,,,,,,
2016-02-29,4781218,7.5801,7.8307,6.9479,6.9861,-0.7356,-9.53,1.02,62760170.34,,,38.6368,3.9899,6.5927,-158.3366,6038819335,,,,,,,
2016-03-01,2735469,7.0079,7.1877,6.7572,7.1169,0.1308,1.87,0.58,35387437.98,,,39.3601,4.0646,6.7161,-161.3007,6151870555,,,,,,,
2016-03-02,3082810,7.1441,7.4493,7.0842,7.4275,0.3106,4.36,0.66,41158145.09,,,41.0779,4.242,7.0092,-168.3407,6420367202.5,,,,,,,
2016-03-03,5161457,7.5201,7.7109,7.4275,7.6618,0.2343,3.15,1.1,71609184.89,,,42.3739,4.3758,7.2304,-173.6515,6622917305,,,,,,,
2016-03-04,4345711,7.6782,7.6782,7.0188,7.1714,-0.4904,-6.4,0.93,58367691.94,,,39.6614,4.0957,6.7675,-162.5358,6198975230,,,,,,,
2016-03-07,3796542,7.1877,7.4547,7.1877,7.2858,0.1144,1.6,0.81,50980290.69,,,40.2943,4.161,6.8755,-165.1295,6297895047.5,,,,,,,
2016-03-08,4633205,7.2477,7.373,6.8989,7.3566,0.0708,0.97,0.99,60640989.47,,,40.6861,4.2015,6.9424,-166.7351,6359131125,,,,,,,
2016-03-09,4904512,7.2586,7.5964,7.0951,7.4656,0.109,1.48,1.05,66805799.86,,,41.2889,4.2637,7.0452,-169.2052,6453340475,,,,,,,
2016-03-10,2860089,7.4711,7.6237,7.2477,7.3294,-0.1362,-1.82,0.61,39375314.67,,,40.5354,4.1859,6.9167,-166.1175,6335578787.5,,,,,,,
2016-03-11,2084179,7.3893,7.4111,7.1768,7.3512,0.0218,0.3,0.45,28046900.11,,,40.656,4.1984,6.9372,-166.6116,6354420657.5,,,,,,,
2016-03-14,14506748,7.4547,8.0869,7.3675,7.9561,0.6049,8.23,3.1,205818649.75,,,44.0013,4.5438,7.5081,-180.3209,6877282550,,,,,,,
2016-03-15,5977230,7.7926,7.8907,7.6291,7.7326,-0.2235,-2.81,1.28,85022745.37,,,42.7656,4.4162,7.2972,-175.2571,6684153382.5,,,,,,,
2016-03-16,2510816,7.8307,7.9234,7.6128,7.64,-0.0926,-1.2,0.54,35511870.81,,,42.2533,4.3633,7.2098,-173.1575,6604075435,,,,,,,
2016-03-17,4110445,7.7435,7.9997,7.6509,7.8907,0.2507,3.28,0.88,59311235.18,,,43.6396,4.5065,7.4463,-178.8388,6820756940,,,,,,,
2016-03-18,4243680,7.8961,8.2122,7.8471,8.1305,0.2398,3.04,0.91,62861487.1,,,44.9657,4.6434,7.6726,-184.2731,7028017510,,,,,,,
2016-03-21,13464820,8.9424,8.9424,8.5065,8.6754,0.5449,6.7,2.88,215408066.14,,,47.9795,4.9546,8.1869,-196.6239,7499064260,,,,,,,
2016-03-22,8232257,8.61,8.8661,8.4465,8.6754,0,0,1.76,131334596.48,,,47.9795,4.9546,8.1869,-196.6239,7499064260,,,,,,,
2016-03-23,14541334,8.7626,8.7626,8.2558,8.5664,-0.109,-1.26,3.11,225692201.38,,,47.3767,4.8924,8.084,-194.1537,7404854910,,,,,,,
2016-03-24,7299003,8.4193,8.6263,8.3375,8.4084,-0.158,-1.84,1.56,113470589.51,,,46.5027,4.8021,7.9349,-190.572,7268251352.5,,,,,,,
2016-03-25,3754405,8.4574,8.5228,8.2885,8.4247,0.0163,0.19,0.8,57942995.93,,,46.5932,4.8115,7.9503,-190.9425,7282382755,,,,,,,
2016-03-28,5305870,8.4683,8.5827,8.3321,8.3375,-0.0872,-1.04,1.13,82361153.87,,,46.1109,4.7617,7.868,-188.9664,7207015275,,,,,,,
2016-03-29,4172969,8.3375,8.4302,8.1686,8.234,-0.1035,-1.24,0.89,63390563.84,,,45.5383,4.7026,7.7703,-186.6198,7117516392.5,,,,,,,
2016-03-30,5430009,8.283,8.5555,8.283,8.501,0.267,3.24,1.16,83952044.38,,,47.0151,4.8551,8.0223,-192.6716,7348329300,,,,,,,
2016-03-31,5606348,8.5827,8.5882,8.3811,8.5065,0.0055,0.06,1.2,87345702.46,,,45.632,4.766,7.7475,129.2144,7353039767.5,,,,,,,
2016-04-01,3142819,8.452,8.452,8.2721,8.3811,-0.1254,-1.47,0.67,48091299.92,,,44.9596,4.6958,7.6334,127.3106,7244699015,,,,,,,
2016-04-05,7330637,8.3593,8.6318,8.3593,8.5446,0.1635,1.95,1.57,114468626.94,,,45.8366,4.7874,7.7823,129.7939,7386013040,,,,,,,
2016-04-06,6516529,8.5283,8.6645,8.5065,8.6318,0.0872,1.02,1.39,102636745.6,,,46.3043,4.8362,7.8617,131.1183,7461380520,,,,,,,
2016-04-07,5741368,8.6372,8.6917,8.4411,8.4574,-0.1744,-2.02,1.23,89723469.99,,,45.3689,4.7385,7.7029,128.4694,7310645560,,,,,,,
2016-04-08,4124923,8.4356,8.4465,8.283,8.3593,-0.0981,-1.16,0.88,63127860.69,,,44.8427,4.6836,7.6135,126.9795,7225857145,,,,,,,
2016-04-11,5631080,8.4084,8.6045,8.4084,8.5719,0.2126,2.54,1.2,88253231.38,,,45.9828,4.8026,7.8071,130.2078,7409565377.5,,,,,,,
2016-04-12,4827503,8.5664,8.6209,8.452,8.5446,-0.0273,-0.32,1.03,75684005.1,,,45.8366,4.7874,7.7823,129.7939,7386013040,,,,,,,
2016-04-13,8598180,8.5501,8.7735,8.5501,8.7081,0.1635,1.91,1.84,136768075.98,,,46.7136,4.879,7.9312,132.2772,7527327065,,,,,,,
2016-04-14,7852000,8.6808,8.8661,8.6045,8.8552,0.1471,1.69,1.68,125485558.04,,,47.5028,4.9614,8.0652,134.5121,7654509687.5,,,,,,,
2016-04-15,9745452,8.8825,8.8825,8.6536,8.7571,-0.0981,-1.11,2.08,156216977.78,,,46.9767,4.9064,7.9759,133.0222,7569721272.5,,,,,,,
2016-04-18,7883464,8.6645,8.8716,8.6318,8.828,0.0709,0.81,1.68,126845351.9,,,47.3567,4.9461,8.0404,134.0983,7630957350,,,,,,,
2016-04-19,6019255,8.8825,8.9043,8.5827,8.6372,-0.1908,-2.16,1.29,96344463.11,,,46.3335,4.8393,7.8667,131.2011,7466090987.5,,,,,,,
2016-04-20,11835926,8.6606,8.7196,7.824,8.1488,-0.4884,-5.65,1.41,99293780.42,,,43.5681,4.6253,7.3971,123.3704,7020480762,,,,,,,
2016-04-21,5728705,7.9913,8.3653,7.8929,7.9815,-0.1673,-2.05,0.68,47519072.27,,,42.6736,4.5303,7.2453,120.8374,6876340456.5,,,,,,,
2016-04-22,4358608,7.952,8.2079,7.952,8.0996,0.1181,1.48,0.52,35638245.99,,,43.3051,4.5974,7.3525,122.6254,6978086554.5,,,,,,,
2016-04-25,5054096,8.0701,8.1882,7.9028,8.0504,-0.0492,-0.61,0.6,41384217.83,,,43.042,4.5694,7.3078,121.8804,6935692347,,,,,,,
2016-04-26,3393918,8.0602,8.1586,7.9913,8.1488,0.0984,1.22,0.4,27912945.08,,,43.5681,4.6253,7.3971,123.3704,7020480762,,,,,,,
2016-04-27,3567137,8.1488,8.1586,8.0504,8.0504,-0.0984,-1.21,0.42,29414025.98,,,43.042,4.5694,7.3078,121.8804,6935692347,,,,,,,
2016-04-28,5444506,8.0504,8.1783,7.9913,8.1488,0.0984,1.22,0.65,44681056.74,,,43.5681,4.6253,7.3971,123.3704,7020480762,,,,,,,
2016-04-29,2689660,8.0504,8.1488,8.0504,8.0504,-0.0984,-1.21,0.32,22111405.19,,,43.042,4.5694,7.3078,121.8804,6935692347,,,,,,,
2016-05-03,6005270,8.0799,8.4145,8.0405,8.3456,0.2952,3.67,0.71,50505442.95,,,44.6205,4.737,7.5758,126.3504,7190057592,,,,,,,
2016-05-04,8822777,8.4145,8.5523,8.2866,8.4441,0.0985,1.18,1.05,76075248.43,,,45.1467,4.7929,7.6652,127.8403,7274846007,,,,,,,
2016-05-05,6003285,8.4244,8.6114,8.3063,8.5818,0.1377,1.63,0.71,51524772.04,,,45.8834,4.8711,7.7902,129.9263,7393549788,,,,,,,
2016-05-06,5785088,8.5917,8.6114,8.1488,8.1488,-0.433,-5.05,0.69,48982960.48,,,43.5681,4.6253,7.3971,123.3704,7020480762,,,,,,,
2016-05-09,7756669,8.1193,8.1193,7.3418,7.6863,-0.4625,-5.68,0.92,61591944.94,,,41.0951,4.3627,6.9773,116.3675,6621975211.5,,,,,,,
2016-05-10,3224241,7.6666,7.8437,7.5878,7.7059,0.0196,0.25,0.38,25187437.56,,,41.2003,4.3739,6.9951,116.6655,6638932894.5,,,,,,,
2016-05-11,2770230,7.765,7.8142,7.6272,7.6469,-0.059,-0.77,0.33,21721949.91,,,40.8846,4.3404,6.9415,115.7715,6588059845.5,,,,,,,
2016-05-12,3269187,7.5288,7.765,7.4599,7.6961,0.0492,0.64,0.39,25422709.36,,,41.1477,4.3683,6.9862,116.5165,6630454053,,,,,,,
2016-05-13,1528199,7.6764,7.7551,7.6272,7.6469,-0.0492,-0.64,0.18,11924318.2,,,40.8846,4.3404,6.9415,115.7715,6588059845.5,,,,,,,
2016-05-16,3011821,7.6764,7.765,7.578,7.6961,0.0492,0.64,0.36,23558960.57,,,41.1477,4.3683,6.9862,116.5165,6630454053,,,,,,,
2016-05-17,3051820,7.7256,7.7748,7.6272,7.7059,0.0098,0.13,0.36,23886296.75,,,41.2003,4.3739,6.9951,116.6655,6638932894.5,,,,,,,
2016-05-18,3906058,7.6567,7.6567,7.4304,7.4599,-0.246,-3.19,0.46,29737072.03,,,39.8849,4.2343,6.7718,112.9405,6426961857,,,,,,,
2016-05-19,4155627,7.4993,7.7551,7.4697,7.5485,0.0886,1.19,0.49,32247613.72,,,40.3584,4.2845,6.8522,114.2815,6503271430.5,,,,,,,
2016-05-20,2067743,7.4993,7.6666,7.4993,7.6567,0.1082,1.43,0.25,15967834.07,,,40.9372,4.346,6.9505,115.9205,6596538687,,,,,,,
2016-05-23,3337883,7.6469,7.8339,7.6469,7.7748,0.1181,1.54,0.4,26360902.97,,,41.5686,4.413,7.0577,117.7085,6698284785,,,,,,,
2016-05-24,3889965,7.7748,7.9323,7.6764,7.9323,0.1575,2.03,0.46,30840388.61,,,42.4105,4.5024,7.2006,120.0924,6833946249,,,,,,,
2016-05-25,3921027,7.9224,7.9717,7.7551,7.824,-0.1083,-1.37,0.47,31286495.46,,,41.8317,4.4409,7.1023,118.4535,6740678992.5,,,,,,,
2016-05-26,3141730,7.7748,7.824,7.5583,7.7748,-0.0492,-0.63,0.37,24520328.78,,,41.5686,4.413,7.0577,117.7085,6698284785,,,,,,,
2016-05-27,2779816,7.7453,7.8142,7.6272,7.6961,-0.0787,-1.01,0.33,21751106.28,,,41.1477,4.3683,6.9862,116.5165,6630454053,,,,,,,
2016-05-30,3241733,7.6567,7.7158,7.5485,7.6863,-0.0098,-0.13,0.38,25159679.17,,,41.0951,4.3627,6.9773,116.3675,6621975211.5,,,,,,,
2016-05-31,5981772,7.7256,7.9913,7.6469,7.9618,0.2755,3.58,0.71,48041767.52,,,42.5684,4.5191,7.2274,120.5394,6859382773.5,,,,,,,
2016-06-01,4921073,7.9618,8.0405,7.8831,7.9323,-0.0295,-0.37,0.58,39810823.8,,,42.4105,4.5024,7.2006,120.0924,6833946249,,,,,,,
2016-06-02,4589444,7.9224,7.9913,7.8929,7.9618,0.0295,0.37,0.55,37018191.69,,,42.5684,4.5191,7.2274,120.5394,6859382773.5,,,,,,,
2016-06-03,6383047,7.952,8.0898,7.9126,8.0602,0.0984,1.24,0.76,51937184.6,,,43.0946,4.575,7.3167,122.0294,6944171188.5,,,,,,,
2016-06-06,13931816,8.2669,8.5129,8.2275,8.2866,0.2264,2.81,1.65,118265715.44,,,44.3048,4.7035,7.5222,125.4564,7139184543,,,,,,,
2016-06-07,4898021,8.2472,8.3161,8.1488,8.2866,0,0,0.58,40869157.44,,,44.3048,4.7035,7.5222,125.4564,7139184543,,,,,,,
2016-06-08,3558859,8.2472,8.2964,8.0996,8.1882,-0.0984,-1.19,0.42,29576116.96,,,43.7786,4.6476,7.4329,123.9664,7054396128,,,,,,,
2016-06-13,5413837,8.0701,8.1094,7.9028,7.9028,-0.2854,-3.49,0.64,43938980.74,,,42.2527,4.4856,7.1738,119.6454,6808509724.5,,,,,,,
2016-06-14,11605949,7.8929,7.9421,7.5288,7.6666,-0.2362,-2.99,1.38,90396559.83,,,40.9898,4.3516,6.9594,116.0695,6605017528.5,,,,,,,
2016-06-15,6831008,7.4993,7.9717,7.4796,7.8536,0.187,2.44,0.81,54120671.28,,,41.9896,4.4577,7.1291,118.9005,6766115517,,,,,,,
2016-06-16,4728427,7.824,7.8634,7.6863,7.7059,-0.1477,-1.88,0.56,37183915.21,,,41.2003,4.3739,6.9951,116.6655,6638932894.5,,,,,,,
2016-06-17,3838335,7.6764,7.8831,7.6764,7.7748,0.0689,0.89,0.46,30438658.32,,,41.5686,4.413,7.0577,117.7085,6698284785,,,,,,,
2016-06-20,5701014,7.8142,7.8339,7.5485,7.8044,0.0296,0.38,0.68,44758696.84,,,41.7265,4.4298,7.0845,118.1555,6723721309.5,,,,,,,
2016-06-21,5521911,7.824,8.0012,7.7847,7.7945,-0.0099,-0.13,0.66,44307420.45,,,41.6739,4.4242,7.0755,118.0065,6715242468,,,,,,,
2016-06-22,5080664,7.8536,8.0012,7.8044,8.0012,0.2067,2.65,0.6,40969225.58,,,42.7789,4.5415,7.2631,121.1354,6893298139.5,,,,,,,
2016-06-23,4816955,8.0209,8.0504,7.8536,7.9421,-0.0591,-0.74,0.57,38927439.43,,,42.4632,4.508,7.2095,120.2414,6842425090.5,,,,,,,
2016-06-24,4374208,7.9421,7.9815,7.6764,7.8142,-0.1279,-1.61,0.52,34871068.58,,,41.7791,4.4354,7.0934,118.3045,6732200151,,,,,,,
2016-06-27,6555841,7.7059,8.0701,7.7059,8.0602,0.246,3.15,0.78,53154863.27,,,43.0946,4.575,7.3167,122.0294,6944171188.5,,,,,,,
2016-06-28,7910351,8.0602,8.326,8.0209,8.2571,0.1969,2.44,0.94,66323232.19,,,44.147,4.6867,7.4954,125.0094,7113748018.5,,,,,,,
2016-06-29,5387023,8.2472,8.385,8.1882,8.2275,-0.0296,-0.36,0.64,45369299.15,,,43.9891,4.67,7.4686,124.5624,7088311494,,,,,,,
2016-06-30,3762386,8.2275,8.2669,8.1193,8.1685,-0.059,-0.72,0.45,31211366.02,,,42.5802,4.5167,6.979,34.0806,7037438445,,,,,,,
2016-07-01,3464427,8.1685,8.3063,8.1094,8.1685,0,0,0.41,28941455.15,,,42.5802,4.5167,6.979,34.0806,7037438445,,,,,,,
2016-07-04,5299175,8.2374,8.3161,8.1685,8.2669,0.0984,1.2,0.63,44587987.61,,,43.0932,4.5711,7.0631,34.4912,7122226860,,,,,,,
2016-07-05,4089407,8.2866,8.326,8.2079,8.2571,-0.0098,-0.12,0.49,34320025.83,,,43.0419,4.5656,7.0546,34.4501,7113748018.5,,,,,,,
2016-07-06,3922867,8.2571,8.3653,8.2177,8.3358,0.0787,0.95,0.47,33089068.8,,,43.4523,4.6092,7.1219,34.7786,7181578750.5,,,,,,,
2016-07-07,6254586,8.3161,8.5622,8.2374,8.4441,0.1083,1.3,0.74,53680678.73,,,44.0167,4.669,7.2144,35.2303,7274846007,,,,,,,
2016-07-08,7012059,8.3653,8.6212,8.3653,8.5425,0.0984,1.17,0.83,60821108.94,,,44.5297,4.7234,7.2985,35.6409,7359634422,,,,,,,
2016-07-11,11342218,8.5425,8.8574,8.5031,8.572,0.0295,0.35,1.35,100818931.35,,,44.6836,4.7398,7.3237,35.7641,7385070946.5,,,,,,,
2016-07-12,9442856,8.6015,8.6901,8.3653,8.4637,-0.1083,-1.26,1.12,81485936.47,,,44.1193,4.6799,7.2312,35.3124,7291803690,,,,,,,
2016-07-13,10875090,8.5031,8.6114,8.4145,8.4342,-0.0295,-0.35,1.29,93766494.42,,,43.9654,4.6636,7.206,35.1892,7266367165.5,,,,,,,
2016-07-14,5812100,8.4244,8.4933,8.3752,8.4736,0.0394,0.47,0.69,49802596.55,,,44.1706,4.6854,7.2396,35.3535,7300282531.5,,,,,,,
2016-07-15,3991110,8.4342,8.4736,8.3555,8.3752,-0.0984,-1.16,0.47,34103111.02,,,43.6576,4.6309,7.1555,34.9429,7215494116.5,,,,,,,
2016-07-18,4488366,8.385,8.4736,8.326,8.4047,0.0295,0.35,0.53,38345546.31,,,43.8115,4.6473,7.1808,35.066,7240930641,,,,,,,
2016-07-19,9171317,8.4047,8.4047,8.139,8.3063,-0.0984,-1.17,1.09,76798257.97,,,43.2984,4.5928,7.0967,34.6554,7156142226,,,,,,,
2016-07-20,3204378,8.2669,8.326,8.2374,8.2571,-0.0492,-0.59,0.38,26973827.74,,,43.0419,4.5656,7.0546,34.4501,7113748018.5,,,,,,,
2016-07-21,3728534,8.2571,8.3653,8.2472,8.2866,0.0295,0.36,0.44,31479636.18,,,43.1958,4.582,7.0799,34.5733,7139184543,,,,,,,
2016-07-22,4554270,8.3358,8.385,8.2767,8.3161,0.0295,0.36,0.54,38601945.33,,,43.3497,4.5983,7.1051,34.6965,7164621067.5,,,,,,,
2016-07-25,4736743,8.2669,8.3456,8.2374,8.2669,-0.0492,-0.59,0.56,39832252.91,,,43.0932,4.5711,7.0631,34.4912,7122226860,,,,,,,
2016-07-26,6091051,8.2275,8.385,8.2275,8.326,0.0591,0.71,0.72,51511268.69,,,43.401,4.6037,7.1135,34.7376,7173099909,,,,,,,
2016-07-27,9958529,8.3358,8.3555,7.8634,7.9126,-0.4134,-4.97,1.18,82041199.57,,,41.2464,4.3752,6.7604,33.013,6816988566,,,,,,,
2016-07-28,5647532,7.8732,8.011,7.8732,7.952,0.0394,0.5,0.67,45525587.8,,,41.4516,4.3969,6.794,33.1772,6850903932,,,,,,,
2016-07-29,7520820,7.8929,8.0602,7.765,7.8044,-0.1476,-1.86,0.89,60131757.84,,,40.6821,4.3153,6.6679,32.5613,6723721309.5,,,,,,,
2016-08-01,5238380,7.7158,7.9126,7.6764,7.8929,0.0885,1.13,0.62,41589076.96,,,41.1438,4.3643,6.7435,32.9309,6800030883,,,,,,,
2016-08-02,3906129,7.8732,8.0405,7.824,8.0307,0.1378,1.75,0.46,31592382.38,,,41.862,4.4405,6.8613,33.5057,6918734664,,,,,,,
2016-08-03,3951164,8.0012,8.1094,7.952,8.0701,0.0394,0.49,0.47,32362103.82,,,42.0672,4.4622,6.8949,33.67,6952650030,,,,,,,
2016-08-04,2616636,8.0209,8.1094,8.0012,8.0996,0.0295,0.37,0.31,21449848.99,,,42.2211,4.4786,6.9201,33.7931,6978086554.5,,,,,,,
2016-08-05,2467504,8.0701,8.1193,8.0012,8.0602,-0.0394,-0.49,0.29,20169207.78,,,42.0159,4.4568,6.8865,33.6289,6944171188.5,,,,,,,
2016-08-08,3389494,8.0012,8.0602,7.9126,8.0307,-0.0295,-0.37,0.4,27541291.02,,,41.862,4.4405,6.8613,33.5057,6918734664,,,,,,,
2016-08-09,5420924,8.0209,8.1094,7.9913,8.1094,0.0787,0.98,0.64,44416974.29,,,42.2724,4.484,6.9285,33.8342,6986565396,,,,,,,
2016-08-10,2573921,8.0898,8.139,8.0209,8.0602,-0.0492,-0.61,0.31,21189101.05,,,42.0159,4.4568,6.8865,33.6289,6944171188.5,,,,,,,
2016-08-11,2714557,8.0209,8.1193,8.0209,8.0307,-0.0295,-0.37,0.32,22253389.39,,,41.862,4.4405,6.8613,33.5057,6918734664,,,,,,,
2016-08-12,2535760,8.0701,8.1291,7.9913,8.1193,0.0886,1.1,0.3,20811475.29,,,42.3237,4.4895,6.9369,33.8753,6995044237.5,,,,,,,
2016-08-15,11723852,8.1193,8.2767,8.0307,8.2571,0.1378,1.7,1.39,97275371.61,,,43.0419,4.5656,7.0546,34.4501,7113748018.5,,,,,,,
2016-08-16,13295526,8.2571,8.6015,8.2177,8.5622,0.3051,3.7,1.58,113583020.36,,,44.6323,4.7343,7.3153,35.723,7376592105,,,,,,,
2016-08-17,7233208,8.5228,8.6507,8.4637,8.5031,-0.0591,-0.69,0.86,62763943.05,,,48.8769,3.7722,8.011,39.1203,8078113825.92,,,,,,,
2016-08-18,5323976,8.5129,8.6114,8.4145,8.4539,-0.0492,-0.58,0.63,45898961.43,,,48.594,3.7504,7.9646,38.8939,8031365482.02,,,,,,,
2016-08-19,3701779,8.5129,8.5129,8.3752,8.4441,-0.0098,-0.12,0.44,31829290.2,,,48.5374,3.7461,7.9554,38.8486,8022015813.24,,,,,,,
2016-08-22,12129155,8.5228,8.7688,8.4244,8.6015,0.1574,1.86,1.44,105950233.31,,,49.4426,3.8159,8.1037,39.5731,8171610513.72,,,,,,,
2016-08-23,7036816,8.5818,8.6015,8.2964,8.4441,-0.1574,-1.83,0.84,60485780.44,,,48.5374,3.7461,7.9554,38.8486,8022015813.24,,,,,,,
2016-08-24,6787320,8.4145,8.4637,8.2571,8.3948,-0.0493,-0.58,0.81,57575264.95,,,48.2546,3.7242,7.909,38.6222,7975267469.34,,,,,,,
2016-08-25,4522360,8.3653,8.3948,8.2079,8.3555,-0.0393,-0.47,0.54,38159218.11,,,48.0283,3.7068,7.8719,38.4411,7937868794.22,,,,,,,
2016-08-26,8712852,8.4047,8.5818,8.3161,8.5523,0.1968,2.36,1.03,75263289.19,,,49.1597,3.7941,8.0574,39.3467,8124862169.82,,,,,,,
2016-08-29,3972531,8.6212,8.6212,8.4933,8.5425,-0.0098,-0.11,0.47,34493525.93,,,49.1031,3.7897,8.0481,39.3014,8115512501.04,,,,,,,
2016-08-30,4600191,8.5523,8.6015,8.4047,8.4736,-0.0689,-0.81,0.55,39552432.32,,,48.7071,3.7592,7.9832,38.9845,8050064819.58,,,,,,,
2016-08-31,6617252,8.4539,8.6114,8.3456,8.6015,0.1279,1.51,0.79,57190276.89,,,49.4426,3.8159,8.1037,39.5731,8171610513.72,,,,,,,
2016-09-01,5183794,8.5622,8.6507,8.4539,8.5129,-0.0886,-1.03,0.62,44913390.47,,,48.9334,3.7766,8.0203,39.1656,8087463494.7,,,,,,,
2016-09-02,2934261,8.4637,8.5326,8.4441,8.5031,-0.0098,-0.12,0.35,25337669.05,,,48.8769,3.7722,8.011,39.1203,8078113825.92,,,,,,,
2016-09-05,3169183,8.5228,8.5326,8.4441,8.5031,0,0,0.38,27296230.15,,,48.8769,3.7722,8.011,39.1203,8078113825.92,,,,,,,
2016-09-06,6065317,8.4539,8.6114,8.3358,8.572,0.0689,0.81,0.72,52323143.39,,,49.2729,3.8028,8.0759,39.4373,8143561507.38,,,,,,,
2016-09-07,4447225,8.5818,8.6015,8.4933,8.5228,-0.0492,-0.57,0.53,38580968.21,,,48.99,3.781,8.0295,39.2109,8096813163.48,,,,,,,
2016-09-08,7711647,8.5326,8.7098,8.4834,8.6114,0.0886,1.04,0.92,67395661.33,,,49.4991,3.8203,8.113,39.6184,8180960182.5,,,,,,,
2016-09-09,4965147,8.5818,8.6507,8.4637,8.5622,-0.0492,-0.57,0.59,43237264.87,,,49.2163,3.7984,8.0666,39.392,8134211838.6,,,,,,,
2016-09-12,5798738,8.4244,8.4736,8.2275,8.2571,-0.3051,-3.56,0.69,49146148.1,,,47.4626,3.6631,7.7792,37.9884,7844372106.42,,,,,,,
2016-09-13,3457860,8.2571,8.3358,8.198,8.3063,0.0492,0.6,0.41,29005153.2,,,47.7454,3.6849,7.8256,38.2147,7891120450.32,,,,,,,
2016-09-14,2794676,8.2472,8.3161,8.198,8.2767,-0.0296,-0.36,0.33,23443147.73,,,47.5757,3.6718,7.7977,38.0789,7863071443.98,,,,,,,
2016-09-19,7244870,8.2866,8.4244,8.1193,8.1882,-0.0885,-1.07,0.86,60569752.85,,,47.0666,3.6325,7.7143,37.6714,7778924424.96,,,,,,,
2016-09-20,8859051,8.2177,8.2177,7.9717,8.011,-0.1772,-2.16,1.05,72591465.21,,,46.0483,3.5539,7.5474,36.8564,7610630386.92,,,,,,,
2016-09-21,5484395,8.011,8.0799,7.9717,8.0307,0.0197,0.25,0.65,44772564.8,,,46.1615,3.5627,7.5659,36.947,7629329724.48,,,,,,,
2016-09-22,6870316,8.0602,8.2177,8.0602,8.2079,0.1772,2.21,0.82,56830732.48,,,47.1797,3.6413,7.7328,37.762,7797623762.52,,,,,,,
2016-09-23,2726938,8.198,8.198,8.0996,8.139,-0.0689,-0.84,0.32,22573635.79,,,46.7838,3.6107,7.6679,37.445,7732176081.06,,,,,,,
2016-09-26,3143619,8.0898,8.1586,8.0307,8.0307,-0.1083,-1.33,0.37,25854979.77,,,46.1615,3.5627,7.5659,36.947,7629329724.48,,,,,,,
2016-09-27,2250457,7.9815,8.1586,7.952,8.1291,0.0984,1.23,0.27,18356150.04,,,46.7272,3.6063,7.6587,37.3997,7722826412.28,,,,,,,
2016-09-28,2263029,8.1193,8.1291,8.0012,8.0602,-0.0689,-0.85,0.27,18467999.42,,,46.3312,3.5758,7.5938,37.0828,7657378730.82,,,,,,,
2016-09-29,2021870,8.1094,8.1094,8.0012,8.0701,0.0099,0.12,0.24,16575098.2,,,46.3878,3.5801,7.603,37.1281,7666728399.6,,,,,,,
2016-09-30,1917880,8.0701,8.1882,8.0701,8.1193,0.0492,0.61,0.23,15845434.42,,,45.2361,3.5488,7.1303,44.4555,7713476743.5,,,,,,,
2016-10-10,6852986,8.1685,8.385,8.0898,8.3063,0.187,2.3,0.81,57483974.83,,,46.2779,3.6306,7.2945,45.4793,7891120450.32,,,,,,,
2016-10-11,3341965,8.3161,8.385,8.2669,8.326,0.0197,0.24,0.39,28240769.18,,,46.3875,3.6392,7.3118,45.587,7909819787.88,,,,,,,
2016-10-12,5099025,8.2964,8.3456,8.1488,8.198,-0.128,-1.54,0.6,42561279.91,,,45.6747,3.5832,7.1995,44.8865,7788274093.74,,,,,,,
2016-10-13,3066818,8.2079,8.2275,8.1783,8.2177,0.0197,0.24,0.36,25573393.67,,,45.7844,3.5918,7.2168,44.9943,7806973431.3,,,,,,,
2016-10-14,4358343,8.2275,8.3555,8.2177,8.2964,0.0787,0.96,0.51,36706468.38,,,46.223,3.6263,7.2859,45.4254,7881770781.54,,,,,,,
2016-10-17,3708060,8.3358,8.4047,8.2374,8.2472,-0.0492,-0.59,0.44,31275358.4,,,45.9489,3.6047,7.2427,45.156,7835022437.64,,,,,,,
2016-10-18,4805415,8.2669,8.4342,8.2177,8.4145,0.1673,2.03,0.57,40711259.47,,,46.881,3.6779,7.3896,46.072,7993966806.9,,,,,,,
2016-10-19,3751816,8.3752,8.4145,8.2866,8.3555,-0.059,-0.7,0.44,31796149.63,,,46.552,3.6521,7.3378,45.7487,7937868794.22,,,,,,,
2016-10-20,4451798,8.3555,8.4342,8.3161,8.4047,0.0492,0.59,0.52,38035068.61,,,46.8262,3.6736,7.381,46.0181,7984617138.12,,,,,,,
2016-10-21,5007214,8.3752,8.5031,8.3456,8.4244,0.0197,0.23,0.59,42889502.56,,,46.9358,3.6822,7.3983,46.1259,8003316475.68,,,,,,,
2016-10-24,3521521,8.4342,8.4933,8.3456,8.4047,-0.0197,-0.23,0.42,30160622.5,,,46.8262,3.6736,7.381,46.0181,7984617138.12,,,,,,,
2016-10-25,2577835,8.3948,8.4342,8.3555,8.385,-0.0197,-0.23,0.3,21988257.09,,,46.7165,3.665,7.3637,45.9104,7965917800.56,,,,,,,
2016-10-26,3542755,8.3752,8.4244,8.3161,8.3752,-0.0098,-0.12,0.42,30122968.31,,,46.6617,3.6607,7.355,45.8565,7956568131.78,,,,,,,
2016-10-27,1818222,8.3752,8.3948,8.3358,8.3653,-0.0099,-0.12,0.21,15449479.47,,,46.6068,3.6564,7.3464,45.8026,7947218463,,,,,,,
2016-10-28,5924000,8.3653,8.4244,8.2571,8.3653,0,0,0.7,50176383.18,,,46.6068,3.6564,7.3464,45.8026,7947218463,,,,,,,
2016-10-31,12601813,8.3653,8.6409,8.326,8.5129,0.1476,1.76,1.49,109222051.58,,,47.4293,3.7209,7.476,46.6109,8087463494.7,,,,,,,
2016-11-01,5676762,8.5031,8.5622,8.4539,8.5031,-0.0098,-0.12,0.67,49060283.8,,,47.3745,3.7166,7.4674,46.557,8078113825.92,,,,,,,
2016-11-02,8353226,8.5031,8.6606,8.4637,8.6015,0.0984,1.16,0.99,73120210.11,,,47.9228,3.7596,7.5538,47.0958,8171610513.72,,,,,,,
2016-11-03,12323590,8.631,8.8476,8.572,8.6606,0.0591,0.69,1.45,109568508.88,,,48.2518,3.7854,7.6057,47.4192,8227708526.4,,,,,,,
2016-11-04,8716500,8.7295,8.8082,8.5917,8.7393,0.0787,0.91,1.03,77133845.32,,,48.6904,3.8198,7.6748,47.8502,8302505876.64,,,,,,,
2016-11-07,15843573,8.7295,9.0936,8.6606,8.8968,0.1575,1.8,1.87,143863409.38,,,49.5677,3.8887,7.8131,48.7124,8452100577.12,,,,,,,
2016-11-08,14376054,8.9066,9.192,8.9066,9.133,0.2362,2.65,1.7,133061180.16,,,50.8837,3.9919,8.0205,50.0057,8676492627.84,,,,,,,
2016-11-09,27704706,9.4577,9.6349,8.9952,9.0149,-0.1181,-1.29,3.27,260115322.13,,,50.2257,3.9403,7.9168,49.359,8564296602.48,,,,,,,
2016-11-10,16094841,9.1034,9.2314,8.9558,9.0247,0.0098,0.11,1.9,147788021.76,,,50.2806,3.9446,7.9255,49.4129,8573646271.26,,,,,,,
2016-11-11,11689983,8.9952,9.1231,8.8869,8.9066,-0.1181,-1.31,1.38,106690741.03,,,49.6226,3.893,7.8218,48.7663,8461450245.9,,,,,,,
2016-11-14,13844897,8.9066,9.0838,8.8377,8.9361,0.0295,0.33,1.63,125665375.03,,,49.7871,3.9059,7.8477,48.9279,8489499252.24,,,,,,,
2016-11-15,5579502,8.9558,9.005,8.9066,8.9755,0.0394,0.44,0.66,50719202.59,,,50.0064,3.9231,7.8823,49.1435,8526897927.36,,,,,,,
2016-11-16,10266617,9.0345,9.2019,9.0149,9.0247,0.0492,0.55,1.21,94812135.43,,,50.2806,3.9446,7.9255,49.4129,8573646271.26,,,,,,,
2016-11-17,9909146,9.005,9.1034,8.7787,8.8476,-0.1771,-1.96,1.17,89357509.42,,,49.2936,3.8671,7.7699,48.443,8405352233.22,,,,,,,
2016-11-18,14264968,8.8968,9.3495,8.818,9.2215,0.3739,4.23,1.68,131595282.96,,,51.3772,4.0306,8.0983,50.4906,8760639646.86,,,,,,,
2016-11-21,30184469,9.2412,9.4479,8.9164,8.9952,-0.2263,-2.45,3.56,282035605.36,,,50.1161,3.9317,7.8995,49.2513,8545597264.92,,,,,,,
2016-11-22,16443156,8.9361,9.1526,8.7885,9.0936,0.0984,1.09,1.94,148852218.85,,,50.6644,3.9747,7.986,49.7901,8639093952.72,,,,,,,
2016-11-23,10903249,9.0149,9.0542,8.8672,8.9066,-0.187,-2.06,1.29,99523077.12,,,49.6226,3.893,7.8218,48.7663,8461450245.9,,,,,,,
2016-11-24,8634444,8.8377,9.0149,8.8082,8.9164,0.0098,0.11,1.02,78444450.6,,,49.6774,3.8973,7.8304,48.8202,8470799914.68,,,,,,,
2016-11-25,12888794,8.8476,9.0739,8.8279,8.946,0.0296,0.33,1.52,117207157.04,,,49.8419,3.9102,7.8563,48.9818,8498848921.02,,,,,,,
2016-11-28,9557178,8.9657,9.005,8.8377,9.005,0.059,0.66,1.13,86578727.95,,,50.1709,3.936,7.9082,49.3051,8554946933.7,,,,,,,
2016-11-29,20124102,8.9657,9.0345,8.8082,8.8082,-0.1968,-2.19,2.37,182472695.78,,,49.0743,3.8499,7.7353,48.2274,8367953558.1,,,,,,,
2016-11-30,15556200,8.7885,8.8377,8.6409,8.6802,-0.128,-1.45,1.83,138255158.24,,,48.3615,3.794,7.623,47.5269,8246407863.96,,,,,,,
2016-12-01,8754273,8.6507,8.7295,8.5622,8.6409,-0.0393,-0.45,1.03,76791952.59,,,48.1421,3.7768,7.5884,47.3114,8209009188.84,,,,,,,
2016-12-02,8942953,8.631,8.6606,8.4244,8.4244,-0.2165,-2.51,1.05,77578383,,,46.9358,3.6822,7.3983,46.1259,8003316475.68,,,,,,,
2016-12-05,5501230,8.3456,8.4441,8.2866,8.4145,-0.0099,-0.12,0.65,46796278.64,,,46.881,3.6779,7.3896,46.072,7993966806.9,,,,,,,
2016-12-06,3260088,8.4244,8.4441,8.3456,8.3752,-0.0393,-0.47,0.38,27791435.04,,,46.6617,3.6607,7.355,45.8565,7956568131.78,,,,,,,
2016-12-07,3972841,8.385,8.5031,8.3752,8.4834,0.1082,1.29,0.47,34102941.98,,,47.2648,3.708,7.4501,46.4492,8059414488.36,,,,,,,
2016-12-08,3012176,8.5129,8.5129,8.4342,8.4637,-0.0197,-0.23,0.36,25919707.43,,,47.1552,3.6994,7.4328,46.3414,8040715150.8,,,,,,,
2016-12-09,16430876,8.4637,8.7295,8.385,8.631,0.1673,1.98,1.94,143506876.79,,,48.0873,3.7725,7.5798,47.2575,8199659520.06,,,,,,,
2016-12-12,15126674,8.631,8.631,8.2079,8.326,-0.305,-3.53,1.78,128755838.42,,,46.3875,3.6392,7.3118,45.587,7909819787.88,,,,,,,
2016-12-13,17138736,8.2571,8.5622,8.2472,8.5129,0.1869,2.24,2.02,146246381.63,,,47.4293,3.7209,7.476,46.6109,8087463494.7,,,,,,,
2016-12-14,9189983,8.4342,8.5031,8.3555,8.385,-0.1279,-1.5,1.08,78719002.78,,,46.7165,3.665,7.3637,45.9104,7965917800.56,,,,,,,
2016-12-15,4994705,8.3555,8.4637,8.326,8.3752,-0.0098,-0.12,0.59,42558522.16,,,46.6617,3.6607,7.355,45.8565,7956568131.78,,,,,,,
2016-12-16,3401741,8.326,8.4244,8.326,8.3653,-0.0099,-0.12,0.4,28933557.69,,,46.6068,3.6564,7.3464,45.8026,7947218463,,,,,,,
2016-12-19,12208926,8.3456,8.3653,7.952,7.9815,-0.3838,-4.59,1.44,100633913.14,,,44.4684,3.4886,7.0093,43.7011,7582581380.58,,,,,,,
2016-12-20,6033573,7.952,7.9913,7.824,7.9126,-0.0689,-0.86,0.71,48471286.79,,,44.0846,3.4585,6.9488,43.3239,7517133699.12,,,,,,,
2016-12-21,5732645,7.9224,8.0898,7.9224,8.0898,0.1772,2.24,0.68,46619620.79,,,45.0716,3.5359,7.1044,44.2938,7685427737.16,,,,,,,
2016-12-22,3925129,8.0504,8.0504,7.9618,7.9618,-0.128,-1.58,0.46,31940808.35,,,44.3587,3.48,6.992,43.5933,7563882043.02,,,,,,,
2016-12-23,3286005,7.9717,8.011,7.8437,7.9717,0.0099,0.12,0.39,26507918.64,,,44.4136,3.4843,7.0007,43.6472,7573231711.8,,,,,,,
2016-12-26,5886071,7.9421,7.952,7.8634,7.8831,-0.0886,-1.11,0.69,47211995.15,,,43.9201,3.4456,6.9229,43.1622,7489084692.78,,,,,,,
2016-12-27,4645339,7.8831,7.9028,7.8437,7.8437,-0.0394,-0.5,0.55,37138769.31,,,43.7008,3.4284,6.8883,42.9467,7451686017.66,,,,,,,
2016-12-28,2547926,7.8536,7.8831,7.824,7.8437,0,0,0.3,20314095.1,,,43.7008,3.4284,6.8883,42.9467,7451686017.66,,,,,,,
2016-12-29,2628280,7.8142,7.8831,7.7945,7.8142,-0.0295,-0.38,0.31,20912138.8,,,43.5363,3.4155,6.8624,42.785,7423637011.32,,,,,,,
2016-12-30,2926754,7.8437,7.8634,7.765,7.7748,-0.0394,-0.5,0.49,23215788.53,,,43.3169,3.3983,6.8278,42.5695,7386238336.2,,,,,,,
2017-01-03,4170449,7.7748,7.8536,7.7748,7.8339,0.0591,0.76,0.49,33151030.94,,,42.4096,3.3391,6.6544,43.2795,7442336348.88,,,,,,,
2017-01-04,4612631,7.8044,7.9323,7.7847,7.9323,0.0984,1.26,0.54,36954625.79,,,42.9423,3.3811,6.738,43.8232,7535833036.68,,,,,,,
2017-01-05,3422824,7.9323,7.9717,7.8929,7.9323,0,0,0.4,27626522.28,,,42.9423,3.3811,6.738,43.8232,7535833036.68,,,,,,,
2017-01-06,6448377,7.952,8.011,7.8732,7.8929,-0.0394,-0.5,0.76,52004718.54,,,42.7292,3.3643,6.7045,43.6058,7498434361.56,,,,,,,
2017-01-09,4234048,7.8339,7.9323,7.8339,7.9126,0.0197,0.25,0.5,33953198.6,,,42.8358,3.3727,6.7212,43.7145,7517133699.12,,,,,,,
2017-01-10,2993210,7.9224,7.9323,7.8732,7.8831,-0.0295,-0.37,0.35,24031764.58,,,42.676,3.3601,6.6962,43.5514,7489084692.78,,,,,,,
2017-01-11,4172281,7.8831,7.9028,7.7355,7.7453,-0.1378,-1.75,0.49,33103451.29,,,41.9301,3.3014,6.5791,42.7902,7358189329.86,,,,,,,
2017-01-12,7158322,7.7256,7.8044,7.6764,7.7453,0,0,0.84,56340753.5,,,41.9301,3.3014,6.5791,42.7902,7358189329.86,,,,,,,
2017-01-13,4937595,7.7059,7.8437,7.6567,7.6666,-0.0787,-1.02,0.58,38864212.7,,,41.5038,3.2678,6.5122,42.3552,7283391979.62,,,,,,,
2017-01-16,6442707,7.6075,7.6567,6.9383,7.2237,-0.4429,-5.78,0.76,48070011.69,,,39.1063,3.079,6.1361,39.9085,6862656884.52,,,,,,,
2017-01-17,6533112,7.1843,7.332,7.1154,7.2827,0.059,0.82,0.77,48045165.71,,,39.426,3.1042,6.1862,40.2347,6918754897.2,,,,,,,
2017-01-18,3387258,7.2532,7.2827,7.1647,7.2335,-0.0492,-0.68,0.4,24939535.6,,,39.1596,3.0832,6.1444,39.9629,6872006553.3,,,,,,,
2017-01-19,4247674,7.204,7.2729,7.1351,7.204,-0.0295,-0.41,0.5,31157747.33,,,38.9997,3.0706,6.1193,39.7998,6843957546.96,,,,,,,
2017-01-20,4383409,7.1942,7.3221,7.1843,7.2729,0.0689,0.96,0.52,32441844.7,,,39.3727,3.1,6.1779,40.1804,6909405228.42,,,,,,,
2017-01-23,2900029,7.3024,7.3615,7.2926,7.3221,0.0492,0.68,0.34,21600805.6,,,39.6391,3.121,6.2197,40.4522,6956153572.32,,,,,,,
2017-01-24,2500216,7.3516,7.3516,7.3024,7.3123,-0.0098,-0.13,0.29,18615528.13,,,39.5858,3.1168,6.2113,40.3979,6946803903.54,,,,,,,
2017-01-25,2603279,7.332,7.4205,7.3221,7.391,0.0787,1.08,0.31,19512443.12,,,40.012,3.1503,6.2782,40.8328,7021601253.78,,,,,,,
2017-01-26,1461017,7.4205,7.4501,7.3812,7.4205,0.0295,0.4,0.17,11007875.5,,,40.1719,3.1629,6.3033,40.9959,7049650260.12,,,,,,,
2017-02-03,1790162,7.3812,7.4402,7.3221,7.4008,-0.0197,-0.27,0.21,13439637.16,,,40.0653,3.1545,6.2865,40.8872,7030950922.56,,,,,,,
2017-02-06,3935530,7.4107,7.5485,7.3615,7.5386,0.1378,1.86,0.46,29920707.29,,,40.8112,3.2133,6.4036,41.6484,7161846285.48,,,,,,,
2017-02-07,2665205,7.5386,7.5386,7.4304,7.4796,-0.059,-0.78,0.31,20284194.24,,,40.4915,3.1881,6.3534,41.3222,7105748272.8,,,,,,,
2017-02-08,5087993,7.5189,7.7453,7.4402,7.7059,0.2263,3.03,0.6,39330434.94,,,41.7169,3.2846,6.5457,42.5727,7320790654.74,,,,,,,
2017-02-09,3408556,7.6764,7.7748,7.6469,7.7158,0.0099,0.13,0.4,26691377.48,,,41.7702,3.2888,6.554,42.6271,7330140323.52,,,,,,,
2017-02-10,4608010,7.7453,7.765,7.6666,7.7059,-0.0099,-0.13,0.54,36173521.91,,,41.7169,3.2846,6.5457,42.5727,7320790654.74,,,,,,,
2017-02-13,4510198,7.6764,7.7945,7.6764,7.7748,0.0689,0.89,0.53,35532426.8,,,42.0899,3.3139,6.6042,42.9533,7386238336.2,,,,,,,
2017-02-14,3390892,7.7748,7.8339,7.7256,7.7256,-0.0492,-0.63,0.4,26726107.4,,,41.8235,3.293,6.5624,42.6814,7339489992.3,,,,,,,
2017-02-15,3891409,7.7158,7.7551,7.5878,7.5977,-0.1279,-1.66,0.46,30400067.3,,,41.1309,3.2384,6.4537,41.9746,7217944298.16,,,,,,,
2017-02-16,7342811,7.578,7.6469,7.4697,7.5386,-0.0591,-0.78,0.87,56391444.15,,,40.8112,3.2133,6.4036,41.6484,7161846285.48,,,,,,,
2017-02-17,4991063,7.5682,7.6666,7.5091,7.5288,-0.0098,-0.13,0.59,38424142.74,,,40.7579,3.2091,6.3952,41.594,7152496616.7,,,,,,,
2017-02-20,4580946,7.5386,7.6075,7.5091,7.6075,0.0787,1.05,0.54,35168752.85,,,41.1842,3.2426,6.4621,42.029,7227293966.94,,,,,,,
2017-02-21,6294383,7.5878,7.7256,7.578,7.7059,0.0984,1.29,0.74,49142525.28,,,41.7169,3.2846,6.5457,42.5727,7320790654.74,,,,,,,
2017-02-22,4054276,7.7059,7.7551,7.6075,7.6666,-0.0393,-0.51,0.48,31628678.93,,,41.5038,3.2678,6.5122,42.3552,7283391979.62,,,,,,,
2017-02-23,5128126,7.6666,7.7355,7.5682,7.7355,0.0689,0.9,0.6,40040935.4,,,41.8768,3.2972,6.5708,42.7358,7348839661.08,,,,,,,
2017-02-24,3053424,7.7453,7.7847,7.6961,7.7256,-0.0099,-0.13,0.36,24000685.79,,,41.8235,3.293,6.5624,42.6814,7339489992.3,,,,,,,
2017-02-27,3116480,7.7551,7.7551,7.6272,7.637,-0.0886,-1.15,0.37,24398203.8,,,41.344,3.2552,6.4872,42.1921,7255342973.28,,,,,,,
2017-02-28,7025136,7.7256,7.8437,7.6961,7.8142,0.1772,2.32,0.83,55415021.55,,,42.303,3.3307,6.6376,43.1708,7423637011.32,,,,,,,
2017-03-01,5517819,7.7453,7.9126,7.7453,7.824,0.0098,0.13,0.65,43955009.28,,,42.3563,3.3349,6.646,43.2252,7432986680.1,,,,,,,
2017-03-02,5051725,7.8634,7.8831,7.6961,7.7256,-0.0984,-1.26,0.6,39804760.25,,,41.8235,3.293,6.5624,42.6814,7339489992.3,,,,,,,
2017-03-03,3373415,7.6863,7.7453,7.637,7.7256,0,0,0.4,26352557.37,,,41.8235,3.293,6.5624,42.6814,7339489992.3,,,,,,,
2017-03-06,4170365,7.7256,7.7748,7.6764,7.765,0.0394,0.51,0.49,32788874.18,,,42.0366,3.3098,6.5958,42.8989,7376888667.42,,,,,,,
2017-03-07,4249076,7.7551,7.8044,7.6863,7.7945,0.0295,0.38,0.5,33464344.67,,,42.1964,3.3223,6.6209,43.062,7404937673.76,,,,,,,
2017-03-08,4039655,7.7945,7.8142,7.6961,7.7256,-0.0689,-0.88,0.48,31770834.96,,,41.8235,3.293,6.5624,42.6814,7339489992.3,,,,,,,
2017-03-09,5244203,7.7355,7.7355,7.6272,7.6567,-0.0689,-0.89,0.62,40794201.85,,,41.4506,3.2636,6.5039,42.3008,7274042310.84,,,,,,,
2017-03-10,2499333,7.6567,7.7256,7.637,7.6764,0.0197,0.26,0.29,19496823.13,,,41.5571,3.272,6.5206,42.4096,7292741648.4,,,,,,,
2017-03-13,11530634,7.6567,7.9224,7.5288,7.7748,0.0984,1.28,1.36,90764122.54,,,42.0899,3.3139,6.6042,42.9533,7386238336.2,,,,,,,
2017-03-14,5610308,7.765,7.765,7.637,7.6863,-0.0885,-1.14,0.66,43880055.34,,,41.6104,3.2762,6.529,42.464,7302091317.18,,,,,,,
2017-03-15,3951144,7.6764,7.6764,7.578,7.6272,-0.0591,-0.77,0.47,30598950.79,,,41.2907,3.251,6.4788,42.1377,7245993304.5,,,,,,,
2017-03-16,2550127,7.6075,7.6666,7.6075,7.6469,0.0197,0.26,0.3,19812092.13,,,41.3973,3.2594,6.4955,42.2465,7264692642.06,,,,,,,
2017-03-17,3357255,7.6469,7.6764,7.578,7.578,-0.0689,-0.9,0.4,26062812.43,,,41.0243,3.23,6.437,41.8659,7199244960.6,,,,,,,
2017-03-20,7622219,7.6272,7.765,7.5878,7.7453,0.1673,2.21,0.9,59564106.49,,,41.9301,3.3014,6.5791,42.7902,7358189329.86,,,,,,,
2017-03-21,6740232,7.7453,7.824,7.7158,7.7945,0.0492,0.64,0.79,53263239.9,,,42.1964,3.3223,6.6209,43.062,7404937673.76,,,,,,,
2017-03-22,6039149,7.765,7.8437,7.7158,7.7453,-0.0492,-0.63,0.71,47737414.78,,,41.9301,3.3014,6.5791,42.7902,7358189329.86,,,,,,,
2017-03-23,5688992,7.765,7.8044,7.637,7.7355,-0.0098,-0.13,0.67,44684711.02,,,41.8768,3.2972,6.5708,42.7358,7348839661.08,,,,,,,
2017-03-24,4095040,7.765,7.7945,7.6863,7.765,0.0295,0.38,0.48,32216883.48,,,42.0366,3.3098,6.5958,42.8989,7376888667.42,,,,,,,
2017-03-27,3792891,7.7453,7.7748,7.637,7.6567,-0.1083,-1.39,0.45,29647273.83,,,41.4506,3.2636,6.5039,42.3008,7274042310.84,,,,,,,
2017-03-28,2962517,7.6272,7.6863,7.6075,7.637,-0.0197,-0.26,0.35,22993058.08,,,41.344,3.2552,6.4872,42.1921,7255342973.28,,,,,,,
2017-03-29,5041174,7.6174,7.6764,7.4599,7.4697,-0.1673,-2.19,0.59,38701661.15,,,40.4383,3.1839,6.3451,41.2678,7096398604.02,,,,,,,
2017-03-30,5042578,7.4599,7.4599,7.2729,7.3024,-0.1673,-2.24,0.59,37592654.51,,,39.5325,3.1126,6.2029,40.3435,6937454234.76,,,,,,,
2017-03-31,3074647,7.2729,7.4107,7.2729,7.3812,0.0788,1.08,0.51,22908790.05,,,36.9873,3.0866,6.1339,63.7588,7012251585,,,,,,,
2017-04-05,32610880,7.7748,8.0799,7.578,7.9913,0.6101,8.27,3.85,261250222.99,,,40.045,3.3418,6.6409,69.0296,7591931049.36,,,,,,,
2017-04-06,16125617,7.9717,7.9717,7.6961,7.7059,-0.2854,-3.57,1.9,127591159.45,,,38.6148,3.2224,6.4037,66.5642,7320790654.74,,,,,,,
2017-04-07,14544832,7.6764,7.9028,7.637,7.8536,0.1477,1.92,1.72,115038184.2,,,39.3545,3.2842,6.5264,67.8394,7461035686.44,,,,,,,
2017-04-10,29335437,7.9717,8.4637,7.8634,8.2177,0.3641,4.64,3.46,245109573.67,,,41.1792,3.4364,6.829,70.9848,7806973431.3,,,,,,,
2017-04-11,23029311,8.2079,8.5031,8.1193,8.2669,0.0492,0.6,2.72,194927659.6,,,41.4258,3.457,6.8699,71.4099,7853721775.2,,,,,,,
2017-04-12,16798510,8.1291,8.1685,7.8536,7.8732,-0.3937,-4.76,1.98,136341199.17,,,39.4532,3.2924,6.5428,68.0094,7479735024,,,,,,,
2017-04-13,22052889,7.7945,8.4441,7.7945,8.3063,0.4331,5.5,2.6,183763862.63,,,41.6231,3.4735,6.9026,71.7499,7891120450.32,,,,,,,
2017-04-14,18808346,8.4047,8.5523,8.0602,8.2669,-0.0394,-0.47,2.22,158018927.5,,,41.4258,3.457,6.8699,71.4099,7853721775.2,,,,,,,
2017-04-17,12538229,8.1783,8.1783,7.8339,8.0307,-0.2362,-2.86,1.48,101951610.74,,,40.2422,3.3582,6.6736,69.3696,7629329724.48,,,,,,,
2017-04-18,9479687,7.9717,8.1291,7.8831,7.8831,-0.1476,-1.84,1.12,76905102.76,,,39.5025,3.2965,6.551,68.0944,7489084692.78,,,,,,,
2017-04-19,9062433,7.8044,7.8831,7.5878,7.7748,-0.1083,-1.37,1.07,71171272.91,,,38.96,3.2512,6.461,67.1593,7386238336.2,,,,,,,
2017-04-20,7259973,7.7945,7.8536,7.637,7.7453,-0.0295,-0.38,0.86,57141479.51,,,38.8121,3.2389,6.4365,66.9043,7358189329.86,,,,,,,
2017-04-21,4783118,7.7158,7.7847,7.7059,7.7059,-0.0394,-0.51,0.56,37614189.16,,,38.6148,3.2224,6.4037,66.5642,7320790654.74,,,,,,,
2017-04-24,6427630,7.6764,7.6764,7.4205,7.4501,-0.2558,-3.32,0.76,49086482.83,,,37.3326,3.1154,6.1911,64.3539,7077699266.46,,,,,,,
2017-04-25,3924674,7.4599,7.637,7.4599,7.5682,0.1181,1.59,0.46,30128745.07,,,37.9244,3.1648,6.2892,65.3741,7189895291.82,,,,,,,
2017-04-26,4453375,7.5386,7.7453,7.5386,7.6961,0.1279,1.69,0.53,34695785.2,,,38.5655,3.2183,6.3956,66.4792,7311440985.96,,,,,,,
2017-04-27,5034326,7.6961,7.7256,7.5091,7.6961,0,0,0.59,39056506.43,,,38.5655,3.2183,6.3956,66.4792,7311440985.96,,,,,,,
2017-04-28,4824473,7.6863,7.824,7.6469,7.8044,0.1083,1.41,0.81,38040845.88,,,39.108,3.2636,6.4855,67.4143,7414287342.54,,,,,,,
2017-05-02,23494221,8.5818,8.5818,8.4736,8.5818,0.7774,9.96,2.77,204780436.59,,,43.004,3.5887,7.1316,74.1303,8152911176.16,,,,,,,
2017-05-03,8121719,9.438,9.438,9.438,9.438,0.8562,9.98,0.96,77887285.21,,,47.2945,3.9467,7.8431,81.5263,8966332360.02,,,,,,,
2017-05-04,143180403,9.625,10.3828,9.2117,10.1073,0.6693,7.09,16.89,1421581734.25,,,50.648,4.2266,8.3993,87.3071,9602109837.06,,,,,,,
2017-05-05,82201857,9.9104,9.9104,9.2904,9.3298,-0.7775,-7.69,9.69,801738972.75,,,46.752,3.9015,7.7532,80.5912,8863486003.44,,,,,,,
2017-05-08,60034375,9.3003,9.4282,8.5917,8.6606,-0.6692,-7.17,7.08,548770841.3,,,43.3985,3.6216,7.1971,74.8104,8227708526.4,,,,,,,
2017-05-09,41315046,8.5818,8.8082,8.5031,8.7885,0.1279,1.48,4.87,364580222.08,,,44.0396,3.6751,7.3034,75.9155,8349254220.54,,,,,,,
2017-05-10,48754303,8.6999,8.7491,8.0898,8.2571,-0.5314,-6.05,5.75,417270660.38,,,41.3765,3.4529,6.8617,71.3249,7844372106.42,,,,,,,
2017-05-11,35626194,8.1783,8.4637,7.9126,8.3948,0.1377,1.67,4.2,296086616.76,,,42.0669,3.5105,6.9762,72.515,7975267469.34,,,,,,,
2017-05-12,41112335,8.2669,8.6507,8.2177,8.4047,0.0099,0.12,4.85,352529424.38,,,42.1163,3.5146,6.9844,72.6001,7984617138.12,,,,,,,
2017-05-15,50795200,8.3161,8.946,8.2866,8.7098,0.3051,3.63,5.99,448115059.72,,,43.6451,3.6422,7.2379,75.2354,8274456870.3,,,,,,,
2017-05-16,55666481,8.5228,9.133,8.4834,9.0739,0.3641,4.18,6.57,499550086.13,,,45.4698,3.7945,7.5405,78.3809,8620394615.16,,,,,,,
2017-05-17,52966198,8.9361,9.2511,8.8082,8.946,-0.1279,-1.41,6.25,485704884.65,,,44.8287,3.741,7.4342,77.2757,8498848921.02,,,,,,,
2017-05-18,44833527,9.0149,9.2904,8.6015,8.6507,-0.2953,-3.3,5.29,406103505.34,,,43.3492,3.6175,7.1889,74.7254,8218358857.62,,,,,,,
2017-05-19,34788181,8.5425,8.9755,8.5425,8.9263,0.2756,3.19,4.1,310751553.99,,,44.73,3.7327,7.4179,77.1057,8480149583.46,,,,,,,
2017-05-22,34628531,8.946,8.9558,8.3358,8.3752,-0.5511,-6.17,4.08,302671987.75,,,41.9683,3.5023,6.9599,72.345,7956568131.78,,,,,,,
2017-05-23,25744815,8.385,8.385,7.8831,7.9421,-0.4331,-5.17,3.04,212813951.07,,,39.7984,3.3212,6.6,68.6045,7545182705.46,,,,,,,
2017-05-24,20057731,7.8437,8.2374,7.824,8.2079,0.2658,3.35,2.37,164882067.94,,,41.1299,3.4323,6.8208,70.8998,7797623762.52,,,,,,,
2017-05-25,27201199,8.139,8.5622,8.0602,8.5031,0.2952,3.6,3.21,230429150.14,,,42.6094,3.5558,7.0662,73.4502,8078113825.92,,,,,,,
2017-05-26,25405773,8.4933,8.7196,8.4145,8.6015,0.0984,1.16,4.25,221158818.21,,,43.1026,3.5969,7.148,74.3003,8171610513.72,,,,,,,
2017-05-31,29036119,8.9558,8.9558,8.4834,8.5425,-0.059,-0.69,3.42,257067535.59,,,42.8067,3.5722,7.0989,73.7902,8115512501.04,,,,,,,
2017-06-01,13388711,9.3987,9.3987,9.3987,9.3987,0.8562,10.02,1.58,127862190.05,,,47.0972,3.9303,7.8104,81.1862,8928933684.9,,,,,,,
2017-06-02,71773754,9.8219,10.3435,9.566,10.3435,0.9448,10.05,8.46,733494745.37,,,51.8316,4.3254,8.5956,89.3474,9826501887.78,,,,,,,
2017-06-05,152718589,11.1997,11.2194,10.3533,10.9438,0.6003,5.8,18.01,1679452712.94,,,54.8399,4.5764,9.0945,94.5331,10396831683.36,,,,,,,
2017-06-06,111143472,10.56,10.6781,9.8612,10.3041,-0.6397,-5.85,13.11,1164673188.62,,,51.6343,4.3089,8.5629,89.0073,9789103212.66,,,,,,,
2017-06-07,105669966,10.1171,10.747,9.9597,10.5698,0.2657,2.58,12.46,1115083463.1,,,52.9659,4.42,8.7837,91.3026,10041544269.72,,,,,,,
2017-06-08,107917554,10.3927,10.934,10.1073,10.2155,-0.3543,-3.35,12.73,1151326497.64,,,51.1905,4.2719,8.4892,88.2422,9704956193.64,,,,,,,
2017-06-09,72349905,9.9695,10.127,9.7235,9.9793,-0.2362,-2.31,8.53,728870670.26,,,50.0069,4.1731,8.293,86.2019,9480564142.92,,,,,,,
2017-06-12,45716542,9.7727,10.0089,9.625,9.8416,-0.1377,-1.38,5.39,455969022.09,,,49.3165,4.1155,8.1785,85.0118,9349668780,,,,,,,
2017-06-13,47971450,9.8416,10.0876,9.6644,9.9203,0.0787,0.8,5.66,481567078.01,,,49.711,4.1484,8.2439,85.6919,9424466130.24,,,,,,,
2017-06-14,44869840,9.8219,9.8219,9.4577,9.5069,-0.4134,-4.17,5.29,439713880.06,,,47.6397,3.9756,7.9004,82.1214,9031780041.48,,,,,,,
2017-06-15,35102985,9.5758,9.7136,9.5069,9.5561,0.0492,0.52,4.14,342892488.3,,,47.8863,3.9961,7.9413,82.5464,9078528385.38,,,,,,,
2017-06-16,27219390,9.5463,9.7235,9.4577,9.6349,0.0788,0.82,3.21,266118940.59,,,48.2808,4.0291,8.0067,83.2265,9153325735.62,,,,,,,
2017-06-19,27302428,9.5463,9.625,9.3495,9.5266,-0.1083,-1.12,3.22,262525205.16,,,47.7383,3.9838,7.9168,82.2914,9050479379.04,,,,,,,
2017-06-20,38141882,9.5266,9.8022,9.4873,9.6841,0.1575,1.65,4.5,374691719.36,,,48.5274,4.0496,8.0476,83.6516,9200074079.52,,,,,,,
2017-06-21,25506666,9.6841,9.7628,9.6152,9.7136,0.0295,0.3,3.01,251241524.98,,,48.6753,4.062,8.0721,83.9066,9228123085.86,,,,,,,
2017-06-22,65537024,9.753,9.812,8.9558,9.005,-0.7086,-7.29,7.73,619812166.45,,,45.1246,3.7657,7.4833,77.7858,8554946933.7,,,,,,,
2017-06-23,29438096,8.8574,9.0542,8.759,8.9657,-0.0393,-0.44,3.47,266335882.05,,,44.9273,3.7492,7.4506,77.4457,8517548258.58,,,,,,,
2017-06-26,24003908,8.8082,8.9657,8.6999,8.9263,-0.0394,-0.44,2.83,215563129.31,,,44.73,3.7327,7.4179,77.1057,8480149583.46,,,,,,,
2017-06-27,25259912,8.9558,9.0444,8.8279,9.0345,0.1082,1.21,2.98,229393237.63,,,45.2725,3.778,7.5078,78.0408,8582995940.04,,,,,,,
2017-06-28,17098033,8.9755,9.0542,8.7885,8.8476,-0.1869,-2.07,2.02,154602401.86,,,44.3355,3.6998,7.3524,76.4256,8405352233.22,,,,,,,
2017-06-29,14078325,8.833,8.9513,8.833,8.8922,0.0446,0.5,1.66,127051550.18,,,44.4834,3.7352,7.377,76.6806,8433401239.56,,,,,,,
2017-06-30,26529641,8.8527,8.8823,8.5668,8.5767,-0.3155,-3.55,3.13,233315183.95,,,42.7479,3.5391,7.2673,-156.9639,8134211838.6,,,,,,,
2017-07-03,14652564,8.5866,8.7443,8.5274,8.6851,0.1084,1.26,1.73,128714679.46,,,43.2883,3.5838,7.3592,-158.9485,8237058195.18,,,,,,,
2017-07-04,16420534,8.6556,8.8133,8.6457,8.7542,0.0691,0.8,1.94,145569081.82,,,43.6323,3.6123,7.4177,-160.2114,8302505876.64,,,,,,,
2017-07-05,13563881,8.695,8.8133,8.6556,8.7344,-0.0198,-0.23,1.6,119953592.31,,,43.534,3.6042,7.401,-159.8506,8283806539.08,,,,,,,
2017-07-06,13105425,8.7443,8.7936,8.6359,8.695,-0.0394,-0.45,1.55,115906507.67,,,43.3375,3.5879,7.3676,-159.1289,8246407863.96,,,,,,,
2017-07-07,17273559,8.6556,8.6654,8.488,8.5077,-0.1873,-2.15,2.04,150135100.81,,,42.4039,3.5106,7.2089,-155.701,8068764157.14,,,,,,,
2017-07-10,12733222,8.4781,8.5866,8.3993,8.5077,0,0,1.5,109710603.98,,,42.4039,3.5106,7.2089,-155.701,8068764157.14,,,,,,,
2017-07-11,14248820,8.5274,8.5471,8.2908,8.3007,-0.207,-2.43,1.68,121361598.2,,,41.3721,3.4252,7.0334,-151.9122,7872421112.76,,,,,,,
2017-07-12,18984285,8.281,8.4781,8.1429,8.4781,0.1774,2.14,2.24,159971811.88,,,42.2565,3.4984,7.1838,-155.1597,8040715150.8,,,,,,,
2017-07-13,11441865,8.3993,8.4781,8.3302,8.4584,-0.0197,-0.23,1.35,97720117,,,42.1582,3.4903,7.1671,-154.7989,8022015813.24,,,,,,,
2017-07-14,10113173,8.4485,8.5274,8.3697,8.4485,-0.0099,-0.12,1.19,86769832.14,,,42.1091,3.4862,7.1587,-154.6185,8012666144.46,,,,,,,
2017-07-17,26072585,8.4485,8.4485,7.6007,7.6106,-0.8379,-9.92,3.08,207244495.1,,,37.9326,3.1404,6.4487,-139.2829,7217944298.16,,,,,,,
2017-07-18,14741176,7.581,7.788,7.4134,7.7289,0.1183,1.55,1.74,113859588.03,,,38.5222,3.1893,6.549,-141.4479,7330140323.52,,,,,,,
2017-07-19,13458184,7.6697,7.8571,7.5022,7.7979,0.069,0.89,1.59,104979433.74,,,38.8662,3.2177,6.6074,-142.7109,7395588004.98,,,,,,,
2017-07-20,9646070,7.7388,7.8472,7.719,7.719,-0.0789,-1.01,1.14,76120153.13,,,38.4731,3.1852,6.5406,-141.2675,7320790654.74,,,,,,,
2017-07-21,8170263,7.719,7.8176,7.6697,7.719,0,0,0.96,64154080.2,,,38.4731,3.1852,6.5406,-141.2675,7320790654.74,,,,,,,
2017-07-24,12795555,7.6895,7.9162,7.6303,7.8768,0.1578,2.04,1.51,101417903.12,,,39.2592,3.2503,6.6743,-144.1542,7470385355.22,,,,,,,
2017-07-25,7104100,7.8373,7.9063,7.7683,7.788,-0.0888,-1.13,0.84,56428372,,,38.817,3.2137,6.5991,-142.5304,7386238336.2,,,,,,,
2017-07-26,7971398,7.788,7.8472,7.6599,7.7092,-0.0788,-1.01,0.94,62484350.8,,,38.4239,3.1811,6.5323,-141.0871,7311440985.96,,,,,,,
2017-07-27,15631636,7.7289,8.0345,7.6697,7.9951,0.2859,3.71,1.84,125177847.28,,,39.8489,3.2991,6.7745,-146.3192,7582581380.58,,,,,,,
2017-07-28,9196728,7.9951,7.9951,7.8768,7.8866,-0.1085,-1.36,1.08,73957264.32,,,39.3084,3.2543,6.6826,-144.3346,7479735024,,,,,,,
2017-07-31,7853354,7.8768,7.9852,7.8176,7.9063,0.0197,0.25,0.93,62956713.06,,,39.4066,3.2625,6.6993,-144.6955,7498434361.56,,,,,,,
2017-08-01,12422134,7.8866,8.1331,7.8768,8.0542,0.1479,1.87,1.47,101386511.86,,,40.1437,3.3235,6.8246,-147.4017,7638679393.26,,,,,,,
2017-08-02,13998780,8.0937,8.1922,7.9556,8.1035,0.0493,0.61,1.65,114589548.6,,,40.3894,3.3438,6.8664,-148.3038,7685427737.16,,,,,,,
2017-08-03,14136850,8.0542,8.2711,8.0246,8.1232,0.0197,0.24,1.67,117307037.28,,,40.4876,3.352,6.8831,-148.6647,7704127074.72,,,,,,,
2017-08-04,11607060,8.1035,8.1725,7.9162,7.9162,-0.207,-2.55,1.37,94490236.16,,,39.4558,3.2666,6.7077,-144.8759,7507784030.34,,,,,,,
2017-08-07,20993900,7.9852,8.3697,7.9655,8.3204,0.4042,5.11,2.48,174536979.7,,,41.4703,3.4333,7.0502,-152.273,7891120450.32,,,,,,,
2017-08-08,39679937,8.4584,8.764,8.2218,8.6556,0.3352,4.03,4.68,345867657.46,,,43.1409,3.5716,7.3342,-158.4072,8209009188.84,,,,,,,
2017-08-09,19235402,8.4781,8.6457,8.4387,8.488,-0.1676,-1.94,2.27,166254839.23,,,42.3056,3.5025,7.1922,-155.3401,8050064819.58,,,,,,,
2017-08-10,15734726,8.4584,8.5176,8.1824,8.2514,-0.2366,-2.79,1.86,133121619.86,,,41.1264,3.4049,6.9917,-151.0101,7825672768.86,,,,,,,
2017-08-11,15785223,8.1824,8.5176,8.1232,8.3598,0.1084,1.31,1.86,133163586.57,,,41.6669,3.4496,7.0836,-152.9947,7928519125.44,,,,,,,
2017-08-14,16673010,8.3795,8.6161,8.3204,8.5767,0.2169,2.59,1.97,144289352.82,,,42.7479,3.5391,7.2673,-156.9639,8134211838.6,,,,,,,
2017-08-15,14053548,8.557,8.6359,8.4683,8.6359,0.0592,0.69,1.66,121848156.9,,,43.0427,3.5635,7.3175,-158.0464,8190309851.28,,,,,,,
2017-08-16,12788418,8.626,8.7147,8.557,8.5767,-0.0592,-0.69,1.51,111879891.3,,,42.7479,3.5391,7.2673,-156.9639,8134211838.6,,,,,,,
2017-08-17,18080642,8.7344,8.833,8.6359,8.6851,0.1084,1.26,2.13,159921346.81,,,43.2883,3.5838,7.3592,-158.9485,8237058195.18,,,,,,,
2017-08-18,12957353,8.5077,8.7344,8.4781,8.5767,-0.1084,-1.25,1.53,113107100.13,,,42.7479,3.5391,7.2673,-156.9639,8134211838.6,,,,,,,
2017-08-21,8645540,8.5767,8.6161,8.5077,8.5274,-0.0493,-0.57,1.02,74897486.98,,,42.5022,3.5188,7.2256,-156.0618,8087463494.7,,,,,,,
2017-08-22,11513263,8.6753,8.7246,8.4584,8.4584,-0.069,-0.81,1.36,100503580.3,,,42.1582,3.4903,7.1671,-154.7989,8022015813.24,,,,,,,
2017-08-23,9836820,8.3894,8.5274,8.2612,8.2612,-0.1972,-2.33,1.16,83584368.6,,,41.1755,3.4089,7,-151.1905,7835022437.64,,,,,,,
2017-08-24,8029910,8.2711,8.3302,8.1922,8.212,-0.0492,-0.6,0.95,67200907.1,,,40.9298,3.3886,6.9583,-150.2884,7788274093.74,,,,,,,
2017-08-25,7766081,8.1922,8.3204,8.1627,8.3007,0.0887,1.08,0.92,65036245.81,,,41.3721,3.4252,7.0334,-151.9122,7872421112.76,,,,,,,
2017-08-28,12841426,8.2908,8.3894,8.2317,8.3401,0.0394,0.47,1.51,108254067.3,,,41.5686,3.4415,7.0669,-152.6339,7909819787.88,,,,,,,
2017-08-29,12621685,8.3204,8.3302,8.1429,8.1824,-0.1577,-1.89,1.49,105428786.64,,,40.7824,3.3764,6.9332,-149.7472,7760225087.4,,,,,,,
2017-08-30,6657960,8.1824,8.2711,8.1627,8.2218,0.0394,0.48,0.79,55514395.6,,,40.979,3.3927,6.9666,-150.4688,7797623762.52,,,,,,,
2017-08-31,8829607,8.2021,8.212,8.0641,8.1035,-0.1183,-1.44,1.04,72669945.23,,,40.3894,3.3438,6.8664,-148.3038,7685427737.16,,,,,,,
2017-09-01,9168881,8.1035,8.2415,8.0345,8.212,0.1085,1.34,1.08,75673697.73,,,40.9298,3.3886,6.9583,-150.2884,7788274093.74,,,,,,,
2017-09-04,7506319,8.1922,8.2218,8.1134,8.1922,-0.0198,-0.24,0.89,62269456.59,,,40.8316,3.3805,6.9416,-149.9276,7769574756.18,,,,,,,
2017-09-05,7590368,8.2218,8.2908,8.1824,8.2514,0.0592,0.72,0.9,63486583.06,,,41.1264,3.4049,6.9917,-151.0101,7825672768.86,,,,,,,
2017-09-06,7475931,8.212,8.2317,8.1232,8.1627,-0.0887,-1.07,0.88,61883254.64,,,40.6842,3.3682,6.9165,-149.3863,7741525749.84,,,,,,,
2017-09-07,8331800,8.1627,8.212,8.0641,8.0937,-0.069,-0.85,0.98,68825660.33,,,40.3402,3.3398,6.858,-148.1234,7676078068.38,,,,,,,
2017-09-08,9601531,8.0937,8.1627,8.0148,8.1627,0.069,0.85,1.13,78493564.43,,,40.6842,3.3682,6.9165,-149.3863,7741525749.84,,,,,,,
2017-09-11,6803568,8.1331,8.1429,8.0444,8.1232,-0.0395,-0.48,0.8,55827834.04,,,40.4876,3.352,6.8831,-148.6647,7704127074.72,,,,,,,
2017-09-12,30825775,8.1331,8.5274,8.1331,8.4485,0.3253,4,3.64,262659827.04,,,42.1091,3.4862,7.1587,-154.6185,8012666144.46,,,,,,,
2017-09-13,38741181,8.4288,8.833,8.35,8.8034,0.3549,4.2,4.57,338864798.12,,,43.878,3.6327,7.4595,-161.1135,8349254220.54,,,,,,,
2017-09-14,60335448,8.9316,9.3654,8.8232,8.971,0.1676,1.9,7.12,556704323.36,,,44.7133,3.7018,7.6015,-164.1806,8508198589.8,,,,,,,
2017-09-15,22290208,8.8725,9.0598,8.7443,8.7739,-0.1971,-2.2,2.63,200422292.12,,,43.7306,3.6205,7.4344,-160.5723,8321205214.2,,,,,,,
2017-09-18,17642498,8.7246,8.8922,8.6457,8.8527,0.0788,0.9,2.08,157223773.85,,,44.1236,3.653,7.5012,-162.0156,8396002564.44,,,,,,,
2017-09-19,12781508,8.8232,8.833,8.5964,8.6161,-0.2366,-2.67,1.51,112797588.79,,,42.9444,3.5554,7.3008,-157.6856,8171610513.72,,,,,,,
2017-09-20,13737833,8.6359,8.6851,8.4978,8.6654,0.0493,0.57,1.62,119924533.49,,,43.1901,3.5757,7.3425,-158.5877,8218358857.62,,,,,,,
2017-09-21,10912288,8.6457,8.8034,8.5668,8.5767,-0.0887,-1.02,1.29,96238892.33,,,42.7479,3.5391,7.2673,-156.9639,8134211838.6,,,,,,,
2017-09-22,16221562,8.5471,8.8133,8.4485,8.7936,0.2169,2.53,1.91,142856923.1,,,43.8288,3.6286,7.4511,-160.9331,8339904551.76,,,,,,,
2017-09-25,9469260,8.7344,8.8034,8.5373,8.626,-0.1676,-1.91,1.12,83222277.2,,,42.9935,3.5594,7.3091,-157.866,8180960182.5,,,,,,,
2017-09-26,11125650,8.6063,8.6654,8.3302,8.3894,-0.2366,-2.74,1.31,95753777,,,41.8143,3.4618,7.1086,-153.536,7956568131.78,,,,,,,
2017-09-27,9578243,8.3894,8.4978,8.3401,8.4584,0.069,0.82,1.13,81710674.31,,,42.1582,3.4903,7.1671,-154.7989,8022015813.24,,,,,,,
2017-09-28,8373077,8.4584,8.5077,8.3598,8.5077,0.0493,0.58,0.99,71554957.6,,,42.4039,3.5106,7.2089,-155.701,8068764157.14,,,,,,,
2017-09-29,10548279,8.5077,8.7049,8.4584,8.6753,0.1676,1.97,1.24,91701122.9,,,43.2392,3.5798,7.3509,-158.7681,8227708526.4,,,,,,,
2017-10-09,14324995,8.8725,8.9415,8.6753,8.8133,0.138,1.59,1.69,127394286.04,,,40.1878,3.5604,7.0301,-210.8305,8358603889.32,,,,,,,
2017-10-10,23878160,8.9119,9.0203,8.8429,8.9316,0.1183,1.34,2.82,216179497,,,40.7273,3.6082,7.1245,-213.6604,8470799914.68,,,,,,,
2017-10-11,17503980,8.9809,9.0992,8.7739,8.8232,-0.1084,-1.21,2.06,158123133.38,,,40.2328,3.5644,7.038,-211.0663,8367953558.1,,,,,,,
2017-10-12,13603734,8.8034,8.8133,8.5373,8.6161,-0.2071,-2.35,1.6,119379163.14,,,39.2888,3.4808,6.8729,-206.1139,8171610513.72,,,,,,,
2017-10-13,16584714,8.4683,8.5668,8.3401,8.5373,-0.0788,-0.91,1.96,142338015.48,,,38.9292,3.4489,6.81,-204.2273,8096813163.48,,,,,,,
2017-10-16,9716411,8.488,8.6063,8.281,8.2908,-0.2465,-2.89,1.15,83076613.71,,,37.8053,3.3493,6.6134,-198.3316,7863071443.98,,,,,,,
2017-10-17,5318717,8.2908,8.35,8.2514,8.3007,0.0099,0.12,0.63,44788183.83,,,37.8503,3.3533,6.6212,-198.5674,7872421112.76,,,,,,,
2017-10-18,5656095,8.3302,8.3894,8.1331,8.1824,-0.1183,-1.43,0.67,47627420.1,,,37.3109,3.3055,6.5269,-195.7375,7760225087.4,,,,,,,
2017-10-19,10749600,8.1922,8.2514,7.9261,7.9359,-0.2465,-3.01,1.27,87617094.57,,,36.187,3.206,6.3303,-189.8418,7526483367.9,,,,,,,
2017-10-20,4641800,7.9359,8.1429,7.9162,8.1232,0.1873,2.36,0.55,37930546.4,,,37.0411,3.2816,6.4797,-194.3225,7704127074.72,,,,,,,
2017-10-23,7352520,8.1232,8.2218,8.0838,8.1331,0.0099,0.12,0.87,60644403.6,,,37.0861,3.2856,6.4875,-194.5583,7713476743.5,,,,,,,
2017-10-24,4905960,8.1331,8.1824,8.0148,8.0542,-0.0789,-0.97,0.58,40120541.8,,,36.7265,3.2538,6.4246,-192.6717,7638679393.26,,,,,,,
2017-10-25,3546300,8.0641,8.1528,8.0444,8.1232,0.069,0.86,0.42,29071829.4,,,37.0411,3.2816,6.4797,-194.3225,7704127074.72,,,,,,,
2017-10-26,7830487,8.1035,8.1627,8.0542,8.0739,-0.0493,-0.61,0.92,64286366.03,,,36.8164,3.2617,6.4404,-193.1434,7657378730.82,,,,,,,
2017-10-27,7480220,8.0838,8.1035,7.9162,7.9655,-0.1084,-1.34,0.88,60748803.8,,,36.3219,3.2179,6.3539,-190.5493,7554532374.24,,,,,,,
2017-10-30,22790655,7.7782,7.7782,7.2064,7.4036,-0.5619,-7.05,2.69,171839506.89,,,33.7596,2.9909,5.9056,-177.107,7021601253.78,,,,,,,
2017-10-31,7734540,7.374,7.512,7.305,7.4824,0.0788,1.06,0.91,58377159.6,,,34.1192,3.0228,5.9685,-178.9937,7096398604.02,,,,,,,
2017-11-01,5216234,7.443,7.5317,7.4233,7.4627,-0.0197,-0.26,0.62,39567943.37,,,34.0293,3.0148,5.9528,-178.522,7077699266.46,,,,,,,
2017-11-02,6869440,7.3937,7.4331,7.2951,7.3247,-0.138,-1.85,0.81,51256176.06,,,33.4,2.959,5.8427,-175.2204,6946803903.54,,,,,,,
2017-11-03,4580427,7.3247,7.3839,7.2557,7.2951,-0.0296,-0.4,0.54,34000443.88,,,33.2651,2.9471,5.8191,-174.5129,6918754897.2,,,,,,,
2017-11-06,6799040,7.305,7.512,7.2853,7.4824,0.1873,2.57,0.8,51372084,,,34.1192,3.0228,5.9685,-178.9937,7096398604.02,,,,,,,
2017-11-07,5456658,7.4923,7.5219,7.4134,7.4824,0,0,0.64,41340516.72,,,34.1192,3.0228,5.9685,-178.9937,7096398604.02,,,,,,,
2017-11-08,5649828,7.4824,7.5712,7.4529,7.4726,-0.0098,-0.13,0.67,43027231.75,,,34.0743,3.0188,5.9607,-178.7578,7087048935.24,,,,,,,
2017-11-09,3608120,7.4824,7.5416,7.4134,7.5022,0.0296,0.4,0.43,27426169.7,,,34.2091,3.0307,5.9843,-179.4653,7115097941.58,,,,,,,
2017-11-10,7585180,7.4923,7.5219,7.4036,7.512,0.0098,0.13,0.89,57434096.8,,,34.2541,3.0347,5.9921,-179.7012,7124447610.36,,,,,,,
2017-11-13,7831509,7.512,7.6599,7.4726,7.581,0.069,0.92,0.92,60072282.89,,,34.5687,3.0626,6.0472,-181.352,7189895291.82,,,,,,,
2017-11-14,4612165,7.5613,7.6007,7.4923,7.5022,-0.0788,-1.04,0.76,35265721.1,,,34.2091,3.0307,5.9843,-179.4653,7115097941.58,,,,,,,
2017-11-15,4826677,7.443,7.5317,7.4331,7.4331,-0.0691,-0.92,0.57,36577541.61,,,33.8944,3.0029,5.9292,-177.8145,7049650260.12,,,,,,,
2017-11-16,4326765,7.4331,7.5416,7.3937,7.5022,0.0691,0.93,0.51,32802343.25,,,34.2091,3.0307,5.9843,-179.4653,7115097941.58,,,,,,,
2017-11-17,8991705,7.512,7.5317,7.1867,7.2064,-0.2958,-3.94,1.06,66718373.41,,,32.8605,2.9113,5.7484,-172.3905,6834607878.18,,,,,,,
2017-11-20,6248820,7.098,7.4627,7.098,7.4331,0.2267,3.15,0.74,46553806.8,,,33.8944,3.0029,5.9292,-177.8145,7049650260.12,,,,,,,
2017-11-21,4177442,7.443,7.5022,7.3444,7.3839,-0.0492,-0.66,0.49,31425903.37,,,33.6697,2.9829,5.8899,-176.6354,7002901916.22,,,,,,,
2017-11-22,5016280,7.3839,7.443,7.2261,7.3247,-0.0592,-0.8,0.59,37273243.4,,,33.4,2.959,5.8427,-175.2204,6946803903.54,,,,,,,
2017-11-23,4123840,7.2951,7.3148,7.167,7.1867,-0.138,-1.88,0.49,30300869.2,,,32.7706,2.9033,5.7326,-171.9188,6815908540.62,,,,,,,
2017-11-24,3980300,7.167,7.2064,7.0684,7.0881,-0.0986,-1.37,0.47,28746945.4,,,32.3211,2.8635,5.654,-169.5605,6722411852.82,,,,,,,
2017-11-27,3264094,7.0782,7.2458,7.0782,7.1374,0.0493,0.7,0.38,23674539.16,,,32.5459,2.8834,5.6933,-170.7397,6769160196.72,,,,,,,
2017-11-28,5689426,7.2163,7.374,7.167,7.2656,0.1282,1.8,0.67,41933035.98,,,33.1302,2.9352,5.7955,-173.8055,6890705890.86,,,,,,,
2017-11-29,4111645,7.2458,7.2853,7.1768,7.2261,-0.0395,-0.54,0.48,30120700.6,,,32.9504,2.9192,5.7641,-172.8621,6853307215.74,,,,,,,
2017-11-30,3544900,7.2557,7.2557,7.1374,7.1473,-0.0788,-1.09,0.42,25852734,,,32.5908,2.8874,5.7012,-170.9755,6778509865.5,,,,,,,
2017-12-01,3456260,7.1473,7.2656,7.1473,7.2261,0.0788,1.1,0.41,25346881.4,,,32.9504,2.9192,5.7641,-172.8621,6853307215.74,,,,,,,
2017-12-04,5571627,7.2458,7.2754,7.0388,7.0684,-0.1577,-2.18,0.66,40361190.83,,,32.2312,2.8555,5.6383,-169.0889,6703712515.26,,,,,,,
2017-12-05,5181190,7.0684,7.1177,6.8614,6.8909,-0.1775,-2.51,0.61,36644491.8,,,31.422,2.7838,5.4967,-164.844,6535418477.22,,191097,0.02,,,,
2017-12-06,13272208,6.6839,6.6839,6.2797,6.4966,-0.3943,-5.72,1.57,86825333.26,,,29.6239,2.6245,5.1822,-155.4108,6161431726.02,,249397,0.02,58300,,,
2017-12-07,4463433,6.4276,6.536,6.4079,6.4769,-0.0197,-0.3,0.53,29272520.73,,,29.534,2.6165,5.1664,-154.9392,6142732388.46,,178090,0.01,-71307,,,
2017-12-08,5498917,6.4868,6.5558,6.4276,6.4572,-0.0197,-0.3,0.65,36187525.29,,,29.4441,2.6086,5.1507,-154.4675,6124033050.9,,123133,0.01,-54957,,,
2017-12-11,4662453,6.4572,6.5065,6.4079,6.467,0.0098,0.15,0.55,30589251.48,,,29.4891,2.6126,5.1586,-154.7034,6133382719.68,,205763,0.02,82630,,,
2017-12-12,4644512,6.4966,6.4966,6.3783,6.3882,-0.0788,-1.22,0.55,30309412.19,,,29.1294,2.5807,5.0957,-152.8167,6058585369.44,,160897,0.01,-44866,,,
2017-12-13,3809920,6.3586,6.4177,6.3487,6.3783,-0.0099,-0.15,0.45,24672943,,,29.0845,2.5767,5.0878,-152.5809,6049235700.66,,242797,0.02,81900,,,
2017-12-14,6762528,6.3882,6.4177,6.2206,6.26,-0.1183,-1.85,0.8,43212597.35,,,28.5451,2.5289,4.9934,-149.751,5937039675.3,,234797,0.02,-8000,,,
2017-12-15,9105105,6.26,6.4966,6.2403,6.4473,0.1873,2.99,0.8,59144087.44,,,29.3992,2.6046,5.1428,-154.2317,6114683382.12,,294797,0.03,60000,,,
2017-12-18,4226940,6.4473,6.4572,6.3093,6.329,-0.1183,-1.83,0.69,27260000.15,,,28.8597,2.5568,5.0485,-151.4018,6002487356.76,,146797,0.01,-148000,,,
2017-12-19,3609762,6.3389,6.398,6.2994,6.3487,0.0197,0.31,0.59,23204061.36,,,28.9496,2.5648,5.0642,-151.8734,6021186694.32,,139397,0.01,-7400,,,
2017-12-20,4695200,6.3586,6.3586,6.1811,6.2107,-0.138,-2.17,0.77,29783354.05,,,28.3203,2.509,4.9541,-148.5718,5890291331.4,,103397,0.01,-36000,,,
2017-12-21,5326855,6.2403,6.2403,6.0037,6.1417,-0.069,-1.11,0.87,32991121.3,,,28.0056,2.4811,4.8991,-146.921,5824843649.94,,116597,0.01,13200,,,
2017-12-22,3432940,6.1811,6.2304,6.1121,6.2009,0.0592,0.96,0.56,21547772.35,,,28.2753,2.505,4.9463,-148.336,5880941662.62,,116597,0.01,0,,,
2017-12-25,4029608,6.1319,6.191,6.0037,6.0628,-0.1381,-2.23,0.66,24861808.52,,,27.646,2.4493,4.8362,-145.0344,5750046299.7,,116597,0.01,0,,,
2017-12-26,8535059,6.0628,6.4572,6.0431,6.3783,0.3155,5.2,1.4,54527426.91,,,29.0845,2.5767,5.0878,-152.5809,6049235700.66,,116597,0.01,0,,,
2017-12-27,6431485,6.3685,6.3783,6.2206,6.26,-0.1183,-1.85,1.05,41037035.6,,,28.5451,2.5289,4.9934,-149.751,5937039675.3,,90097,0,-26500,,,
2017-12-28,3990931,6.2009,6.2699,6.1319,6.191,-0.069,-1.1,0.65,25135213.75,,,28.2304,2.5011,4.9384,-148.1002,5871591993.84,,63897,0,-26200,,,
2017-12-29,2623509,6.122,6.2502,6.122,6.2403,0.0493,0.8,0.43,16528359.54,,,28.4551,2.521,4.9777,-149.2793,5918340337.74,,62097,0,-1800,,,
2018-01-02,3273362,6.2403,6.3093,6.2403,6.2699,0.0296,0.47,0.54,20849923.68,,,30.1971,2.5096,4.1871,36.6437,5946389344.08,,49297,0,-12800,,,
2018-01-03,14163519,6.26,6.6149,6.2502,6.5755,0.3056,4.87,2.32,93620091.29,,,31.669,2.6319,4.3912,38.4298,6236229076.26,,46997,0,-2300,,,
2018-01-04,8769173,6.5459,6.5459,6.3783,6.4276,-0.1479,-2.25,1.44,57160547.59,,,30.9568,2.5727,4.2925,37.5656,6095984044.56,,41197,0,-5800,,,
2018-01-05,9817015,6.4177,6.7825,6.3783,6.536,0.1084,1.69,1.61,65458427.1,,,31.4791,2.6161,4.3649,38.1994,6198830401.14,,25097,0,-16100,,,
2018-01-08,6382152,6.467,6.5065,6.3882,6.4473,-0.0887,-1.36,1.05,41710823.32,,,31.0517,2.5806,4.3056,37.6808,6114683382.12,,25097,0,0,,,
2018-01-09,5987697,6.4177,6.5558,6.4079,6.4375,-0.0098,-0.15,0.98,39258181.35,,,31.0043,2.5767,4.299,37.6232,6105333713.34,,25097,0,0,,,
2018-01-10,4406773,6.4375,6.4572,6.3389,6.3783,-0.0592,-0.92,0.72,28499168.43,,,30.7194,2.553,4.2595,37.2775,6049235700.66,,25097,0,0,,,
2018-01-11,4285512,6.3783,6.4177,6.3093,6.3882,0.0099,0.16,0.7,27597667.96,,,30.7669,2.557,4.2661,37.3351,6058585369.44,,48997,0,23900,,,
2018-01-12,4713681,6.3882,6.4769,6.3389,6.467,0.0788,1.23,0.77,30775146.96,,,31.1467,2.5885,4.3188,37.7961,6133382719.68,,36997,0,-12000,,,
2018-01-15,5601227,6.4966,6.4966,6.3093,6.3389,-0.1281,-1.98,0.91,36345181.2,,,30.5295,2.5372,4.2332,37.0471,6011837025.54,,12697,0,-24300,,,
2018-01-16,5218900,6.2206,6.3487,6.2206,6.2797,-0.0592,-0.93,0.84,33228643.6,,,30.2446,2.5136,4.1937,36.7014,5955739012.86,,73297,0,60600,,,
2018-01-17,5123723,6.2699,6.2994,6.1713,6.2699,-0.0098,-0.16,0.84,32417124.33,,,30.1971,2.5096,4.1871,36.6437,5946389344.08,,13997,0,-59300,,,
2018-01-18,2941480,6.2502,6.3389,6.2206,6.3093,0.0394,0.63,0.47,18795888.8,,,30.387,2.5254,4.2135,36.8742,5983788019.2,,25597,0,11600,,,
2018-01-19,9634154,6.2699,6.5065,6.2206,6.4276,0.1183,1.88,1.54,62251380,,,30.9568,2.5727,4.2925,37.5656,6095984044.56,,58997,0,33400,,,
2018-01-22,6882426,6.329,6.4769,6.2206,6.3882,-0.0394,-0.61,1.12,44223237.58,,,30.7669,2.557,4.2661,37.3351,6058585369.44,,58997,0,0,,,
2018-01-23,4534096,6.398,6.467,6.3586,6.4177,0.0295,0.46,0.73,29516562.16,,,30.9093,2.5688,4.2859,37.508,6086634375.78,,15897,0,-43100,,,
2018-01-24,7429856,6.4473,6.536,6.3487,6.4769,0.0592,0.92,1.2,48716928.04,,,31.1942,2.5925,4.3254,37.8537,6142732388.46,,71997,0,56100,,,
2018-01-25,9647240,6.536,6.6741,6.5065,6.5459,0.069,1.07,1.56,64486517.2,,,31.5265,2.6201,4.3715,38.257,6208180069.92,,103997,0.01,32000,,,
2018-01-26,9716190,6.5262,6.7726,6.4473,6.6543,0.1084,1.66,1.56,65587438,,,32.0488,2.6635,4.4439,38.8908,6311026426.5,,133097,0.01,29100,,,
2018-01-29,8168265,6.605,6.7233,6.4966,6.5262,-0.1281,-1.93,1.32,54799795.54,,,31.4316,2.6122,4.3583,38.1418,6189480732.36,,80697,0,-52400,,,
2018-01-30,4028999,6.5262,6.5755,6.4375,6.5558,0.0296,0.45,0.65,26589242.9,,,31.574,2.624,4.378,38.3146,6217529738.7,,187197,0.02,106500,,,
2018-01-31,8931826,6.536,6.536,6.2403,6.2502,-0.3056,-4.66,1.44,57241650.16,,,30.1021,2.5017,4.174,36.5285,5927690006.52,,76097,0,-111100,,,
2018-02-01,9158840,6.2797,6.3192,5.915,5.915,-0.3352,-5.36,1.4,56333875.35,,,28.4878,2.3676,3.9501,34.5696,5609801268,,83897,0,7800,,,
2018-02-02,3980021,5.9643,6.0431,5.8164,5.9938,0.0788,1.33,0.64,24074001.97,,,28.8677,2.3991,4.0028,35.0305,5684598618.24,,130197,0.01,46300,,,
2018-02-05,3264805,5.9445,6.0924,5.8854,5.9741,-0.0197,-0.33,0.52,19857658.05,,,28.7727,2.3912,3.9896,34.9153,5665899280.68,,152737,0.01,22540,,,
2018-02-06,5574210,5.915,5.9741,5.5206,5.5206,-0.4535,-7.59,0.88,32849763.3,,,26.5886,2.2097,3.6868,32.2649,5235814516.8,,162637,0.01,9900,,,
2018-02-07,4660971,5.6882,5.7671,5.5108,5.6291,0.1085,1.97,0.75,26773464.36,,,27.1109,2.2531,3.7592,32.8987,5338660873.38,,178737,0.01,16100,,,
2018-02-08,4048067,5.6291,5.8558,5.6291,5.8361,0.207,3.68,0.66,23775646.35,,,28.108,2.336,3.8974,34.1086,5535003917.76,,307437,0.03,128700,,,
2018-02-09,6179492,5.7375,5.9643,5.6587,5.9347,0.0986,1.69,0.99,36240688.51,,,28.5828,2.3754,3.9633,34.6848,5628500605.56,,344797,0.03,37360,,,
2018-02-12,5051291,5.9051,6.0924,5.9051,6.0234,0.0887,1.49,0.82,30897360.97,,,29.0101,2.411,4.0225,35.2033,5712647624.58,,232497,0.02,-112300,,,
2018-02-13,2821875,6.0234,6.1023,5.9347,5.9445,-0.0789,-1.31,0.46,17150517.9,,,28.6303,2.3794,3.9699,34.7424,5637850274.34,,163137,0.01,-69360,,,
2018-02-14,2419460,5.984,6.0727,5.9347,6.0333,0.0888,1.49,0.38,14764524.6,,,29.0576,2.4149,4.0291,35.261,5721997293.36,,137137,0.01,-26000,,,
2018-02-22,4118833,6.0628,6.1023,6.0037,6.053,0.0197,0.33,0.67,25220940.03,,,29.1525,2.4228,4.0423,35.3762,5740696630.92,,148937,0.01,11800,,,
2018-02-23,3782885,6.0727,6.1417,6.0431,6.0727,0.0197,0.33,0.62,23357762.97,,,29.2475,2.4307,4.0555,35.4914,5759395968.48,,272997,0.02,124060,,,
2018-02-26,5610413,6.1121,6.2009,6.0431,6.191,0.1183,1.95,0.9,34858593.25,,,29.8173,2.478,4.1345,36.1828,5871591993.84,,270497,0.02,-2500,,,
2018-02-27,3762440,6.1811,6.191,6.1319,6.191,0,0,0.61,23510152.8,,,29.8173,2.478,4.1345,36.1828,5871591993.84,,280197,0.02,9700,,,
2018-02-28,4577560,6.1319,6.26,6.0727,6.191,0,0,0.74,28730945.8,,,29.8173,2.478,4.1345,36.1828,5871591993.84,,353897,0.03,73700,,,
2018-03-01,4544829,6.1614,6.3389,6.1319,6.2797,0.0887,1.43,0.74,28932520.53,,,30.2446,2.5136,4.1937,36.7014,5955739012.86,,402897,0.04,49000,,,
2018-03-02,6395933,6.2206,6.4276,6.2206,6.3882,0.1085,1.73,1.01,41116206.58,,,30.7669,2.557,4.2661,37.3351,6058585369.44,,307997,0.03,-94900,,,
2018-03-05,5496102,6.3685,6.3882,6.2797,6.3389,-0.0493,-0.77,0.9,35233294.6,,,30.5295,2.5372,4.2332,37.0471,6011837025.54,,297397,0.03,-10600,,,
2018-03-06,5963462,6.3882,6.467,6.3192,6.3783,0.0394,0.62,0.97,38575195.65,,,30.7194,2.553,4.2595,37.2775,6049235700.66,,127597,0.01,-169800,,,
2018-03-07,3535653,6.329,6.3882,6.2403,6.26,-0.1183,-1.85,0.57,22612330.06,,,30.1496,2.5057,4.1805,36.5861,5937039675.3,,118397,0.01,-9200,,,
2018-03-08,9206206,6.2699,6.4868,6.2304,6.4769,0.2169,3.46,1.48,59651695.56,,,31.1942,2.5925,4.3254,37.8537,6142732388.46,,258097,0.02,139700,,,
2018-03-09,8151437,6.4375,6.5459,6.398,6.4966,0.0197,0.3,1.32,53462616.72,,,31.2891,2.6004,4.3385,37.9689,6161431726.02,,272997,0.02,14900,,,
2018-03-12,6199930,6.4966,6.5853,6.4868,6.536,0.0394,0.61,1,41074600.56,,,31.4791,2.6161,4.3649,38.1994,6198830401.14,,280797,0.03,7800,,,
2018-03-13,6719560,6.5065,6.536,6.3882,6.398,-0.138,-2.11,1.1,43887986.03,,,30.8143,2.5609,4.2727,37.3927,6067935038.22,,294197,0.03,13400,,,
2018-03-14,3446880,6.3586,6.3586,6.2797,6.3093,-0.0887,-1.39,0.56,22105465,,,30.387,2.5254,4.2135,36.8742,5983788019.2,,307197,0.03,13000,,,
2018-03-15,4665459,6.2304,6.398,6.2107,6.2994,-0.0099,-0.16,0.76,29784685.03,,,30.3395,2.5214,4.2069,36.8166,5974438350.42,,288297,0.03,-18900,,,
2018-03-16,2297880,6.26,6.3487,6.26,6.2896,-0.0098,-0.16,0.37,14725675.6,,,30.2921,2.5175,4.2003,36.759,5965088681.64,,391697,0.04,103400,,,
2018-03-19,3153800,6.3093,6.3882,6.26,6.3586,0.069,1.1,0.51,20301037,,,30.6244,2.5451,4.2464,37.1623,6030536363.1,,318697,0.03,-73000,,,
2018-03-20,16251051,6.3192,6.6938,6.2896,6.4868,0.1282,2.02,2.59,107586344.64,,,31.2417,2.5964,4.332,37.9113,6152082057.24,,346997,0.03,28300,,,
2018-03-21,11883382,6.5262,6.6543,6.3586,6.4177,-0.0691,-1.07,1.92,78457645.04,,,30.9093,2.5688,4.2859,37.508,6086634375.78,,96797,0.01,-250200,,,
2018-03-22,7507027,6.3882,6.467,6.2206,6.2699,-0.1478,-2.3,1.22,48261315.19,,,30.1971,2.5096,4.1871,36.6437,5946389344.08,,141797,0.01,45000,,,
2018-03-23,8639275,6.0234,6.2009,5.8558,5.9741,-0.2958,-4.72,1.41,52844591.78,,,28.7727,2.3912,3.9896,34.9153,5665899280.68,,178697,0.01,36900,,,
2018-03-26,7448703,5.8755,6.0924,5.7868,6.0727,0.0986,1.65,1.2,45080819.02,,,29.2475,2.4307,4.0555,35.4914,5759395968.48,,182097,0.01,3400,,,
2018-03-27,7597105,6.1121,6.2896,6.1023,6.2896,0.2169,3.57,1.19,47859621.18,,,30.2921,2.5175,4.2003,36.759,5965088681.64,,216097,0.02,34000,,,
2018-03-28,11746209,6.2009,6.467,6.1614,6.3192,0.0296,0.47,1.91,76004697.93,,,30.4345,2.5293,4.22,36.9318,5993137687.98,,488197,0.05,272100,,,
2018-03-29,7204140,6.329,6.4572,6.3093,6.3783,0.0591,0.94,1.15,46566076.2,,,30.7194,2.553,4.2595,37.2775,6049235700.66,,488197,0.05,0,,,
2018-03-30,7401468,6.4079,6.467,6.3882,6.4473,0.069,1.08,1.19,48329801.16,,,31.0517,2.5806,4.3056,37.6808,6114683382.12,,488197,0.05,0,,,
2018-04-02,9314229,6.4375,6.4966,6.3586,6.4177,-0.0296,-0.46,1.52,60580386.23,,,30.5393,2.5205,4.0775,40.2146,6086634375.78,,488197,0.05,0,,,
2018-04-03,11263066,6.3389,6.5558,6.2994,6.5558,0.1381,2.15,1.79,74035339.31,,,31.196,2.5747,4.1652,41.0794,6217529738.7,,610297,0.06,122100,,,
2018-04-04,25480169,6.5656,7.0585,6.5656,6.6938,0.138,2.11,4.13,175506488.16,,,31.8528,2.6289,4.2529,41.9442,6348425101.62,,334697,0.03,-275600,,,
2018-04-09,11168396,6.5853,6.7036,6.4868,6.5952,-0.0986,-1.47,1.82,74698500.88,,,31.3837,2.5902,4.1903,41.3265,6254928413.82,,551997,0.05,217300,,,
2018-04-10,11048690,6.5755,6.7332,6.536,6.7036,0.1084,1.64,1.78,74574646.62,,,31.8997,2.6328,4.2592,42.006,6357774770.4,,265297,0.02,-286700,,,
2018-04-11,11564160,6.6642,6.8909,6.6642,6.7529,0.0493,0.74,1.86,79469235.22,,,32.1343,2.6522,4.2905,42.3149,6404523114.3,,144797,0.01,-120500,,,
2018-04-12,9293278,6.7332,6.8121,6.5755,6.6149,-0.138,-2.04,1.51,62780647.37,,,31.4775,2.598,4.2028,41.45,6273627751.38,,388697,0.04,243900,,,
2018-04-13,9872220,6.6248,6.8022,6.6248,6.6741,0.0592,0.89,1.6,67282119.71,,,31.759,2.6212,4.2404,41.8207,6329725764.06,,467997,0.05,79300,,,
2018-04-16,9228767,6.6741,6.7036,6.467,6.5853,-0.0888,-1.33,1.5,61331146.37,,,31.3368,2.5863,4.184,41.2647,6245578745.04,,661197,0.07,193200,,,
2018-04-17,8561149,6.5853,6.6149,6.3093,6.329,-0.2563,-3.89,1.39,55957465.33,,,30.1171,2.4857,4.0212,39.6586,6002487356.76,,515997,0.05,-145200,,,
2018-04-18,7771180,6.3389,6.4079,6.191,6.398,0.069,1.09,1.27,49793483.8,,,30.4455,2.5128,4.065,40.091,6067935038.22,,584497,0.06,68500,,,
2018-04-19,6475140,6.3586,6.4375,6.3389,6.3685,-0.0295,-0.46,1.06,41953881.2,,,30.3047,2.5012,4.0462,39.9057,6039886031.88,,524197,0.05,-60300,,,
2018-04-20,5486550,6.3685,6.4276,6.1713,6.2009,-0.1676,-2.63,0.89,34925615.3,,,29.5072,2.4353,3.9398,38.8556,5880941662.62,,437897,0.04,-86300,,,
2018-04-23,4416850,6.2699,6.3192,6.0924,6.1121,-0.0888,-1.43,0.71,27691288.7,,,29.085,2.4005,3.8834,38.2996,5796794643.6,,343697,0.03,-94200,,,
2018-04-24,4048679,6.1023,6.3093,6.1023,6.3093,0.1972,3.23,0.64,25579910.86,,,30.0233,2.4779,4.0087,39.5351,5983788019.2,,349697,0.03,6000,,,
2018-04-25,4117270,6.2896,6.329,6.2502,6.2994,-0.0099,-0.16,0.67,26232128.1,,,29.9764,2.4741,4.0024,39.4733,5974438350.42,,422897,0.04,73200,,,
2018-04-26,3792820,6.2994,6.3093,6.1713,6.1811,-0.1183,-1.88,0.61,24039737.2,,,29.4134,2.4276,3.9272,38.732,5862242325.06,,242397,0.02,-180500,,,
2018-04-27,12584032,6.1516,6.8022,6.1516,6.4375,0.2564,4.15,2.04,82959851.22,,,30.6331,2.5283,4.0901,40.3381,6105333713.34,,86397,0,-156000,,,
2018-05-02,16037367,6.3882,6.7825,6.3882,6.6543,0.2168,3.37,2.59,107235997.49,,,31.6652,2.6134,4.2279,41.6971,6311026426.5,,38597,0,-47800,,,
2018-05-03,11320980,6.605,6.7431,6.4572,6.6839,0.0296,0.44,1.81,75843220,,,31.8059,2.6251,4.2467,41.8825,6339075432.84,,497,0,-38100,,,
2018-05-04,13814087,6.6642,6.8121,6.5853,6.8022,0.1183,1.77,2.21,94385166.26,,,32.3688,2.6715,4.3218,42.6237,6451271458.2,,14897,0,14400,,,
2018-05-07,19307003,6.8219,6.8909,6.7135,6.8416,0.0394,0.58,3.09,133604383.59,,,32.5565,2.687,4.3469,42.8708,6488670133.32,,148697,0.01,133800,,,
2018-05-08,14638300,6.8416,6.9994,6.7825,6.8614,0.0198,0.29,2.37,102448682.96,,,32.6503,2.6948,4.3594,42.9944,6507369470.88,,54157,0,-94540,,,
2018-05-09,15911933,6.8318,6.9895,6.6839,6.9402,0.0788,1.15,2.54,109983907.02,,,33.0256,2.7257,4.4095,43.4886,6582166821.12,,117657,0.01,63500,,,
2018-05-10,12605176,6.8909,6.9304,6.8022,6.9205,-0.0197,-0.28,2.01,87653358.04,,,32.9318,2.718,4.397,43.365,6563467483.56,,457,0,-117200,,,
2018-05-11,18905765,6.9008,7.098,6.8416,6.9895,0.069,1,3.05,133936250.31,,,33.2601,2.7451,4.4408,43.7974,6628915165.02,,38957,0,38500,,,
2018-05-14,17548685,7.0191,7.1768,6.9599,7.0881,0.0986,1.41,2.81,125767880,,,33.7293,2.7838,4.5035,44.4152,6722411852.82,,457,0,-38500,,,
2018-05-15,12477010,7.0881,7.1177,6.9402,7.098,0.0099,0.14,1.99,89023270.9,,,33.7762,2.7877,4.5097,44.4769,6731761521.6,,457,0,0,,,
2018-05-16,48817691,7.8078,7.8078,7.6007,7.8078,0.7098,10,7.54,386468918.52,,,37.1538,3.0664,4.9607,48.9246,7404937673.76,,457,0,0,,,
2018-05-17,167291889,8.2612,8.5866,7.9063,8.557,0.7492,9.6,25.89,1442859341.66,,,40.7191,3.3607,5.4367,53.6194,8115512501.04,,87357,0,86900,,,
2018-05-18,35773900,7.8768,8.0542,7.6993,7.6993,-0.8577,-10.02,5.46,282877234.82,,,36.6378,3.0239,4.8918,48.2451,7302091317.18,,87357,0,0,,,
2018-05-21,104519798,7.3148,7.6402,7.1275,7.4331,-0.2662,-3.46,15.95,779707223.46,,,35.3712,2.9193,4.7227,46.5772,7049650260.12,,87357,0,0,,,
2018-05-23,124025301,6.6938,7.029,6.6938,6.8022,-0.6309,-8.49,18.98,852061658.88,,,32.3688,2.6715,4.3218,42.6237,6451271458.2,,100657,0.01,13300,,,
2018-05-24,59088226,6.7233,6.8811,6.5853,6.7332,-0.069,-1.01,9.01,403642435.63,,,32.0405,2.6444,4.278,42.1913,6385823776.74,,122917,0.01,22260,,,
2018-05-25,43889882,6.7135,6.7924,6.4868,6.5163,-0.2169,-3.22,6.67,296001257.15,,,31.0084,2.5592,4.1402,40.8323,6180131063.58,,40517,0,-82400,,,
2018-05-28,37028304,6.4966,6.5163,6.1713,6.2304,-0.2859,-4.39,5.65,236950912.26,,,29.648,2.447,3.9585,39.0409,5908990668.96,,116917,0.01,76400,,,
2018-05-29,26458643,6.2699,6.3882,6.2009,6.2107,-0.0197,-0.32,4.04,168836635.77,,,29.5542,2.4392,3.946,38.9173,5890291331.4,,38617,0,-78300,,,
2018-05-30,41948067,6.0727,6.1516,5.6882,5.7671,-0.4436,-7.14,6.41,252855230.27,,,27.4431,2.265,3.6642,36.1375,5469556236.3,,255617,0.02,217000,,,
2018-05-31,26973778,5.846,6.0431,5.7671,5.9445,0.1774,3.08,4.12,161516244.46,,,28.2875,2.3347,3.7769,37.2494,5637850274.34,,123917,0.01,-131700,,,
2018-06-01,41241526,6.0234,6.4966,5.984,6.2403,0.2958,4.98,6.35,262673834.93,,,29.6949,2.4508,3.9648,39.1026,5918340337.74,,59817,0,-64100,,,
2018-06-04,29632689,6.4079,6.6839,6.2699,6.2896,0.0493,0.79,4.51,193085443.49,,,29.9294,2.4702,3.9961,39.4115,5965088681.64,,59817,0,0,,,
2018-06-05,20536480,6.3586,6.3685,6.1516,6.3093,0.0197,0.31,3.15,130775761.33,,,30.0233,2.4779,4.0087,39.5351,5983788019.2,,233617,0.02,173800,,,
2018-06-06,21511720,6.2699,6.3093,6.053,6.1121,-0.1972,-3.13,3.27,134182962.36,,,29.085,2.4005,3.8834,38.2996,5796794643.6,,45717,0,-187900,,,
2018-06-07,14138160,6.1121,6.1516,5.9741,5.9938,-0.1183,-1.94,2.15,86624892,,,28.5221,2.354,3.8082,37.5583,5684598618.24,,29717,0,-16000,,,
2018-06-08,16013440,5.984,6.1417,5.8854,6.0826,0.0888,1.48,2.44,97873562.2,,,28.9443,2.3889,3.8646,38.1143,5768745637.26,,25717,0,-4000,,,
2018-06-11,8807910,5.9938,6.1023,5.9643,5.984,-0.0986,-1.62,1.35,53723070,,,28.4752,2.3502,3.802,37.4965,5675248949.46,,130617,0.01,104900,,,
2018-06-12,9988278,5.9938,6.0727,5.9347,6.0431,0.0591,0.99,1.52,60928502.2,,,28.7567,2.3734,3.8395,37.8672,5731346962.14,,24567,0,-106050,,,
2018-06-13,12670370,6.0037,6.0136,5.8065,5.8262,-0.2169,-3.59,1.9,76069051.1,,,27.7246,2.2882,3.7017,36.5082,5525654248.98,,26507,0,1940,,,
2018-06-14,8271422,5.8065,5.9445,5.8065,5.8164,-0.0098,-0.17,1.27,49131257.28,,,27.6777,2.2843,3.6955,36.4464,5516304580.2,,26907,0,400,,,
2018-06-15,13261450,5.846,5.8657,5.5502,5.6094,-0.207,-3.56,2.03,76126374.66,,,26.6926,2.203,3.5639,35.1491,5319961535.82,,29607,0,2700,,,
2018-06-19,19051899,5.5009,5.5009,5.0474,5.0573,-0.5521,-9.84,2.93,100704240.77,,,24.0655,1.9862,3.2132,31.6898,4796380084.14,,83267,0,53660,,,
2018-06-20,9397200,5.0474,5.1756,4.9784,5.1362,0.0789,1.56,1.43,48585503.2,,,24.4408,2.0172,3.2633,32.184,4871177434.38,,290067,0.03,206800,,,
2018-06-21,8260070,5.1559,5.1953,4.9686,4.9784,-0.1578,-3.07,1.26,42613429.2,,,23.6902,1.9552,3.1631,31.1956,4721582733.9,,361867,0.03,71800,,,
2018-06-22,7886097,4.8796,5.0676,4.8499,5.0577,0.0793,1.59,1.21,39742635.12,,,23.9717,1.9939,3.2007,31.5663,4777680746.58,,639567,0.06,277700,,,
2018-06-25,18036740,5.4437,5.5625,5.3448,5.5625,0.5048,9.98,2.78,100803989,,,26.3642,2.1929,3.5201,34.7167,5254513854.36,,618467,0.06,-21100,,,
2018-06-26,25325254,5.5229,5.6912,5.4141,5.5427,-0.0198,-0.36,3.89,142596764.64,,,26.2704,2.1851,3.5076,34.5932,5235814516.8,,458667,0.04,-159800,,,
2018-06-27,14450477,5.4734,5.5427,5.2953,5.3052,-0.2375,-4.28,2.21,78549711.32,,,25.1445,2.0915,3.3572,33.1106,5011422466.08,,533967,0.05,75300,,,
2018-06-28,8632256,5.226,5.3547,5.1468,5.1765,-0.1287,-2.43,1.31,45863364.92,,,24.5346,2.0407,3.2758,32.3076,4889876771.94,,375267,0.04,-158700,,,
2018-06-29,13848670,5.1468,5.3844,5.1468,5.3547,0.1782,3.44,2.12,74044263.63,,,25.379,2.111,3.3886,33.4195,5058170809.98,,375267,0.04,0,,,
2018-07-02,14227402,5.325,5.3844,5.0478,5.2161,-0.1386,-2.59,2.15,75656640.08,,,22.4539,2.0316,3.0401,17.18,4927275447.06,,375267,0.04,0,,,
2018-07-03,13615507,5.226,5.4042,5.1468,5.3646,0.1485,2.85,2.08,72877786.86,,,23.093,2.0895,3.1266,17.669,5067520478.76,,240667,0.02,-134600,,,
2018-07-04,8391036,5.3151,5.3448,5.2458,5.2953,-0.0693,-1.29,1.28,44833739.5,,,22.7948,2.0625,3.0862,17.4408,5002072797.3,,147767,0.01,-92900,,,
2018-07-05,7021627,5.3151,5.3349,5.1171,5.127,-0.1683,-3.18,1.07,37031947.66,,,22.0705,1.9969,2.9882,16.8866,4843128428.04,,23667,0,-124100,,,
2018-07-06,8228840,5.1666,5.2557,4.9884,5.1666,0.0396,0.77,1.26,42735329.4,,,22.2409,2.0124,3.0113,17.017,4880527103.16,,42867,0,19200,,,
2018-07-09,9275208,5.1864,5.325,5.1864,5.2755,0.1089,2.11,1.42,49321506.72,,,22.7096,2.0548,3.0747,17.3756,4983373459.74,,95507,0.01,52640,,,
2018-07-10,9053700,5.2458,5.3448,5.2359,5.325,0.0495,0.94,1.38,48373877,,,22.9226,2.074,3.1036,17.5386,5030121803.64,,240807,0.02,145300,,,
2018-07-11,10800589,5.2458,5.2458,5.1072,5.1666,-0.1584,-2.97,1.65,56545651.29,,,22.2409,2.0124,3.0113,17.017,4880527103.16,,109507,0.01,-131300,,,
2018-07-12,11042949,5.1666,5.3547,5.1666,5.3349,0.1683,3.26,1.7,59093743.91,,,22.9652,2.0779,3.1093,17.5712,5039471472.42,,534207,0.05,424700,,,
2018-07-13,30740002,5.3448,5.8298,5.325,5.7308,0.3959,7.42,4.62,175239847.4,,,24.6695,2.2321,3.3401,18.8751,5413458223.62,,177907,0.01,-356300,,,
2018-07-16,11589080,5.6912,5.7011,5.5724,5.6021,-0.1287,-2.25,1.73,65859398.31,,,24.1156,2.182,3.2651,18.4514,5291912529.48,,118307,0.01,-59600,,,
2018-07-17,13814809,5.5724,5.7803,5.5526,5.6813,0.0792,1.41,2.09,79095598.98,,,24.4564,2.2128,3.3112,18.7121,5366709879.72,,93507,0.01,-24800,,,
2018-07-18,8555920,5.6714,5.7308,5.5922,5.6021,-0.0792,-1.39,1.29,48955026.2,,,24.1156,2.182,3.2651,18.4514,5291912529.48,,130307,0.01,36800,,,
2018-07-19,7904360,5.5724,5.6021,5.4536,5.4932,-0.1089,-1.94,1.21,44018929.8,,,23.6469,2.1396,3.2016,18.0928,5189066172.9,,172407,0.01,42100,,,
2018-07-20,6824040,5.4932,5.6318,5.4536,5.5922,0.099,1.8,1.05,38299567.6,,,24.073,2.1781,3.2593,18.4188,5282562860.7,,25507,0,-146900,,,
2018-07-23,22485240,5.3547,5.513,5.1567,5.3547,-0.2375,-4.25,3.46,120993833.28,,,23.0504,2.0856,3.1209,17.6364,5058170809.98,,68307,0,42800,,,
2018-07-24,11328820,5.4042,5.4833,5.3448,5.4437,0.089,1.66,1.74,62009577.6,,,23.4339,2.1203,3.1728,17.9298,5142317829,,201607,0.02,133300,,,
2018-07-25,8899580,5.4239,5.4932,5.3943,5.4734,0.0297,0.55,1.36,48897847,,,23.5617,2.1319,3.1901,18.0276,5170366835.34,,451007,0.04,249400,,,
2018-07-26,7991900,5.4635,5.4833,5.3844,5.4536,-0.0198,-0.36,1.23,43908965,,,23.4765,2.1242,3.1785,17.9624,5151667497.78,,538407,0.05,87400,,,
2018-07-27,5370700,5.4338,5.4734,5.4042,5.4042,-0.0494,-0.91,0.81,29520216,,,23.2634,2.1049,3.1497,17.7994,5104919153.88,,276207,0.02,-262200,,,
2018-07-30,9407230,5.3844,5.3943,5.1666,5.1765,-0.2277,-4.21,1.43,49805565.1,,,22.2835,2.0162,3.017,17.0496,4889876771.94,,134507,0.01,-141700,,,
2018-07-31,3557873,5.2062,5.2656,5.1765,5.2161,0.0396,0.76,0.55,18759583.71,,,22.4539,2.0316,3.0401,17.18,4927275447.06,,82007,0,-52500,,,
2018-08-01,4632000,5.226,5.2557,5.0973,5.0973,-0.1188,-2.28,0.7,24245513,,,21.9426,1.9854,2.9709,16.7888,4815079421.7,,71707,0,-10300,,,
2018-08-02,6597330,5.0775,5.127,4.9093,4.9983,-0.099,-1.94,1.02,33339467.22,,,21.5166,1.9468,2.9132,16.4628,4721582733.9,,89207,0,17500,,,
2018-08-03,4021500,4.9687,5.028,4.939,4.9588,-0.0395,-0.79,0.62,20199433,,,21.3461,1.9314,2.8901,16.3324,4684184058.78,,65507,0,-23700,,,
2018-08-06,7156820,4.9588,4.9884,4.7509,4.7806,-0.1782,-3.59,1.08,35142446.4,,,20.5792,1.862,2.7863,15.7456,4515890020.74,,46107,0,-19400,,,
2018-08-07,4220700,4.8103,4.8994,4.7707,4.8895,0.1089,2.28,0.69,20654308,,,21.0479,1.9044,2.8497,16.1042,4618736377.32,,91007,0,44900,,,
2018-08-08,3850180,4.8895,4.9093,4.7806,4.8004,-0.0891,-1.82,0.62,18833266,,,20.6644,1.8697,2.7978,15.8108,4534589358.3,,15307,0,-75700,,,
2018-08-09,5171638,4.7608,4.9489,4.7608,4.9093,0.1089,2.27,0.84,25548639.03,,,21.1331,1.9121,2.8613,16.1694,4637435714.88,,18607,0,3300,,,
2018-08-10,8609649,4.8895,5.1963,4.8796,5.0181,0.1088,2.22,1.41,44028041.03,,,21.6018,1.9545,2.9247,16.528,4740282071.46,,41207,0,22600,,,
2018-08-13,5345420,4.9489,5.127,4.9489,5.0775,0.0594,1.18,0.87,27158196.8,,,21.8574,1.9777,2.9593,16.7236,4796380084.14,,110607,0.01,69400,,,
2018-08-14,5450430,5.0874,5.1171,4.9588,5.0181,-0.0594,-1.17,0.89,27598361.9,,,21.6018,1.9545,2.9247,16.528,4740282071.46,,191407,0.02,80800,,,
2018-08-15,4989700,4.9983,5.0181,4.8895,4.9093,-0.1088,-2.17,0.81,24917493,,,21.1331,1.9121,2.8613,16.1694,4637435714.88,,179007,0.01,-12400,,,
2018-08-16,3718070,4.8499,4.9291,4.8004,4.84,-0.0693,-1.41,0.61,18271099.6,,,20.8348,1.8851,2.8209,15.9412,4571988033.42,,78807,0,-100200,,,
2018-08-17,3522520,4.8895,4.8895,4.8103,4.8103,-0.0297,-0.61,0.57,17241675.8,,,20.707,1.8736,2.8036,15.8434,4543939027.08,,17507,0,-61300,,,
2018-08-20,3525160,4.8103,4.9093,4.7806,4.8895,0.0792,1.65,0.57,17237662.8,,,21.0479,1.9044,2.8497,16.1042,4618736377.32,,57907,0,40400,,,
2018-08-21,4655140,4.9093,4.9687,4.8796,4.9489,0.0594,1.21,0.72,23196391,,,21.3035,1.9276,2.8843,16.2998,4674834390,,68607,0,10700,,,
2018-08-22,3343340,4.9489,4.9489,4.8301,4.84,-0.1089,-2.2,0.51,16497014.8,,,20.8348,1.8851,2.8209,15.9412,4571988033.42,,64947,0,-3660,,,
2018-08-23,2724000,4.8202,4.8796,4.8202,4.8598,0.0198,0.41,0.41,13354283,,,20.9201,1.8929,2.8324,16.0064,4590687370.98,,55147,0,-9800,,,
2018-08-24,2236230,4.8301,4.8796,4.8301,4.84,-0.0198,-0.41,0.34,10960683.5,,,20.8348,1.8851,2.8209,15.9412,4571988033.42,,58327,0,3180,,,
2018-08-27,4949773,4.8697,4.9687,4.8598,4.9588,0.1188,2.45,0.76,24605351.45,,,21.3461,1.9314,2.8901,16.3324,4684184058.78,,152027,0.01,93700,,,
2018-08-28,2968300,4.9588,4.9884,4.9291,4.939,-0.0198,-0.4,0.46,14833598,,,21.2609,1.9237,2.8786,16.2672,4665484721.22,,199427,0.02,47400,,,
2018-08-29,3078933,4.939,4.9687,4.9093,4.9489,0.0099,0.2,0.47,15386277.67,,,21.3035,1.9276,2.8843,16.2998,4674834390,,119747,0.01,-79680,,,
2018-08-30,3204160,4.939,4.9687,4.8895,4.8994,-0.0495,-1,0.49,15931295.8,,,21.0905,1.9083,2.8555,16.1368,4628086046.1,,33687,0,-86060,,,
2018-08-31,2644700,4.9093,4.9093,4.8202,4.8301,-0.0693,-1.41,0.4,12961056,,,20.7922,1.8813,2.8151,15.9086,4562638364.64,,14287,0,-19400,,,
2018-09-03,3031405,4.8202,4.8301,4.7707,4.8103,-0.0198,-0.41,0.46,14688349.1,,,20.707,1.8736,2.8036,15.8434,4543939027.08,,15087,0,800,,,
2018-09-04,5213100,4.84,4.939,4.8004,4.9291,0.1188,2.47,0.79,25805954.84,,,21.2183,1.9198,2.8728,16.2346,4656135052.44,,16787,0,1700,,,
2018-09-05,5758746,4.9093,5.0181,4.8796,4.9192,-0.0099,-0.2,0.89,28781218.31,,,21.1757,1.916,2.867,16.202,4646785383.66,,96787,0.01,80000,,,
2018-09-06,3339784,4.9093,4.939,4.84,4.8499,-0.0693,-1.41,0.51,16493327.76,,,20.8775,1.889,2.8267,15.9738,4581337702.2,,146987,0.01,50200,,,
2018-09-07,2840184,4.8697,4.9192,4.8301,4.8598,0.0099,0.2,0.43,13970942.64,,,20.9201,1.8929,2.8324,16.0064,4590687370.98,,141987,0.01,-5000,,,
2018-09-10,3234404,4.84,4.8598,4.7707,4.7806,-0.0792,-1.63,0.49,15722438.4,,,20.5792,1.862,2.7863,15.7456,4515890020.74,,84547,0,-57440,,,
2018-09-11,2296200,4.7905,4.84,4.7608,4.8004,0.0198,0.41,0.35,11133019,,,20.6644,1.8697,2.7978,15.8108,4534589358.3,,100047,0.01,15500,,,
2018-09-12,2667640,4.7905,4.8598,4.7806,4.8103,0.0099,0.21,0.41,12993659.4,,,20.707,1.8736,2.8036,15.8434,4543939027.08,,117547,0.01,17500,,,
2018-09-13,2832630,4.8499,4.8697,4.7608,4.8301,0.0198,0.41,0.43,13779077.9,,,20.7922,1.8813,2.8151,15.9086,4562638364.64,,111997,0.01,-5550,,,
2018-09-14,2802488,4.8499,4.8499,4.7707,4.7707,-0.0594,-1.23,0.43,13584585.83,,,20.5366,1.8582,2.7805,15.713,4506540351.96,,89067,0,-22930,,,
2018-09-17,3273264,4.7509,4.7806,4.6123,4.6123,-0.1584,-3.32,0.48,15556718.81,,,19.8549,1.7965,2.6882,15.1914,4356945651.48,,48128,0,-40939,,,
2018-09-18,4139440,4.6222,4.6816,4.5628,4.6618,0.0495,1.07,0.63,19352294.8,,,20.0679,1.8158,2.7171,15.3544,4403693995.38,,125028,0.01,76900,,,
2018-09-19,4684200,4.642,4.741,4.6222,4.6816,0.0198,0.42,0.72,22198920,,,20.1531,1.8235,2.7286,15.4196,4422393332.94,,96728,0.01,-28300,,,
2018-09-20,3239700,4.6816,4.7014,4.642,4.6816,0,0,0.49,15288286.2,,,20.1531,1.8235,2.7286,15.4196,4422393332.94,,104728,0.01,8000,,,
2018-09-21,7329897,4.6816,4.7311,4.6618,4.7014,0.0198,0.42,1.1,34784611.78,,,20.2383,1.8312,2.7401,15.4848,4441092670.5,,104728,0.01,0,,,
2018-09-25,4951720,4.6717,4.6915,4.6123,4.6519,-0.0495,-1.05,0.75,23287079,,,20.0253,1.8119,2.7113,15.3218,4394344326.6,,104728,0.01,0,,,
2018-09-26,6926200,4.6618,4.6816,4.6123,4.6321,-0.0198,-0.43,1,32535416,,,19.9401,1.8042,2.6997,15.2566,4375644989.04,,162024,0.01,57296,,,
2018-09-27,6556280,4.6321,4.642,4.355,4.5332,-0.0989,-2.14,0.97,30270384.6,,,19.514,1.7656,2.6421,14.9306,4282148301.24,,513760,0.05,351736,,,
2018-09-28,7626881,4.5035,4.5628,4.4441,4.5431,0.0099,0.22,1.17,34650254.01,,,19.5566,1.7695,2.6478,14.9632,4291497970.02,,611337,0.06,97577,,,
2018-10-08,4128339,4.4738,4.4936,4.4045,4.4045,-0.1386,-3.05,0.63,18565019.68,,,18.4866,1.6841,2.4609,12.7141,4160602607.1,,862896,0.09,251559,,,
2018-10-09,2963454,4.4243,4.4738,4.3946,4.4441,0.0396,0.9,0.45,13290327.62,,,18.6528,1.6992,2.4831,12.8284,4198001282.22,,837107,0.08,-25789,,,
2018-10-10,3370300,4.4441,4.5431,4.4441,4.4639,0.0198,0.45,0.51,15248474,,,18.7359,1.7068,2.4941,12.8855,4216700619.78,,775207,0.08,-61900,,,
2018-10-11,9512596,4.355,4.3649,4.0185,4.0383,-0.4256,-9.53,1.46,40043502.62,,,16.9495,1.544,2.2563,11.657,3814664862.24,,687907,0.07,-87300,,,
2018-10-12,5542700,3.9789,4.0383,3.8403,4.0086,-0.0297,-0.74,0.85,22194981.8,,,16.8249,1.5327,2.2397,11.5713,3786615855.9,,931807,0.09,243900,,,
2018-10-15,4634997,4.0482,4.1076,4.0086,4.0581,0.0495,1.23,0.69,18978188.96,,,17.0326,1.5516,2.2674,11.7141,3833364199.8,,1046807,0.11,115000,,,
2018-10-16,3779060,4.0779,4.0779,3.9393,4.0086,-0.0495,-1.22,0.57,15297859.4,,,16.8249,1.5327,2.2397,11.5713,3786615855.9,,1046807,0.11,0,,,
2018-10-17,3598605,4.0482,4.0779,3.9294,4.0086,0,0,0.55,14504741.15,,,16.8249,1.5327,2.2397,11.5713,3786615855.9,,1046807,0.11,0,,,
2018-10-18,5305025,3.9393,4.0185,3.8997,3.9987,-0.0099,-0.25,0.75,21217919.9,,,16.7833,1.5289,2.2342,11.5427,3777266187.12,,1186912,0.12,140105,,,
2018-10-19,4560100,3.969,4.0581,3.9294,4.0482,0.0495,1.24,0.68,18470010,,,16.9911,1.5478,2.2619,11.6855,3824014531.02,,1051912,0.11,-135000,,,
2018-10-22,7126520,4.0878,4.2857,4.0482,4.2164,0.1682,4.15,1.09,30136511.6,,,17.6973,1.6122,2.3559,12.1712,3982958900.28,,973712,0.1,-78200,,,
2018-10-23,4439260,4.2164,4.2461,4.0977,4.1076,-0.1088,-2.58,0.67,18682155,,,17.2403,1.5705,2.295,11.857,3880112543.7,,961412,0.1,-12300,,,
2018-10-24,5820600,4.1175,4.2758,4.0878,4.1966,0.089,2.17,0.89,24533932,,,17.6142,1.6046,2.3448,12.1141,3964259562.72,,773712,0.08,-187700,,,
2018-10-25,4471440,4.0779,4.1669,4.0581,4.1372,-0.0594,-1.42,0.68,18503322.4,,,17.3649,1.5819,2.3116,11.9427,3908161550.04,,664112,0.07,-109600,,,
2018-10-26,3545930,4.157,4.2164,4.1273,4.1669,0.0297,0.72,0.54,14947644.3,,,17.4896,1.5932,2.3282,12.0284,3936210556.38,,531282,0.05,-132830,,,
2018-10-29,2580480,4.1669,4.1768,4.0977,4.1076,-0.0593,-1.42,0.4,10768645.4,,,17.2403,1.5705,2.295,11.857,3880112543.7,,430268,0.04,-101014,,,
2018-10-30,3499999,4.1076,4.1669,4.0383,4.1175,0.0099,0.24,0.54,14548863.56,,,17.2819,1.5743,2.3006,11.8855,3889462212.48,,290539,0.03,-139729,,,
2018-10-31,4614700,4.1175,4.2362,4.1175,4.1966,0.0791,1.92,0.7,19577836,,,17.6142,1.6046,2.3448,12.1141,3964259562.72,,321259,0.03,30720,,,
2018-11-01,4905955,4.2065,4.2659,4.1768,4.1966,0,0,0.76,20940893.48,,,17.6142,1.6046,2.3448,12.1141,3964259562.72,,338763,0.03,17504,,,
2018-11-02,7466380,4.256,4.3055,4.2065,4.3055,0.1089,2.59,1.13,32106926,,,18.0712,1.6462,2.4056,12.4284,4067105919.3,,310163,0.03,-28600,,,
2018-11-05,7277288,4.2758,4.3352,4.2263,4.2857,-0.0198,-0.46,1.12,31472484.72,,,17.9881,1.6386,2.3946,12.3712,4048406581.74,,558363,0.05,248200,,,
2018-11-06,4292095,4.2758,4.2758,4.1966,4.2461,-0.0396,-0.92,0.66,18331714.75,,,17.8219,1.6235,2.3725,12.257,4011007906.62,,605963,0.06,47600,,,
2018-11-07,6125100,4.2362,4.3253,4.2362,4.2857,0.0396,0.93,0.94,26545439.8,,,17.9881,1.6386,2.3946,12.3712,4048406581.74,,584186,0.06,-21777,,,
2018-11-08,4214189,4.3055,4.3253,4.2659,4.2857,0,0,0.64,18276066.97,,,17.9881,1.6386,2.3946,12.3712,4048406581.74,,628757,0.06,44571,,,
2018-11-09,4261658,4.2659,4.3154,4.2263,4.2758,-0.0099,-0.23,0.66,18422490.45,,,17.9465,1.6349,2.389,12.3427,4039056912.96,,711457,0.07,82700,,,
2018-11-12,6942865,4.2857,4.3946,4.256,4.3847,0.1089,2.55,1.07,30475169.15,,,18.4035,1.6765,2.4499,12.6569,4141903269.54,,1031997,0.11,320540,,,
2018-11-13,13034206,4.3451,4.6321,4.3253,4.5529,0.1682,3.84,2,59633817.85,,,19.1097,1.7408,2.5439,13.1427,4300847638.8,,1125797,0.12,93800,,,
2018-11-14,10976176,4.5628,4.741,4.5233,4.5925,0.0396,0.87,1.68,51392095.4,,,19.2759,1.756,2.566,13.2569,4338246313.92,,1253197,0.13,127400,,,
2018-11-15,6843600,4.6222,4.6717,4.5727,4.642,0.0495,1.08,1.05,31874121.6,,,19.4836,1.7749,2.5937,13.3998,4384994657.82,,1399097,0.14,145900,,,
2018-11-16,5915302,4.642,4.6717,4.5925,4.6123,-0.0297,-0.64,0.86,27652675.5,,,19.359,1.7635,2.5771,13.3141,4356945651.48,,1554797,0.16,155700,,,
2018-11-19,10982305,4.5529,4.7014,4.4936,4.7014,0.0891,1.93,1.67,50740997.4,,,19.7329,1.7976,2.6268,13.5712,4441092670.5,,1478097,0.15,-76700,,,
2018-11-20,11592789,4.6717,4.6717,4.454,4.4837,-0.2177,-4.63,1.79,53587314.88,,,18.8189,1.7143,2.5052,12.9427,4235399957.34,,1291997,0.13,-186100,,,
2018-11-21,7352389,4.4045,4.5332,4.4045,4.4936,0.0099,0.22,1.13,33244019.24,,,18.8605,1.7181,2.5107,12.9712,4244749626.12,,1552886,0.16,260889,,,
2018-11-22,7433917,4.4837,4.6123,4.4738,4.6024,0.1088,2.42,1.13,34214594.08,,,19.3175,1.7597,2.5715,13.2855,4347595982.7,,1725986,0.18,173100,,,
2018-11-23,6826740,4.5628,4.5727,4.3649,4.3649,-0.2375,-5.16,1.05,30745832.2,,,18.3204,1.6689,2.4388,12.5998,4123203931.98,,1352086,0.14,-373900,,,
2018-11-26,3512020,4.355,4.4144,4.3055,4.3352,-0.0297,-0.68,0.54,15474815.2,,,18.1958,1.6576,2.4222,12.5141,4095154925.64,,1424286,0.15,72200,,,
2018-11-27,3377295,4.355,4.4045,4.3352,4.3847,0.0495,1.14,0.51,14923794.8,,,18.4035,1.6765,2.4499,12.6569,4141903269.54,,1386786,0.14,-37500,,,
2018-11-28,4532553,4.3748,4.4045,4.2857,4.3847,0,0,0.68,19977542.63,,,18.4035,1.6765,2.4499,12.6569,4141903269.54,,1478866,0.15,92080,,,
2018-11-29,4185272,4.3946,4.4243,4.256,4.2659,-0.1188,-2.71,0.65,18408425.52,,,17.905,1.6311,2.3835,12.3141,4029707244.18,,1328766,0.14,-150100,,,
2018-11-30,3875297,4.2263,4.2857,4.1669,4.2758,0.0099,0.23,0.6,16593079.5,,,17.9465,1.6349,2.389,12.3427,4039056912.96,,1356166,0.14,27400,,,
2018-12-03,5493051,4.355,4.4243,4.3451,4.3946,0.1188,2.78,0.85,24377881.13,,,18.4451,1.6803,2.4554,12.6855,4151252938.32,,1614406,0.17,258240,,,
2018-12-04,4693820,4.4045,4.4738,4.3847,4.4639,0.0693,1.58,0.72,21054832.54,,,18.7359,1.7068,2.4941,12.8855,4216700619.78,,1825366,0.19,210960,,,
2018-12-05,23563918,4.3748,4.9093,4.355,4.6321,0.1682,3.77,3.62,112006360.62,,,19.4421,1.7711,2.5881,13.3712,4375644989.04,,1396366,0.14,-429000,,,
2018-12-06,13311593,4.6519,4.6816,4.454,4.5233,-0.1088,-2.35,2.05,61227649.66,,,18.9851,1.7295,2.5273,13.0569,4272798632.46,,1585620,0.16,189254,,,
2018-12-07,7193711,4.5332,4.5529,4.3847,4.4441,-0.0792,-1.75,1.09,32210485.33,,,18.6528,1.6992,2.4831,12.8284,4198001282.22,,1269248,0.13,-316372,,,
2018-12-10,3951038,4.4045,4.4045,4.3451,4.355,-0.0891,-2,0.6,17444955.8,,,18.2789,1.6651,2.4333,12.5712,4113854263.2,,1080748,0.11,-188500,,,
2018-12-11,2212826,4.3451,4.3946,4.3451,4.3748,0.0198,0.45,0.34,9756719.2,,,18.362,1.6727,2.4444,12.6284,4132553600.76,,1136948,0.12,56200,,,
2018-12-12,2082128,4.3748,4.3946,4.3352,4.355,-0.0198,-0.45,0.32,9181888.1,,,18.2789,1.6651,2.4333,12.5712,4113854263.2,,1095740,0.11,-41208,,,
2018-12-13,3956666,4.3748,4.4441,4.355,4.4045,0.0495,1.14,0.61,17593228.92,,,18.4866,1.6841,2.4609,12.7141,4160602607.1,,934840,0.09,-160900,,,
2018-12-14,3385237,4.4243,4.4243,4.2956,4.2956,-0.1089,-2.47,0.52,14848664.58,,,18.0296,1.6424,2.4001,12.3998,4057756250.52,,600140,0.06,-334700,,,
2018-12-17,2593267,4.2758,4.3451,4.2758,4.3154,0.0198,0.46,0.4,11268868.22,,,18.1127,1.65,2.4112,12.457,4076455588.08,,556121,0.05,-44019,,,
2018-12-18,2016100,4.2659,4.3352,4.256,4.3253,0.0099,0.23,0.31,8761634,,,18.1543,1.6538,2.4167,12.4855,4085805256.86,,530621,0.05,-25500,,,
2018-12-19,1748800,4.3154,4.3451,4.2758,4.2857,-0.0396,-0.92,0.26,7624929,,,17.9881,1.6386,2.3946,12.3712,4048406581.74,,322521,0.03,-208100,,,
2018-12-20,2390148,4.2857,4.3352,4.2659,4.2956,0.0099,0.23,0.35,10384321.32,,,18.0296,1.6424,2.4001,12.3998,4057756250.52,,302521,0.03,-20000,,,
2018-12-21,3527065,4.2956,4.2956,4.157,4.2065,-0.0891,-2.07,0.53,15072520.3,,,17.6557,1.6084,2.3503,12.1427,3973609231.5,,397721,0.04,95200,,,
2018-12-24,3116970,4.1768,4.2263,4.1471,4.2065,0,0,0.47,13195094.7,,,17.6557,1.6084,2.3503,12.1427,3973609231.5,,397721,0.04,0,,,
2018-12-25,2852781,4.1867,4.1867,4.0581,4.1372,-0.0693,-1.65,0.44,11858603.98,,,17.3649,1.5819,2.3116,11.9427,3908161550.04,,397721,0.04,0,,,
2018-12-26,2622792,4.1273,4.1768,4.0581,4.0878,-0.0494,-1.19,0.4,10901218.64,,,17.1572,1.563,2.284,11.7998,3861413206.14,,397721,0.04,0,,,
2018-12-27,3210600,4.1471,4.1669,4.0284,4.0284,-0.0594,-1.45,0.49,13255155,,,16.908,1.5403,2.2508,11.6284,3805315193.46,,215286,0.02,-182435,,,
2018-12-28,1978418,4.0284,4.0878,4.0185,4.0482,0.0198,0.49,0.3,8098869.24,,,16.9911,1.5478,2.2619,11.6855,3824014531.02,,198986,0.02,-16300,,,
2019-01-02,1810300,4.0779,4.0779,3.9987,4.0086,-0.0396,-0.98,0.28,7364313,,,27.0498,1.5069,2.2913,12.9321,3786615855.9,,175686,0.01,-23300,,,
2019-01-03,2342610,4.0482,4.0779,3.969,3.9888,-0.0198,-0.49,0.36,9482630,,,26.9162,1.4995,2.2799,12.8683,3767916518.34,,171256,0.01,-4430,,,
2019-01-04,2563889,3.9591,4.0779,3.9492,4.068,0.0792,1.99,0.39,10436948,,,27.4505,1.5292,2.3252,13.1237,3842713868.58,,,,,,,
2019-01-07,3862350,4.1076,4.1669,4.068,4.1273,0.0593,1.46,0.59,16058405,,,27.8512,1.5516,2.3592,13.3153,3898811881.26,,167356,0.01,-3900,,,
2019-01-08,3552673,4.1372,4.1867,4.1076,4.157,0.0297,0.72,0.54,14874550,,,28.0516,1.5627,2.3761,13.4111,3926860887.6,,166856,0.01,-500,,,
2019-01-09,3943450,4.1372,4.2065,4.1372,4.1471,-0.0099,-0.24,0.61,16621844,,,27.9848,1.559,2.3705,13.3792,3917511218.82,,166556,0.01,-300,,,
2019-01-10,3087400,4.157,4.2263,4.1273,4.1768,0.0297,0.72,0.47,13019358,,,28.1852,1.5702,2.3874,13.475,3945560225.16,,166056,0.01,-500,,,
2019-01-11,2496900,4.1966,4.1966,4.1273,4.1669,-0.0099,-0.24,0.37,10491689,,,28.1184,1.5665,2.3818,13.443,3936210556.38,,165156,0.01,-900,,,
2019-01-14,2293900,4.1471,4.1768,4.1175,4.157,-0.0099,-0.24,0.35,9606527,,,28.0516,1.5627,2.3761,13.4111,3926860887.6,,165156,0.01,0,,,
2019-01-15,3151000,4.157,4.2065,4.1273,4.1867,0.0297,0.71,0.48,13238646,,,28.252,1.5739,2.3931,13.5069,3954909893.94,,165156,0.01,0,,,
2019-01-16,3069480,4.1867,4.2065,4.1372,4.157,-0.0297,-0.71,0.47,12946406,,,28.0516,1.5627,2.3761,13.4111,3926860887.6,,165156,0.01,0,,,
2019-01-17,4578900,4.157,4.1768,4.1273,4.157,0,0,0.71,19186035,,,28.0516,1.5627,2.3761,13.4111,3926860887.6,,165156,0.01,0,,,
2019-01-18,5590215,4.157,4.1966,4.1076,4.1966,0.0396,0.95,0.85,23439518,,,28.3188,1.5776,2.3988,13.5388,3964259562.72,,165156,0.01,0,,,
2019-01-21,7851667,4.1966,4.3253,4.1768,4.2956,0.099,2.36,1.18,33779258,,,28.9866,1.6148,2.4553,13.8581,4057756250.52,,165156,0.01,0,,,
2019-01-22,6612354,4.3946,4.3946,4.2362,4.256,-0.0396,-0.92,1.01,28813330,,,28.7195,1.5999,2.4327,13.7304,4020357575.4,,165156,0.01,0,,,
2019-01-23,5827473,4.2164,4.3748,4.2164,4.3055,0.0495,1.16,0.89,25315804,,,29.0534,1.6185,2.461,13.8901,4067105919.3,,165156,0.01,0,,,
2019-01-24,4564393,4.3055,4.355,4.2857,4.3154,0.0099,0.23,0.7,19923685,,,29.1202,1.6223,2.4666,13.922,4076455588.08,,165156,0.01,0,,,
2019-01-25,3821700,4.3352,4.3649,4.2659,4.2857,-0.0297,-0.69,0.58,16645780,,,28.9199,1.6111,2.4497,13.8262,4048406581.74,,165156,0.01,0,,,
2019-01-28,3207884,4.2956,4.3154,4.2461,4.2956,0.0099,0.23,0.49,13889527,,,28.9866,1.6148,2.4553,13.8581,4057756250.52,,165156,0.01,0,,,
2019-01-29,3761300,4.2956,4.2956,4.1867,4.2263,-0.0693,-1.61,0.58,16072906,,,28.5191,1.5888,2.4157,13.6346,3992308569.06,,165156,0.01,0,,,
2019-01-30,2707680,4.2263,4.2758,4.157,4.1867,-0.0396,-0.94,0.42,11575044,,,28.252,1.5739,2.3931,13.5069,3954909893.94,,165156,0.01,0,,,
2019-01-31,3602300,4.1768,4.2164,4.068,4.1076,-0.0791,-1.89,0.56,15097786,,,27.7176,1.5441,2.3478,13.2514,3880112543.7,,165156,0.01,0,,,
2019-02-01,2723559,4.1372,4.2164,4.1372,4.1966,0.089,2.17,0.42,11521118,,,28.3188,1.5776,2.3988,13.5388,3964259562.72,,165156,0.01,0,,,
2019-02-11,3441988,4.2065,4.2857,4.1867,4.2758,0.0792,1.89,0.53,14745386,,,28.8531,1.6074,2.444,13.7943,4039056912.96,,165156,0.01,0,,,
2019-02-12,6112000,4.2758,4.3946,4.2659,4.3451,0.0693,1.62,0.93,26809560,,,29.3206,1.6334,2.4836,14.0178,4104504594.42,,165156,0.01,0,,,
2019-02-13,8783700,4.3352,4.4342,4.2956,4.4045,0.0594,1.37,1.35,38754169,,,29.7213,1.6558,2.5176,14.2094,4160602607.1,,165156,0.01,0,,,
2019-02-14,6671497,4.3946,4.4144,4.3451,4.3847,-0.0198,-0.45,1.03,29490153,,,29.5878,1.6483,2.5062,14.1455,4141903269.54,,165156,0.01,0,,,
2019-02-15,6596580,4.3847,4.3946,4.2956,4.3352,-0.0495,-1.13,1.01,28998395,,,29.2538,1.6297,2.478,13.9859,4095154925.64,,165156,0.01,0,,,
2019-02-18,8875330,4.3451,4.4936,4.3451,4.4639,0.1287,2.97,1.36,39717638,,,30.1221,1.6781,2.5515,14.401,4216700619.78,,165156,0.01,0,,,
2019-02-19,8030385,4.4738,4.5332,4.4045,4.4441,-0.0198,-0.44,1.22,36254286,,,29.9885,1.6706,2.5402,14.3371,4198001282.22,,165156,0.01,0,,,
2019-02-20,11154297,4.4639,4.5826,4.4342,4.5727,0.1286,2.89,1.7,50847844,,,30.8568,1.719,2.6137,14.7522,4319546976.36,,165156,0.01,0,,,
2019-02-21,18331740,4.5826,4.6915,4.5134,4.5628,-0.0099,-0.22,2.82,85359869,,,30.79,1.7153,2.6081,14.7203,4310197307.58,,165156,0.01,0,,,
2019-02-22,9318151,4.5529,4.642,4.5332,4.6222,0.0594,1.3,1.43,43255231,,,31.1907,1.7376,2.642,14.9119,4366295320.26,,165156,0.01,0,,,
2019-02-25,16504121,4.642,4.84,4.6321,4.84,0.2178,4.71,2.5,79174450,,,32.6601,1.8195,2.7665,15.6143,4571988033.42,,165156,0.01,0,,,
2019-02-26,21822705,4.8103,5.127,4.7707,4.8499,0.0099,0.2,3.34,109262797,,,32.7269,1.8232,2.7721,15.6463,4581337702.2,,165156,0.01,0,,,
2019-02-27,11819412,4.84,5.0379,4.8004,4.8499,0,0,1.77,58640806,,,32.7269,1.8232,2.7721,15.6463,4581337702.2,,165156,0.01,0,,,
2019-02-28,9257940,4.8301,4.9687,4.8301,4.8895,0.0396,0.82,1.42,45764970,,,32.994,1.8381,2.7948,15.774,4618736377.32,,127356,0.01,-37800,,,
2019-03-01,7398926,4.8895,4.939,4.7806,4.8598,-0.0297,-0.61,1.14,36278629,,,32.7936,1.8269,2.7778,15.6782,4590687370.98,,127356,0.01,0,,,
2019-03-04,22160580,4.8895,5.0874,4.8895,5.0082,0.1484,3.05,3.42,112683818,,,33.7955,1.8827,2.8627,16.1572,4730932402.68,,127356,0.01,0,,,
2019-03-05,12761001,4.9687,5.1072,4.9687,5.0973,0.0891,1.78,1.95,65346545,,,34.3966,1.9162,2.9136,16.4446,4815079421.7,,127356,0.01,0,,,
2019-03-06,33703493,5.1171,5.6021,5.0181,5.5922,0.4949,9.71,4.95,178260849,,,37.7361,2.1022,3.1965,18.0411,5282562860.7,,125679,0.01,-1677,,,
2019-03-07,69218537,5.6417,6.1564,5.6417,6.1564,0.5642,10.09,10.71,419767792,,,41.5431,2.3143,3.5189,19.8612,5815493981.16,,125679,0.01,0,,,
2019-03-08,78469647,6.2257,6.77,5.9485,6.6612,0.5048,8.2,12.05,523322197,,,44.9493,2.5041,3.8075,21.4897,6292327088.94,,125679,0.01,0,,,
2019-03-11,99972973,7.2253,7.3243,6.6117,6.9284,0.2672,4.01,15.37,712806757,,,46.7527,2.6046,3.9602,22.3518,6544768146,,114179,0.01,-11500,,,
2019-03-12,66841994,6.9383,7.156,6.6117,6.8987,-0.0297,-0.43,10.22,462693535,,,46.5523,2.5934,3.9432,22.256,6516719139.66,,114179,0.01,0,,,
2019-03-13,75125066,6.9284,7.2055,6.2059,6.3345,-0.5642,-8.18,11.34,505530592,,,42.7453,2.3813,3.6208,20.436,5983788019.2,,114179,0.01,0,,,
2019-03-14,47396434,6.2455,6.4335,5.9881,6.097,-0.2375,-3.75,7.29,294934455,,,41.1423,2.292,3.485,19.6696,5759395968.48,,190,0,-113989,,,
2019-03-15,40215703,6.2356,6.3741,6.097,6.3345,0.2375,3.9,6.08,254015538,,,42.7453,2.3813,3.6208,20.436,5983788019.2,,190,0,0,,,
2019-03-18,52100130,6.4236,6.968,6.4236,6.8294,0.4949,7.81,7.84,355601437,,,46.0848,2.5673,3.9036,22.0325,6451271458.2,,190,0,0,,,
2019-03-19,44766317,6.7997,7.0868,6.7205,6.9581,0.1287,1.88,6.89,312877445,,,46.953,2.6157,3.9772,22.4476,6572817152.34,,190,0,0,,,
2019-03-20,46630578,6.9779,7.0769,6.5325,6.7008,-0.2573,-3.7,7.09,321368508,,,45.2165,2.519,3.8301,21.6174,6329725764.06,,190,0,0,,,
2019-03-21,34736995,6.7205,7.1264,6.6513,6.9878,0.287,4.28,5.3,241752389,,,47.1534,2.6269,3.9941,22.5434,6600866158.68,,190,0,0,,,
2019-03-22,27832155,6.9977,7.0274,6.6612,6.7502,-0.2376,-3.4,4.25,190623342,,,45.5504,2.5376,3.8584,21.7771,6376474107.96,,190,0,0,,,
2019-03-25,20896768,6.6018,6.8987,6.5325,6.7205,-0.0297,-0.44,3.21,142922508,,,45.3501,2.5264,3.8414,21.6813,6348425101.62,,190,0,0,,,
2019-03-26,19695157,6.8096,6.9185,6.5325,6.6018,-0.1187,-1.77,3.04,133771810,,,44.5486,2.4818,3.7735,21.2981,6236229076.26,,190,0,0,,,
2019-03-27,40248398,6.6018,7.2352,6.6018,7.1363,0.5345,8.1,6.1,280674675,,,48.1552,2.6827,4.079,23.0224,6741111190.38,,190,0,0,,,
2019-03-28,33831322,7.3045,7.4827,6.9878,6.9878,-0.1485,-2.08,5.18,247816901,,,47.1534,2.6269,3.9941,22.5434,6600866158.68,,190,0,0,,,
2019-03-29,41966643,7.0868,7.5223,6.9086,7.4233,0.4355,6.23,6.41,308873648,,,50.0921,2.7906,4.2431,23.9484,7012251585,,190,0,0,,,
2019-04-01,49071592,7.6707,7.8885,7.4728,7.5124,0.0891,1.2,7.49,379503750,,,46.9143,2.7595,3.9801,28.6574,7096398604.02,,190,0,0,,,
2019-04-02,31720565,7.552,7.8093,7.4035,7.7202,0.2078,2.77,4.82,244511793,,,48.2123,2.8359,4.0903,29.4502,7292741648.4,,190,0,0,,,
2019-04-03,66398902,7.641,8.4922,7.5718,8.4922,0.772,10,10.27,556850030,,,53.0335,3.1194,4.4993,32.3953,8022015813.24,,190,0,0,,,
2019-04-04,43849852,8.6605,8.9871,8.3141,8.7793,0.2871,3.38,6.73,382176904,,,54.826,3.2249,4.6514,33.4902,8293156207.86,,190,0,0,,,
2019-04-08,42634890,8.9871,9.0762,8.3933,8.7199,-0.0594,-0.68,6.55,377188362,,,54.4551,3.2031,4.6199,33.2637,8237058195.18,,190,0,0,,,
2019-04-09,22612076,8.6605,9.0267,8.5219,8.9772,0.2573,2.95,3.44,201586892,,,56.0622,3.2976,4.7562,34.2453,8480149583.46,,190,0,0,,,
2019-04-10,57837933,8.809,8.997,8.0765,8.3141,-0.6631,-7.39,8.9,496542833,,,51.9209,3.054,4.4049,31.7156,7853721775.2,,190,0,0,,,
2019-04-11,36664397,8.324,8.71,8.0963,8.1359,-0.1782,-2.14,5.59,312606597,,,50.8083,2.9886,4.3105,31.036,7685427737.16,,190,0,0,,,
2019-04-12,30842039,8.2844,8.2943,7.8687,8.1557,0.0198,0.24,4.69,250607487,,,50.9319,2.9958,4.321,31.1115,7704127074.72,,190,0,0,,,
2019-04-15,21840666,8.2844,8.4131,7.8687,7.8786,-0.2771,-3.4,3.32,178053643,,,49.2012,2.894,4.1742,30.0543,7442336348.88,,,,,,,
2019-04-16,20884826,7.8885,8.0765,7.7004,8.0369,0.1583,2.01,3.2,166741182,,,50.1902,2.9522,4.2581,30.6585,7591931049.36,,,,,,,
2019-04-17,18441052,8.0369,8.2151,7.9182,8.0468,0.0099,0.12,2.78,150118555,,,50.252,2.9558,4.2633,30.6962,7601280718.14,,,,,,,
2019-04-18,32677571,8.0073,8.4625,7.9578,8.3537,0.3069,3.81,5.03,272427408,,,52.1682,3.0685,4.4259,31.8667,7891120450.32,,,,,,,
2019-04-19,15756214,8.3042,8.4131,8.0963,8.2349,-0.1188,-1.42,2.42,130758910,,,51.4264,3.0249,4.3629,31.4136,7778924424.96,,,,,,,
2019-04-22,27731580,7.9974,8.4428,7.9974,8.1458,-0.0891,-1.08,4.25,228783603,,,50.8701,2.9922,4.3157,31.0738,7694777405.94,,,,,,,
2019-04-23,21606232,8.0864,8.423,8.0567,8.225,0.0792,0.97,3.32,179946398,,,51.3646,3.0213,4.3577,31.3758,7769574756.18,,,,,,,
2019-04-24,12273562,8.2448,8.3933,8.1359,8.3636,0.1386,1.69,1.85,102428248,,,52.23,3.0722,4.4311,31.9044,7900470119.1,,,,,,,
2019-04-25,31112820,8.4724,9.0168,8.3438,8.3933,0.0297,0.36,4.75,272809916,,,52.4154,3.0831,4.4468,32.0177,7928519125.44,,,,,,,
2019-04-26,27931136,8.1458,8.4131,7.7697,7.8291,-0.5642,-6.72,4.22,225655710,,,48.8922,2.8758,4.1479,29.8656,7395588004.98,,,,,,,
2019-04-29,22660050,7.9182,8.0073,7.3045,7.6707,-0.1584,-2.02,3.46,175317959,,,47.9032,2.8177,4.064,29.2615,7245993304.5,,,,,,,
2019-04-30,11273086,7.6212,7.8588,7.4629,7.74,0.0693,0.9,1.71,88362131,,,48.3359,2.8431,4.1007,29.5258,7311440985.96,,,,,,,
2019-05-06,16160122,7.2055,7.4233,6.968,6.968,-0.772,-9.97,2.5,117455846,,,43.5147,2.5595,3.6917,26.5807,6582166821.12,,,,,,,
2019-05-07,16110919,6.9284,7.2055,6.8294,6.968,0,0,2.47,114373421,,,43.5147,2.5595,3.6917,26.5807,6582166821.12,,,,,,,
2019-05-08,22174273,6.8492,7.2649,6.8294,7.0175,0.0495,0.71,3.41,159454408,,,43.8237,2.5777,3.7179,26.7695,6628915165.02,,,,,,,
2019-05-09,13585899,6.968,7.0967,6.7799,6.9086,-0.1089,-1.55,2.09,95267691,,,43.1438,2.5377,3.6603,26.3542,6526068808.44,,,,,,,
2019-05-10,28462846,6.9779,7.3837,6.7304,7.2946,0.386,5.59,4.36,203923948,,,45.5544,2.6795,3.8648,27.8267,6890705890.86,,,,,,,
2019-05-13,14727220,7.2154,7.2253,6.8888,7.0076,-0.287,-3.93,2.26,105091251,,,43.7619,2.5741,3.7127,26.7318,6619565496.24,,,,,,,
2019-05-14,15334094,7.1066,7.1066,6.6909,6.77,-0.2376,-3.39,2.25,106824345,,,42.2785,2.4868,3.5868,25.8256,6395173445.52,,,,,,,
2019-05-15,25683073,6.8789,7.1758,6.7997,7.0868,0.3168,4.68,3.94,181840956,,,44.2564,2.6032,3.7546,27.0338,6694362846.48,,,,,,,
2019-05-16,22238273,7.1462,7.3837,7.1264,7.2451,0.1583,2.23,3.38,162838118,,,45.2454,2.6613,3.8386,27.6379,6843957546.96,,,,,,,
2019-05-17,16901883,7.2649,7.2649,6.8294,6.9086,-0.3365,-4.64,2.59,119997927,,,43.1438,2.5377,3.6603,26.3542,6526068808.44,,,,,,,
2019-05-20,20604870,6.9284,7.1659,6.6018,7.1363,0.2277,3.3,3.17,144040031,,,44.5655,2.6213,3.7809,27.2226,6741111190.38,,,,,,,
2019-05-21,17396774,7.0769,7.3342,7.0373,7.3045,0.1682,2.36,2.68,126433478,,,45.6162,2.6832,3.87,27.8645,6900055559.64,,,,,,,
2019-05-22,14847645,7.3738,7.3837,7.0769,7.1758,-0.1287,-1.76,2.29,108461599,,,44.8127,2.6359,3.8018,27.3736,6778509865.5,,,,,,,
2019-05-23,13588907,7.2055,7.354,7.0769,7.0868,-0.089,-1.24,2.07,98397859,,,44.2564,2.6032,3.7546,27.0338,6694362846.48,,,,,,,
2019-05-24,16382668,7.067,7.1956,6.7799,6.869,-0.2178,-3.07,2.52,115692021,,,42.8966,2.5232,3.6393,26.2032,6488670133.32,,,,,,,
2019-05-27,13417150,6.9581,7.067,6.869,7.0472,0.1782,2.59,2.04,94825827,,,44.0092,2.5886,3.7337,26.8828,6656964171.36,,,,,,,
2019-05-28,14263045,7.0967,7.1264,6.8591,7.0175,-0.0297,-0.42,2.02,101218909,,,43.8237,2.5777,3.7179,26.7695,6628915165.02,,,,,,,
2019-05-29,14212770,6.968,6.9779,6.7799,6.7898,-0.2277,-3.24,2.17,98553575,,,42.4021,2.4941,3.5973,25.9011,6413872783.08,,,,,,,
2019-05-30,14001196,6.7403,6.8393,6.5424,6.6018,-0.188,-2.77,2.14,94361149,,,41.2277,2.425,3.4977,25.1837,6236229076.26,,,,,,,
2019-05-31,14820434,6.6315,6.7008,6.4236,6.4236,-0.1782,-2.7,2.2,97711819,,,40.1151,2.3596,3.4033,24.5041,6067935038.22,,,,,,,
2019-06-03,15570463,6.4731,6.5721,6.1663,6.2257,-0.1979,-3.08,2.4,100162685,,,38.8789,2.2869,3.2984,23.749,5880941662.62,,,,,,,
2019-06-04,11310862,6.1465,6.3048,6.0871,6.1366,-0.0891,-1.43,1.74,70686273,,,38.3226,2.2541,3.2512,23.4092,5796794643.6,,,,,,,
2019-06-05,16187541,6.2059,6.2653,5.8594,5.9485,-0.1881,-3.07,2.47,98361002,,,37.1482,2.1851,3.1516,22.6918,5619150936.78,,,,,,,
2019-06-06,12402055,6.0079,6.0178,5.7704,5.8496,-0.0989,-1.66,1.9,74042664,,,36.5301,2.1487,3.0992,22.3142,5525654248.98,,,,,,,
2019-06-10,8032144,5.9188,5.9188,5.8001,5.8594,0.0098,0.17,1.22,47545757,,,36.5919,2.1523,3.1044,22.352,5535003917.76,,,,,,,
2019-06-11,8525564,5.8594,6.1069,5.8298,6.0871,0.2277,3.89,1.3,51664014,,,38.0135,2.236,3.225,23.2204,5750046299.7,,,,,,,
2019-06-12,15859414,6.1366,6.3543,6.0376,6.2257,0.1386,2.28,2.44,99909208,,,38.8789,2.2869,3.2984,23.749,5880941662.62,,,,,,,
2019-06-13,6055680,6.2455,6.3048,6.1366,6.2158,-0.0099,-0.16,0.93,37987987,,,38.8171,2.2832,3.2932,23.7112,5871591993.84,,,,,,,
2019-06-14,5414700,6.2257,6.2752,6.0277,6.0376,-0.1782,-2.87,0.83,33681112,,,37.7045,2.2178,3.1988,23.0316,5703297955.8,,,,,,,
2019-06-17,3481274,6.0376,6.196,6.0376,6.0772,0.0396,0.66,0.53,21450385,,,37.9517,2.2323,3.2198,23.1826,5740696630.92,,130,0,,,,
2019-06-18,5972680,6.0871,6.1366,5.9584,6.0277,-0.0495,-0.81,0.91,36399216,,,37.6427,2.2141,3.1935,22.9938,5693948287.02,,,,,,,
2019-06-19,8815300,6.1861,6.2752,6.1366,6.1762,0.1485,2.46,1.36,55255400,,,38.5698,2.2687,3.2722,23.5602,5834193318.72,,,,,,,
2019-06-20,8124360,6.2158,6.3246,6.1366,6.2752,0.099,1.6,1.25,51347346,,,39.1879,2.305,3.3246,23.9378,5927690006.52,,,,,,,
2019-06-21,10125464,6.2752,6.3939,6.2554,6.3147,0.0395,0.63,1.56,64681798,,,39.4352,2.3196,3.3456,24.0888,5965088681.64,,,,,,,
2019-06-24,6693921,6.3048,6.4434,6.2257,6.2653,-0.0494,-0.78,1.03,42570616,,,39.1261,2.3014,3.3194,23.9,5918340337.74,,,,,,,
2019-06-25,7754093,6.2356,6.2554,6.0376,6.1168,-0.1485,-2.37,1.2,47888268,,,38.199,2.2469,3.2407,23.3337,5778095306.04,,,,,,,
2019-06-26,11172269,6.1069,6.285,6.0871,6.2455,0.1287,2.1,1.73,70151061,,,39.0025,2.2941,3.3089,23.8245,5899641000.18,,,,,,,
2019-06-27,7550736,6.285,6.3246,6.2356,6.2752,0.0297,0.48,1.16,47932757,,,39.1879,2.305,3.3246,23.9378,5927690006.52,,,,,,,
2019-06-28,8184055,6.3147,6.3246,6.0772,6.097,-0.1782,-2.84,1.25,50926170,,,38.0753,2.2396,3.2303,23.2581,5759395968.48,,,,,,,
2019-07-01,9885136,6.2653,6.3246,6.1663,6.285,0.188,3.08,1.52,62321563,,,37.7743,2.2523,3.2256,139.0728,5937039675.3,,,,,,,
2019-07-02,26413316,6.3246,6.8888,6.2949,6.8294,0.5444,8.66,4.02,177076159,,,41.0461,2.4473,3.505,151.1185,6451271458.2,,,,,,,
2019-07-03,19754453,6.7799,6.9977,6.6117,6.8393,0.0099,0.14,3.04,136752518,,,41.1056,2.4509,3.5101,151.3375,6460621126.98,,,,,,,
2019-07-04,9766185,6.8393,6.9878,6.7997,6.869,0.0297,0.43,1.5,68054700,,,41.284,2.4615,3.5253,151.9946,6488670133.32,,,,,,,
2019-07-05,14280094,6.8393,7.1264,6.8393,7.067,0.198,2.88,2.21,101335130,,,42.4738,2.5325,3.6269,156.3748,6675663508.92,,,,,,,
2019-07-08,16903771,7.0868,7.1956,6.8492,6.869,-0.198,-2.8,2.62,119499020,,,41.284,2.4615,3.5253,151.9946,6488670133.32,,,,,,,
2019-07-09,9499391,6.9185,7.0274,6.8195,6.9284,0.0594,0.86,1.47,66562879,,,41.641,2.4828,3.5558,153.3086,6544768146,,,,,,,
2019-07-10,11888342,6.9185,7.067,6.8195,6.8987,-0.0297,-0.43,1.84,83356978,,,41.4625,2.4722,3.5405,152.6516,6516719139.66,,,,,,,
2019-07-11,7395302,6.9362,7.0257,6.8667,6.9064,0.0077,0.11,1.14,51706705,,,41.3435,2.4898,3.5304,152.2136,6498019802.1,,,,,,,
2019-07-12,10519332,6.9462,7.1847,6.9362,7.1449,0.2385,3.45,1.63,74716012,,,42.7712,2.5758,3.6523,157.4699,6722411852.82,,,,,,,
2019-07-15,12514815,7.0058,7.0456,6.7772,6.9561,-0.1888,-2.64,1.92,87040647,,,41.641,2.5077,3.5558,153.3086,6544768146,,,,,,,
2019-07-16,8834349,6.9561,7.0058,6.7474,6.8468,-0.1093,-1.57,1.35,60991974,,,40.9866,2.4683,3.4999,150.8995,6441921789.42,,,,,,,
2019-07-17,9161811,6.8468,7.0257,6.817,6.8766,0.0298,0.44,1.42,63775820,,,41.1651,2.479,3.5151,151.5565,6469970795.76,,,,,,,
2019-07-18,6653315,6.8369,6.8667,6.7077,6.7176,-0.159,-2.31,1.03,45416594,,,40.2133,2.4217,3.4339,148.0523,6320376095.28,,,,,,,
2019-07-19,4306803,6.7574,6.8269,6.7077,6.7276,0.01,0.15,0.67,29336953,,,40.2727,2.4253,3.4389,148.2713,6329725764.06,,,,,,,
2019-07-22,10316763,6.7971,6.8071,6.34,6.3599,-0.3677,-5.47,1.6,67402978,,,38.0717,2.2928,3.251,140.1679,5983788019.2,,,,,,,
2019-07-23,6959957,6.4195,6.4791,6.3599,6.4791,0.1192,1.87,1.08,45078057,,,38.7856,2.3357,3.312,142.796,6095984044.56,,,,,,,
2019-07-24,6840472,6.5089,6.5686,6.4195,6.4692,-0.0099,-0.15,1.06,44851902,,,38.7261,2.3322,3.3069,142.577,6086634375.78,,,,,,,
2019-07-25,4256494,6.4294,6.5387,6.3897,6.4692,0,0,0.65,27619474,,,38.7261,2.3322,3.3069,142.577,6086634375.78,,,,,,,
2019-07-26,4931900,6.4493,6.4791,6.3499,6.3897,-0.0795,-1.23,0.76,31764308,,,38.2502,2.3035,3.2662,140.8249,6011837025.54,,,,,,,
2019-07-29,9773235,6.3301,6.3499,6.1114,6.1611,-0.2286,-3.58,1.51,60911636,,,36.882,2.2211,3.1494,135.7876,5796794643.6,,,,,,,
2019-07-30,9042524,6.1711,6.4592,6.1711,6.3698,0.2087,3.39,1.4,57729307,,,38.1312,2.2963,3.2561,140.3869,5993137687.98,,,,,,,
2019-07-31,4538141,6.3499,6.4096,6.2406,6.2605,-0.1093,-1.72,0.7,28845897,,,37.4769,2.2569,3.2002,137.9778,5890291331.4,,,,,,,
2019-08-01,4951294,6.2704,6.3499,6.1909,6.2208,-0.0397,-0.63,0.77,31139044,,,37.2389,2.2426,3.1799,137.1017,5852892656.28,,,,,,,
2019-08-02,8462051,6.1214,6.1214,5.9425,6.0121,-0.2087,-3.35,1.31,51151641,,,35.9897,2.1674,3.0732,132.5025,5656549611.9,,,,,,,
2019-08-05,6217424,5.9425,6.1909,5.8928,5.9524,-0.0597,-0.99,0.96,37743416,,,35.6328,2.1459,3.0427,131.1884,5600451599.22,,,,,,,
2019-08-06,7766431,5.9823,5.9823,5.6245,5.7438,-0.2086,-3.5,1.2,44925650,,,34.3835,2.0706,2.9361,126.5891,5404108554.84,,,,,,,
2019-08-07,3315270,5.863,5.863,5.6841,5.6941,-0.0497,-0.87,0.51,19254349,,,34.0861,2.0527,2.9107,125.4941,5357360210.94,,,,,,,
2019-08-08,5313150,5.7239,5.9028,5.6742,5.8233,0.1292,2.27,0.82,30914384,,,34.8594,2.0993,2.9767,128.3412,5478905905.08,,,,,,,
2019-08-09,5460424,6.0021,6.0021,5.7438,5.7835,-0.0398,-0.68,0.85,32164053,,,34.6215,2.085,2.9564,127.4652,5441507229.96,,,,,,,
2019-08-12,4054771,5.8034,5.9028,5.7438,5.8928,0.1093,1.89,0.63,23810709,,,35.2758,2.1244,3.0123,129.8743,5544353586.54,,,,,,,
2019-08-13,9543180,5.8431,6.1512,5.7835,6.1512,0.2584,4.39,1.48,57589983,,,36.8225,2.2175,3.1443,135.5686,5787444974.82,,,,,,,
2019-08-14,9930801,6.1611,6.2903,6.0618,6.2605,0.1093,1.78,1.66,61638234,,,37.4769,2.2569,3.2002,137.9778,5890291331.4,,,,,,,
2019-08-15,8293301,5.9922,6.2208,5.9922,6.1313,-0.1292,-2.06,1.39,51050492,,,36.7035,2.2104,3.1342,135.1306,5768745637.26,,,,,,,
2019-08-16,10263231,6.1313,6.4394,6.1015,6.2108,0.0795,1.3,1.72,64880855,,,37.1794,2.239,3.1748,136.8827,5843542987.5,,,,,,,
2019-08-19,7849539,6.2704,6.34,6.2009,6.3102,0.0994,1.6,1.31,49609275,,,37.7743,2.2748,3.2256,139.0728,5937039675.3,,,,,,,
2019-08-20,6750300,6.3102,6.3698,6.2506,6.2704,-0.0398,-0.63,1.13,42811417,,,37.5363,2.2605,3.2053,138.1968,5899641000.18,,,,,,,
2019-08-21,8295274,6.2506,6.2804,6.1114,6.1413,-0.1291,-2.06,1.39,51508102,,,36.763,2.2139,3.1392,135.3496,5778095306.04,,,,,,,
2019-08-22,5345260,6.1413,6.2108,6.1015,6.1413,0,0,0.89,33137868,,,36.763,2.2139,3.1392,135.3496,5778095306.04,,,,,,,
2019-08-23,10509610,6.1711,6.3201,6.0618,6.3003,0.159,2.59,1.76,65457774,,,37.7148,2.2713,3.2205,138.8538,5927690006.52,,,,,,,
2019-08-26,8164945,6.0916,6.2903,6.0916,6.1611,-0.1392,-2.21,1.36,50741216,,,36.882,2.2211,3.1494,135.7876,5796794643.6,,,,,,,
2019-08-27,18077023,6.2903,6.6481,6.2506,6.5984,0.4373,7.1,3.02,117974175,,,39.4994,2.3787,3.3729,145.4242,6208180069.92,,,,,,,
2019-08-28,11316014,6.5189,6.5586,6.3897,6.4096,-0.1888,-2.86,1.89,73442969,,,38.3692,2.3107,3.2764,141.2629,6030536363.1,,,,,,,
2019-08-29,10360684,6.4195,6.4791,6.1611,6.2108,-0.1988,-3.1,1.73,65677420,,,37.1794,2.239,3.1748,136.8827,5843542987.5,,,,,,,
2019-08-30,8237533,6.2506,6.3102,6.1114,6.1611,-0.0497,-0.8,1.38,51585860,,,36.882,2.2211,3.1494,135.7876,5796794643.6,,,,,,,
2019-09-02,5926044,6.181,6.2903,6.1413,6.2406,0.0795,1.29,0.99,37169330,,,37.3579,2.2498,3.19,137.5397,5871591993.84,,,,,,,
2019-09-03,9903133,6.2406,6.4493,6.2406,6.4294,0.1888,3.03,1.66,63498638,,,38.4881,2.3178,3.2866,141.701,6049235700.66,,,,,,,
2019-09-04,7584942,6.3798,6.499,6.34,6.4394,0.01,0.16,1.27,48900649,,,38.5476,2.3214,3.2916,141.92,6058585369.44,,,,,,,
2019-09-05,11539087,6.4891,6.6083,6.4195,6.4294,-0.01,-0.16,1.93,75466812,,,38.4881,2.3178,3.2866,141.701,6049235700.66,,,,,,,
2019-09-06,9214812,6.4891,6.4891,6.34,6.4493,0.0199,0.31,1.54,59490165,,,38.6071,2.325,3.2967,142.139,6067935038.22,,,,,,,
2019-09-09,10019250,6.4692,6.5189,6.3599,6.4592,0.0099,0.15,1.67,64912092,,,38.6666,2.3286,3.3018,142.358,6077284707,,,,,,,
2019-09-10,14456067,6.4493,6.6779,6.3996,6.6182,0.159,2.46,2.42,95495332,,,39.6184,2.3859,3.3831,145.8622,6226879407.48,,,,,,,
2019-09-11,10375982,6.6282,6.6779,6.4692,6.4891,-0.1291,-1.95,1.73,68143662,,,38.8451,2.3393,3.317,143.015,6105333713.34,,,,,,,
2019-09-12,5352635,6.499,6.5487,6.4195,6.5089,0.0198,0.31,0.89,34891130,,,38.964,2.3465,3.3272,143.4531,6124033050.9,,,,,,,
2019-09-16,6980669,6.499,6.5189,6.4195,6.4394,-0.0695,-1.07,1.17,45361368,,,38.5476,2.3214,3.2916,141.92,6058585369.44,,,,,,,
2019-09-17,11314927,6.4195,6.4394,6.1214,6.1413,-0.2981,-4.63,1.89,71188109,,,36.763,2.2139,3.1392,135.3496,5778095306.04,,,,,,,
2019-09-18,6088970,6.1512,6.2108,6.0916,6.1214,-0.0199,-0.32,1.02,37595207,,,36.644,2.2068,3.1291,134.9116,5759395968.48,,,,,,,
2019-09-19,4049025,6.1214,6.1611,6.0618,6.1611,0.0397,0.65,0.68,24954352,,,36.882,2.2211,3.1494,135.7876,5796794643.6,,,,,,,
2019-09-20,4086353,6.1909,6.1909,6.0916,6.1015,-0.0596,-0.97,0.68,25208685,,,36.5251,2.1996,3.1189,134.4736,5740696630.92,,,,,,,
2019-09-23,5568520,6.1015,6.1611,5.9624,6.022,-0.0795,-1.3,0.93,33737771,,,36.0492,2.171,3.0783,132.7215,5665899280.68,,,,,,,
2019-09-24,6320900,6.022,6.0618,5.9624,5.9823,-0.0397,-0.66,1.06,38245172,,,35.8112,2.1566,3.058,131.8454,5628500605.56,,,,,,,
2019-09-25,11955586,5.9524,5.9922,5.704,5.7636,-0.2187,-3.66,2,69738632,,,34.5025,2.0778,2.9462,127.0271,5422807892.4,,,,,,,
2019-09-26,12777170,5.7537,5.8133,5.4456,5.4556,-0.308,-5.34,2.14,71762553,,,32.6584,1.9668,2.7887,120.2378,5132968160.22,,,,,,,
2019-09-27,8580404,5.4854,5.7438,5.4854,5.714,0.2584,4.74,1.43,48540004,,,34.2051,2.0599,2.9208,125.9321,5376059548.5,,,,,,,
2019-09-30,10148167,5.704,5.704,5.4556,5.555,-0.159,-2.78,1.7,56603119,,,30.1686,1.9486,2.7078,87.0056,5226464848.02,,,,,,,
2019-10-08,4362160,5.5152,5.6543,5.5152,5.545,-0.01,-0.18,0.73,24482397,,,30.1146,1.9451,2.7029,86.85,5217115179.24,,,,,,,
2019-10-09,4891977,5.5053,5.6841,5.4854,5.6444,0.0994,1.79,0.82,27510961,,,30.6543,1.98,2.7513,88.4064,5310611867.04,,,,,,,
2019-10-10,4788874,5.6345,5.7537,5.6146,5.7438,0.0994,1.76,0.8,27480299,,,31.194,2.0149,2.7998,89.9629,5404108554.84,,,,,,,
2019-10-11,6160674,5.7636,5.8332,5.6941,5.714,-0.0298,-0.52,1.03,35661966,,,31.0321,2.0044,2.7853,89.496,5376059548.5,,,,,,,
2019-10-14,7027790,5.7736,5.8034,5.704,5.7438,0.0298,0.52,1.17,40722438,,,31.194,2.0149,2.7998,89.9629,5404108554.84,,,,,,,
2019-10-15,9650673,5.7438,5.7438,5.4854,5.6146,-0.1292,-2.25,1.61,54200000,,,30.4924,1.9695,2.7368,87.9395,5282562860.7,,,,,,,
2019-10-16,7036200,5.6245,5.6841,5.4854,5.5152,-0.0994,-1.77,1.18,39489389,,,29.9527,1.9347,2.6884,86.3831,5189066172.9,,,,,,,
2019-10-17,6438260,5.5748,5.5748,5.4258,5.4755,-0.0397,-0.72,1.08,35590449,,,29.7369,1.9207,2.669,85.7605,5151667497.78,,,,,,,
2019-10-18,12232020,5.5152,5.5152,5.237,5.2866,-0.1889,-3.45,2.04,66104565,,,28.7115,1.8545,2.577,82.8032,4974023790.96,,,,,,,
2019-10-21,11221102,5.3065,5.4059,5.2469,5.3562,0.0696,1.32,1.88,60056047,,,29.0892,1.8789,2.6109,83.8927,5039471472.42,,,,,,,
2019-10-22,33254158,5.4655,5.8928,5.4655,5.8928,0.5366,10.02,5.56,194313846,,,32.0036,2.0671,2.8724,92.2976,5544353586.54,,,,,,,
2019-10-23,73490863,6.4791,6.4791,5.9326,5.9524,0.0596,1.01,12.28,465896091,,,32.3274,2.0881,2.9015,93.2314,5600451599.22,,,,,,,
2019-10-24,46013110,5.7935,6.1015,5.6742,5.8729,-0.0795,-1.34,7.69,272054692,,,31.8956,2.0602,2.8628,91.9863,5525654248.98,,,,,,,
2019-10-25,32442230,5.7935,5.8233,5.5251,5.5947,-0.2782,-4.74,5.42,184391799,,,30.3845,1.9626,2.7271,87.6282,5263863523.14,,,,,,,
2019-10-28,21971962,5.4655,5.6742,5.4456,5.5848,-0.0099,-0.18,3.67,122796494,,,30.3305,1.9591,2.7223,87.4726,5254513854.36,,,,,,,
2019-10-29,15055815,5.545,5.6245,5.4854,5.5053,-0.0795,-1.42,2.52,83983629,,,29.8988,1.9312,2.6835,86.2274,5179716504.12,,,,,,,
2019-10-30,11755050,5.5848,5.6146,5.4258,5.4556,-0.0497,-0.9,1.96,65192999,,,29.6289,1.9138,2.6593,85.4492,5132968160.22,,,,,,,
2019-10-31,12916562,5.4556,5.4854,5.2767,5.2866,-0.169,-3.1,2.16,69679056,,,28.7115,1.8545,2.577,82.8032,4974023790.96,,,,,,,
2019-11-01,8228574,5.2767,5.3761,5.227,5.3661,0.0795,1.5,1.38,43989720,,,29.1432,1.8824,2.6157,84.0484,5048821141.2,,,,,,,
2019-11-04,7205100,5.386,5.4357,5.3363,5.3562,-0.0099,-0.18,1.2,39125632,,,29.0892,1.8789,2.6109,83.8927,5039471472.42,,,,,,,
2019-11-05,6980230,5.3562,5.386,5.2966,5.3562,0,0,1.17,37491631,,,29.0892,1.8789,2.6109,83.8927,5039471472.42,,,,,,,
2019-11-06,7812054,5.3661,5.4456,5.3264,5.3463,-0.0099,-0.18,1.31,42372505,,,29.0353,1.8754,2.606,83.7371,5030121803.64,,,,,,,
2019-11-07,5958784,5.3363,5.4456,5.3165,5.3761,0.0298,0.56,1,32201617,,,29.1972,1.8859,2.6206,84.204,5058170809.98,,,,,,,
2019-11-08,7906200,5.3761,5.4158,5.2866,5.2866,-0.0895,-1.66,1.32,42494534,,,28.7115,1.8545,2.577,82.8032,4974023790.96,,,,,,,
2019-11-11,9364074,5.2668,5.2668,5.068,5.0879,-0.1987,-3.76,1.57,48480680,,,27.6321,1.7848,2.4801,79.6903,4787030415.36,,,,,,,
2019-11-12,5187700,5.1376,5.1475,4.9985,5.1177,0.0298,0.59,0.87,26466751,,,27.794,1.7952,2.4946,80.1573,4815079421.7,,,,,,,
2019-11-13,3961050,5.1177,5.1277,5.0581,5.1277,0.01,0.2,0.66,20334140,,,27.848,1.7987,2.4995,80.3129,4824429090.48,,,,,,,
2019-11-14,4011574,5.1177,5.1376,5.0482,5.0978,-0.0299,-0.58,0.67,20554555,,,27.686,1.7883,2.4849,79.846,4796380084.14,,,,,,,
2019-11-15,3734380,5.1177,5.1277,5.0581,5.0879,-0.0099,-0.19,0.62,19140038,,,27.6321,1.7848,2.4801,79.6903,4787030415.36,,,,,,,
2019-11-18,3316480,5.078,5.1177,5.0283,5.0879,0,0,0.55,16948447,,,27.6321,1.7848,2.4801,79.6903,4787030415.36,,,,,,,
2019-11-19,6100920,5.0879,5.2171,5.0581,5.2171,0.1292,2.54,1.02,31723390,,,28.3337,1.8301,2.5431,81.7137,4908576109.5,,,,,,,
2019-11-20,4577060,5.2171,5.3065,5.1674,5.2071,-0.01,-0.19,0.77,24057916,,,28.2797,1.8266,2.5382,81.5581,4899226440.72,,,,,,,
2019-11-21,2870163,5.1873,5.2469,5.1575,5.2071,0,0,0.48,15018156,,,28.2797,1.8266,2.5382,81.5581,4899226440.72,,,,,,,
2019-11-22,4784700,5.237,5.2469,5.078,5.0879,-0.1192,-2.29,0.8,24802153,,,27.6321,1.7848,2.4801,79.6903,4787030415.36,,,,,,,
2019-11-25,4324700,5.1177,5.1177,5.0084,5.0482,-0.0397,-0.78,0.72,21969174,,,27.4162,1.7708,2.4607,79.0677,4749631740.24,,,,,,,
2019-11-26,2781200,5.0978,5.1078,5.0283,5.0581,0.0099,0.2,0.46,14148954,,,27.4702,1.7743,2.4656,79.2234,4758981409.02,,,,,,,
2019-11-27,3347600,5.0283,5.0879,5.0084,5.0382,-0.0199,-0.39,0.56,17009188,,,27.3622,1.7674,2.4559,78.9121,4740282071.46,,,,,,,
2019-11-28,3818020,5.0382,5.0978,5.0283,5.068,0.0298,0.59,0.64,19482366,,,27.5241,1.7778,2.4704,79.379,4768331077.8,,,,,,,
2019-11-29,2533360,5.0978,5.0978,5.0382,5.0581,-0.0099,-0.2,0.42,12884242,,,27.4702,1.7743,2.4656,79.2234,4758981409.02,,,,,,,
2019-12-02,4354340,5.068,5.1575,5.0482,5.1475,0.0894,1.77,0.71,22405914,,,27.9559,1.8057,2.5092,80.6242,4843128428.04,,,,,,,
2019-12-03,2951680,5.1376,5.1575,5.078,5.1575,0.01,0.19,0.48,15196920,,,28.0099,1.8092,2.514,80.7798,4852478096.82,,,,,,,
2019-12-04,2291900,5.1277,5.1475,5.0978,5.1376,-0.0199,-0.39,0.38,11816852,,,27.9019,1.8022,2.5043,80.4685,4833778759.26,,,,,,,
2019-12-05,7065427,5.1376,5.2071,5.1277,5.1376,0,0,1.16,36722635,,,27.9019,1.8022,2.5043,80.4685,4833778759.26,,,,,,,
2019-12-06,6469027,5.1674,5.237,5.1376,5.227,0.0894,1.74,1.07,33870032,,,28.3876,1.8336,2.5479,81.8693,4917925778.28,,,,,,,
2019-12-09,4638300,5.237,5.2668,5.1972,5.2071,-0.0199,-0.38,0.78,24399833,,,28.2797,1.8266,2.5382,81.5581,4899226440.72,,,,,,,
2019-12-10,4320900,5.227,5.227,5.1674,5.1873,-0.0198,-0.38,0.68,22573435,,,28.1718,1.8196,2.5285,81.2468,4880527103.16,,,,,,,
2019-12-11,4027785,5.1972,5.2071,5.1376,5.1575,-0.0298,-0.57,0.66,20898248,,,28.0099,1.8092,2.514,80.7798,4852478096.82,,,,,,,
2019-12-12,4438227,5.1575,5.1575,5.0581,5.078,-0.0795,-1.54,0.74,22779424,,,27.5781,1.7813,2.4752,79.5347,4777680746.58,,,,,,,
2019-12-13,6769055,5.0978,5.2171,5.068,5.2171,0.1391,2.74,1.06,34926422,,,28.3337,1.8301,2.5431,81.7137,4908576109.5,,,,,,,
2019-12-16,15916745,5.237,5.5649,5.1773,5.4556,0.2385,4.57,2.64,86316548,,,29.6289,1.9138,2.6593,85.4492,5132968160.22,,,,,,,
2019-12-17,11592957,5.4556,5.4854,5.3562,5.4556,0,0,1.92,63264219,,,29.6289,1.9138,2.6593,85.4492,5132968160.22,,,,,,,
2019-12-18,7399400,5.4655,5.4655,5.3661,5.3761,-0.0795,-1.46,1.22,40282355,,,29.1972,1.8859,2.6206,84.204,5058170809.98,,,,,,,
2019-12-19,7810585,5.4357,5.4556,5.3761,5.4258,0.0497,0.92,1.31,42586329,,,29.467,1.9033,2.6448,84.9823,5104919153.88,,,,,,,
2019-12-20,11168926,5.4854,5.555,5.4258,5.4357,0.0099,0.18,1.85,61660872,,,29.521,1.9068,2.6496,85.1379,5114268822.66,,130,0,0,,,
2019-12-23,12975129,5.4158,5.4158,5.1873,5.1972,-0.2385,-4.39,2.15,68962451,,,28.2257,1.8231,2.5334,81.4024,4889876771.94,,,,,,,
2019-12-24,5940720,5.1773,5.2767,5.1773,5.2668,0.0696,1.34,0.98,31292864,,,28.6035,1.8475,2.5673,82.4919,4955324453.4,,,,,,,
2019-12-25,5757880,5.2668,5.2866,5.2071,5.2469,-0.0199,-0.38,0.95,30337059,,,28.4956,1.8406,2.5576,82.1806,4936625115.84,,,,,,,
2019-12-26,5271280,5.227,5.2767,5.2171,5.2568,0.0099,0.19,0.87,27819423,,,28.5496,1.844,2.5624,82.3363,4945974784.62,,,,,,,
2019-12-27,7351600,5.2469,5.3562,5.227,5.2469,-0.0099,-0.19,1.21,39198890,,,28.4956,1.8406,2.5576,82.1806,4936625115.84,,,,,,,
2019-12-30,7711775,5.1972,5.3463,5.1575,5.2966,0.0497,0.95,1.28,40758261,,,28.7654,1.858,2.5818,82.9589,4983373459.74,,,,,,,
2019-12-31,10950705,5.2966,5.4556,5.2668,5.4059,0.1093,2.06,1.81,59299784,,,22.5768,1.8734,2.4554,-87.5016,5086219816.32,,,,,,,
2020-01-02,20447648,5.4854,5.7338,5.4357,5.6643,0.2584,4.78,3.38,114391800,,,23.6558,1.963,2.5727,-91.6837,5329311204.6,,,,,,,
2020-01-03,14407176,5.6543,5.6643,5.5152,5.555,-0.1093,-1.93,2.39,80624352,,,23.1993,1.9251,2.5231,-89.9143,5226464848.02,,,,,,,
2020-01-06,10955553,5.5152,5.6046,5.4953,5.6046,0.0496,0.89,1.79,61096668,,,23.4068,1.9423,2.5456,-90.7186,5273213191.92,,,,,,,
2020-01-07,11666391,5.5649,5.714,5.545,5.6543,0.0497,0.89,1.93,66179167,,,23.6143,1.9595,2.5682,-91.5228,5319961535.82,,,,,,,
2020-01-08,10734780,5.6146,5.6146,5.4755,5.4854,-0.1689,-2.99,1.78,59811550,,,22.9088,1.901,2.4915,-88.7884,5161017166.56,,,,,,,
2020-01-09,8168689,5.5351,5.6046,5.5251,5.5947,0.1093,1.99,1.34,45758798,,,23.3653,1.9389,2.5411,-90.5577,5263863523.14,,,,,,,
2020-01-10,8464240,5.6146,5.6543,5.5351,5.6046,0.0099,0.18,1.39,47700766,,,23.4068,1.9423,2.5456,-90.7186,5273213191.92,,,,,,,
2020-01-13,20725016,5.6742,5.9127,5.6742,5.8729,0.2683,4.79,3.42,120534599,,,24.5274,2.0353,2.6675,-95.0615,5525654248.98,,,,,,,
2020-01-14,51466315,6.0121,6.4592,6.0121,6.181,0.3081,5.25,8.5,327002519,,,25.8139,2.142,2.8074,-100.0478,5815493981.16,,,,,,,
2020-01-15,25617838,6.1611,6.2506,6.0319,6.1611,-0.0199,-0.32,4.22,158062139,,,25.7309,2.1352,2.7984,-99.7261,5796794643.6,,,,,,,
2020-01-16,14892901,6.2406,6.2704,6.0717,6.1114,-0.0497,-0.81,2.45,92070434,,,25.5234,2.1179,2.7758,-98.9219,5750046299.7,,,,,,,
2020-01-17,17781409,6.1611,6.3301,6.0816,6.2208,0.1094,1.79,2.95,111519053,,,25.9799,2.1558,2.8255,-100.6912,5852892656.28,,,,,,,
2020-01-20,25905526,6.2108,6.2108,5.9028,6.1114,-0.1094,-1.76,4.28,157359895,,,25.5234,2.1179,2.7758,-98.9219,5750046299.7,,,,,,,
2020-01-21,17160287,6.0717,6.181,5.9922,6.1015,-0.0099,-0.16,2.85,105367349,,,25.4819,2.1145,2.7713,-98.761,5740696630.92,,,,,,,
2020-01-22,17985500,6.1214,6.1512,5.8531,5.863,-0.2385,-3.91,2.94,107242765,,,24.4859,2.0318,2.663,-94.9006,5516304580.2,,,,,,,
2020-01-23,13696254,5.8829,6.0021,5.6245,5.7438,-0.1192,-2.03,2.26,79946180,,,23.9878,1.9905,2.6088,-92.9705,5404108554.84,,,,,,,
2020-02-03,23222111,5.1873,5.4556,5.1674,5.1674,-0.5764,-10.04,3.87,122732611,,,21.5808,1.7908,2.347,-83.6412,4861827765.6,,,,,,,
2020-02-04,25088814,5.2071,5.6345,5.2071,5.545,0.3776,7.31,4.15,136859661,,,23.1578,1.9216,2.5185,-89.7535,5217115179.24,,,,,,,
2020-02-05,30731246,5.5649,5.8729,5.4655,5.8729,0.3279,5.91,5.07,175594383,,,24.5274,2.0353,2.6675,-95.0615,5525654248.98,,,,,,,
2020-02-06,36597928,5.8729,6.1611,5.7239,5.9922,0.1193,2.03,6.05,221523422,,,25.0254,2.0766,2.7217,-96.9917,5637850274.34,,,,,,,
2020-02-07,23269734,6.0021,6.1015,5.7239,5.8332,-0.159,-2.65,3.84,138091804,,,24.3613,2.0215,2.6494,-94.4181,5488255573.86,,,,,,,
2020-02-10,15770851,5.8531,5.8531,5.6841,5.7239,-0.1093,-1.87,2.61,91035750,,,23.9048,1.9836,2.5998,-92.6488,5385409217.28,,130,0,,,,
2020-02-11,14911357,5.6941,5.7338,5.5251,5.6146,-0.1093,-1.91,2.48,84136391,,,23.4483,1.9457,2.5501,-90.8794,5282562860.7,,,,,,,
2020-02-12,13741300,5.6543,5.7736,5.6146,5.6643,0.0497,0.89,2.28,78479861,,,23.6558,1.963,2.5727,-91.6837,5329311204.6,,,,,,,
2020-02-13,13100282,5.6841,5.7537,5.4755,5.5251,-0.1392,-2.46,2.18,73409173,,,23.0748,1.9148,2.5095,-89.4318,5198415841.68,,,,,,,
2020-02-14,9589377,5.545,5.6146,5.4854,5.5649,0.0398,0.72,1.58,53637691,,,23.2408,1.9285,2.5276,-90.0752,5235814516.8,,,,,,,
2020-02-17,11781216,5.5649,5.714,5.5351,5.714,0.1491,2.68,1.95,67109998,,,23.8633,1.9802,2.5953,-92.4879,5376059548.5,,,,,,,
2020-02-18,21135503,5.7636,5.9326,5.6444,5.8729,0.1589,2.78,3.48,122851213,,,24.5274,2.0353,2.6675,-95.0615,5525654248.98,,,,,,,
2020-02-19,14222108,5.8531,5.8531,5.704,5.714,-0.1589,-2.71,2.37,82666449,,,23.8633,1.9802,2.5953,-92.4879,5376059548.5,,130,0,,,,
2020-02-20,16071727,5.7736,5.8729,5.704,5.8133,0.0993,1.74,2.63,93883424,,,24.2783,2.0146,2.6404,-94.0964,5469556236.3,,,,,,,
2020-02-21,14203484,5.8034,5.8332,5.7636,5.7835,-0.0298,-0.51,2.35,82798735,,,24.1538,2.0043,2.6269,-93.6139,5441507229.96,,,,,,,
2020-02-24,15993869,5.8034,5.9524,5.7935,5.8928,0.1093,1.89,2.63,94731681,,,24.6104,2.0422,2.6765,-95.3832,5544353586.54,,,,,,,
2020-02-25,28515808,5.7736,6.0916,5.7338,6.0419,0.1491,2.53,4.73,170260493,,,25.2329,2.0938,2.7442,-97.7959,5684598618.24,,,,,,,
2020-02-26,18983331,5.9624,6.0319,5.8133,5.8332,-0.2087,-3.45,3.16,113321810,,,24.3613,2.0215,2.6494,-94.4181,5488255573.86,,,,,,,
2020-02-27,11946834,5.863,5.8928,5.7636,5.7935,-0.0397,-0.68,1.96,69991298,,,24.1953,2.0077,2.6314,-93.7747,5450856898.74,,,,,,,
2020-02-28,16660923,5.6742,5.7438,5.4258,5.4556,-0.3379,-5.83,2.75,93564662,,,22.7843,1.8906,2.4779,-88.3059,5132968160.22,,,,,,,
2020-03-02,10748324,5.5152,5.714,5.5152,5.6444,0.1888,3.46,1.79,60766429,,,23.5728,1.9561,2.5637,-91.362,5310611867.04,,,,,,,
2020-03-03,12951329,5.7239,5.8133,5.6543,5.7438,0.0994,1.76,2.14,74783796,,,23.9878,1.9905,2.6088,-92.9705,5404108554.84,,,,,,,
2020-03-04,10468634,5.6841,5.7835,5.6543,5.7835,0.0397,0.69,1.73,60326021,,,24.1538,2.0043,2.6269,-93.6139,5441507229.96,,,,,,,
2020-03-05,20381142,5.9226,5.9624,5.8332,5.8829,0.0994,1.72,3.38,120861764,,,24.5689,2.0387,2.672,-95.2223,5535003917.76,,,,,,,
2020-03-06,22849888,5.8829,6.1015,5.8332,5.9624,0.0795,1.35,3.79,137612523,,,24.9009,2.0663,2.7081,-96.5091,5609801268,,,,,,,
2020-03-09,15126685,5.863,5.9823,5.7736,5.8034,-0.159,-2.67,2.51,89371994,,,24.2368,2.0112,2.6359,-93.9356,5460206567.52,,,,,,,
2020-03-10,20402998,5.7438,5.863,5.5649,5.863,0.0596,1.03,3.37,117113340,,,24.4859,2.0318,2.663,-94.9006,5516304580.2,,,,,,,
2020-03-11,10902136,5.863,5.9127,5.7239,5.7438,-0.1192,-2.03,1.8,63686884,,,23.9878,1.9905,2.6088,-92.9705,5404108554.84,,,,,,,
2020-03-12,10674510,5.6543,5.7239,5.6046,5.6841,-0.0597,-1.04,1.77,60901791,,,23.7388,1.9699,2.5817,-92.0054,5348010542.16,,,,,,,
2020-03-13,12779979,5.4456,5.6245,5.386,5.5351,-0.149,-2.62,2.12,70585277,,,23.1163,1.9182,2.514,-89.5926,5207765510.46,,,,,,,
2020-03-16,12300160,5.5848,5.6643,5.3165,5.3463,-0.1888,-3.41,2.03,68542190,,,22.3278,1.8528,2.4283,-86.5365,5030121803.64,,,,,,,
2020-03-17,10753062,5.3661,5.4357,5.1277,5.2767,-0.0696,-1.3,1.77,57058830,,,22.0373,1.8287,2.3967,-85.4106,4964674122.18,,,,,,,
2020-03-18,10156400,5.3562,5.4158,5.1376,5.1475,-0.1292,-2.45,1.67,53977226,,,21.4977,1.7839,2.338,-83.3195,4843128428.04,,,,,,,
2020-03-19,11070736,5.0978,5.1972,4.9289,5.1376,-0.0099,-0.19,1.84,56612851,,,21.4562,1.7804,2.3335,-83.1587,4833778759.26,,,,,,,
2020-03-20,7472816,5.1972,5.227,5.1177,5.2171,0.0795,1.55,1.22,38937040,,,21.7883,1.808,2.3696,-84.4455,4908576109.5,,,,,,,
2020-03-23,7994703,5.068,5.1773,5.0382,5.078,-0.1391,-2.67,1.33,40966984,,,21.2072,1.7598,2.3064,-82.1936,4777680746.58,,,,,,,
2020-03-24,8444085,5.1575,5.227,5.0382,5.1972,0.1192,2.35,1.39,43685873,,,21.7053,1.8011,2.3606,-84.1238,4889876771.94,,,,,,,
2020-03-25,10311396,5.2668,5.3165,5.2071,5.2767,0.0795,1.53,1.7,54656374,,,22.0373,1.8287,2.3967,-85.4106,4964674122.18,,,,,,,
2020-03-26,8780132,5.2568,5.3463,5.2071,5.2966,0.0199,0.38,1.46,46825009,,,22.1203,1.8355,2.4057,-85.7323,4983373459.74,,,,,,,
2020-03-27,7341480,5.3463,5.3562,5.227,5.227,-0.0696,-1.31,1.2,39175689,,,21.8298,1.8114,2.3741,-84.6063,4917925778.28,,,,,,,
2020-03-30,8032496,5.1873,5.237,5.068,5.1177,-0.1093,-2.09,1.34,41483005,,,21.3732,1.7736,2.3245,-82.837,4815079421.7,,,,,,,
2020-03-31,6325900,5.1873,5.1972,5.0879,5.1674,0.0497,0.97,1.03,32669047,,,22.3624,1.7569,2.4175,-20.5618,4861827765.6,,,,,,,
2020-04-01,11008407,5.1575,5.3463,5.1277,5.227,0.0596,1.15,1.83,58420098,,,22.6204,1.7772,2.4454,-20.799,4917925778.28,,,,,,,
2020-04-02,5009160,5.1773,5.2767,5.1575,5.2668,0.0398,0.76,0.81,26248027,,,22.7924,1.7907,2.464,-20.9572,4955324453.4,,,,,,,
2020-04-03,8172587,5.2568,5.396,5.2171,5.3463,0.0795,1.51,1.34,43551283,,,23.1365,1.8177,2.5012,-21.2735,5030121803.64,,,,,,,
2020-04-07,13210056,5.4755,5.555,5.396,5.5053,0.159,2.97,2.18,72774626,,,23.8246,1.8718,2.5756,-21.9062,5179716504.12,,,,,,,
2020-04-08,10533420,5.4655,5.6146,5.4258,5.5251,0.0198,0.36,1.75,58549094,,,23.9106,1.8786,2.5849,-21.9853,5198415841.68,,,,,,,
2020-04-09,7624098,5.5251,5.6046,5.5053,5.5351,0.01,0.18,1.26,42558852,,,23.9536,1.8819,2.5895,-22.0248,5207765510.46,,,,,,,
2020-04-10,11901709,5.5251,5.6444,5.4357,5.4655,-0.0696,-1.26,1.97,66094834,,,23.6525,1.8583,2.557,-21.748,5142317829,,,,,,,
2020-04-13,9668440,5.4655,5.6046,5.3761,5.5351,0.0696,1.27,1.61,53748050,,,23.9536,1.8819,2.5895,-22.0248,5207765510.46,,,,,,,
2020-04-14,10116952,5.5351,5.6444,5.4059,5.5848,0.0497,0.9,1.67,56227361,,,24.1686,1.8988,2.6128,-22.2225,5254513854.36,,,,,,,
2020-04-15,25830896,5.6444,5.9028,5.5649,5.8233,0.2385,4.27,4.26,150062347,,,25.2007,1.9799,2.7244,-23.1715,5478905905.08,,,,,,,
2020-04-16,19641022,5.8034,5.9723,5.704,5.7636,-0.0597,-1.03,3.23,114885925,,,24.9427,1.9597,2.6965,-22.9343,5422807892.4,,,,,,,
2020-04-17,15744178,5.7636,5.8133,5.5848,5.5848,-0.1788,-3.1,2.6,90069723,,,24.1686,1.8988,2.6128,-22.2225,5254513854.36,,,,,,,
2020-04-20,10210918,5.5947,5.6841,5.5251,5.5748,-0.01,-0.18,1.69,57492497,,,24.1256,1.8955,2.6081,-22.183,5245164185.58,,,,,,,
2020-04-21,8345280,5.5351,5.5947,5.4158,5.4755,-0.0993,-1.78,1.37,46065728,,,23.6955,1.8617,2.5616,-21.7876,5151667497.78,,,,,,,
2020-04-22,5436035,5.4655,5.5351,5.4059,5.5251,0.0496,0.91,0.9,29956775,,,23.9106,1.8786,2.5849,-21.9853,5198415841.68,,,,,,,
2020-04-23,9153047,5.555,5.6444,5.4456,5.4556,-0.0695,-1.26,1.52,50937616,,,23.6095,1.8549,2.5523,-21.7085,5132968160.22,,,,,,,
2020-04-24,10512459,5.4556,5.4556,5.237,5.2866,-0.169,-3.1,1.74,56282821,,,22.8785,1.7975,2.4733,-21.0363,4974023790.96,,,,,,,
2020-04-27,7452987,5.3165,5.4059,5.3065,5.3165,0.0299,0.57,1.23,40171262,,,23.0075,1.8076,2.4872,-21.1549,5002072797.3,,,,,,,
2020-04-28,7948182,5.2866,5.3463,5.0382,5.237,-0.0795,-1.5,1.32,41638105,,,22.6634,1.7806,2.4501,-20.8386,4927275447.06,,,,,,,
2020-04-29,6150105,5.2568,5.3761,5.2071,5.3363,0.0993,1.9,0.9,32938827,,,23.0935,1.8144,2.4965,-21.234,5020772134.86,,,,,,,
2020-04-30,6246175,5.3761,5.4357,5.3363,5.396,0.0597,1.12,0.9,33827428,,,23.3515,1.8346,2.5244,-21.4712,5076870147.54,,,,,,,
2020-05-06,7624290,5.3463,5.4158,5.3363,5.396,0,0,1.1,41268359,,,23.3515,1.8346,2.5244,-21.4712,5076870147.54,,,,,,,
2020-05-07,7603216,5.4655,5.4655,5.3363,5.3661,-0.0299,-0.55,1.11,41308622,,,23.2225,1.8245,2.5105,-21.3526,5048821141.2,,,,,,,
2020-05-08,7275990,5.386,5.4357,5.3562,5.3761,0.01,0.19,1.05,39460653,,,23.2655,1.8279,2.5151,-21.3921,5058170809.98,,,,,,,
2020-05-11,13173082,5.3363,5.386,5.1972,5.237,-0.1391,-2.59,1.92,69759790,,,22.6634,1.7806,2.4501,-20.8386,4927275447.06,,,,,,,
2020-05-12,7642962,5.227,5.2767,5.1277,5.1674,-0.0696,-1.33,1.11,39924367,,,22.3624,1.7569,2.4175,-20.5618,4861827765.6,,,,,,,
2020-05-13,8507335,5.6841,5.6841,5.6841,5.6841,0.5167,10,1.25,48661956,,,24.5986,1.9326,2.6593,-22.6179,5348010542.16,,,,,,,
2020-05-14,51316538,5.7239,5.9425,5.6146,5.6146,-0.0695,-1.22,7.48,298353308,,,24.2976,1.909,2.6267,-22.3411,5282562860.7,,,,,,,
2020-05-15,23626322,5.4953,5.6245,5.4357,5.4953,-0.1193,-2.12,3.43,130825896,,,23.7816,1.8684,2.5709,-21.8666,5170366835.34,,,,,,,
2020-05-18,17889781,5.5649,5.6742,5.2966,5.2966,-0.1987,-3.62,2.56,98028682,,,22.9215,1.8009,2.478,-21.0758,4983373459.74,,,,,,,
2020-05-19,9712041,5.3463,5.3562,5.2668,5.3264,0.0298,0.56,1.4,51944280,,,23.0505,1.811,2.4919,-21.1944,5011422466.08,,,,,,,
2020-05-20,7218920,5.3363,5.3363,5.237,5.2469,-0.0795,-1.49,1.04,38211738,,,22.7064,1.784,2.4547,-20.8781,4936625115.84,,,,,,,
2020-05-21,8258800,5.2469,5.3463,5.2171,5.2668,0.0199,0.38,1.19,43821487,,,22.7924,1.7907,2.464,-20.9572,4955324453.4,,,,,,,
2020-05-22,6938745,5.2668,5.2668,5.1475,5.1972,-0.0696,-1.32,1.01,36305568,,,22.4914,1.7671,2.4315,-20.6804,4889876771.94,,,,,,,
2020-05-25,4934244,5.1873,5.2171,5.1376,5.1575,-0.0397,-0.76,0.71,25626762,,,22.3194,1.7536,2.4129,-20.5222,4852478096.82,,,,,,,
2020-05-26,5804264,5.1873,5.2668,5.1773,5.2568,0.0993,1.93,0.83,30520804,,,22.7494,1.7873,2.4594,-20.9176,4945974784.62,,,,,,,
2020-05-27,5801500,5.2469,5.2866,5.2171,5.2568,0,0,0.84,30664804,,,22.7494,1.7873,2.4594,-20.9176,4945974784.62,,,,,,,
2020-05-28,5237458,5.2568,5.2668,5.1773,5.2171,-0.0397,-0.76,0.76,27526320,,,22.5774,1.7738,2.4408,-20.7595,4908576109.5,,,,,,,
2020-05-29,6153255,5.237,5.3065,5.2071,5.2866,0.0695,1.33,0.88,32608867,,,22.8785,1.7975,2.4733,-21.0363,4974023790.96,,,,,,,
2020-06-01,8266289,5.2866,5.4059,5.2668,5.3761,0.0895,1.69,1.19,44513547,,,23.2655,1.8279,2.5151,-21.3921,5058170809.98,,,,,,,
2020-06-02,7381344,5.396,5.4357,5.3463,5.4158,0.0397,0.74,1.05,40022709,,,23.4375,1.8414,2.5337,-21.5503,5095569485.1,,,,,,,
2020-06-03,8621300,5.4258,5.545,5.3661,5.386,-0.0298,-0.55,1.26,47324065,,,23.3085,1.8313,2.5198,-21.4317,5067520478.76,,,,,,,
2020-06-04,5847165,5.4158,5.4158,5.3264,5.3562,-0.0298,-0.55,0.85,31537293,,,23.1795,1.8211,2.5058,-21.3131,5039471472.42,,,,,,,
2020-06-05,7053110,5.3661,5.4655,5.3165,5.4158,0.0596,1.11,1.03,38201709,,,23.4375,1.8414,2.5337,-21.5503,5095569485.1,,,,,,,
2020-06-08,5784160,5.4456,5.4456,5.3463,5.386,-0.0298,-0.55,0.84,31308694,,,23.3085,1.8313,2.5198,-21.4317,5067520478.76,,,,,,,
2020-06-09,7574224,5.386,5.5152,5.3562,5.4655,0.0795,1.48,1.1,41345501,,,23.6525,1.8583,2.557,-21.748,5142317829,,,,,,,
2020-06-10,7355897,5.4357,5.545,5.4158,5.4854,0.0199,0.36,1.06,40589791,,,23.7385,1.8651,2.5663,-21.8271,5161017166.56,,,,,,,
2020-06-11,7388437,5.4953,5.545,5.396,5.4456,-0.0398,-0.73,1.08,40670444,,,23.5665,1.8515,2.5477,-21.6689,5123618491.44,,,,,,,
2020-06-12,5364480,5.3463,5.4655,5.3264,5.4258,-0.0198,-0.36,0.77,29270546,,,23.4805,1.8448,2.5384,-21.5899,5104919153.88,,,,,,,
2020-06-15,14653091,5.4655,5.6245,5.4655,5.6046,0.1788,3.3,2.11,81948997,,,24.2546,1.9056,2.6221,-22.3016,5273213191.92,,,,,,,
2020-06-16,28684345,5.5848,5.8829,5.5848,5.7935,0.1889,3.37,4.18,167039469,,,25.0717,1.9698,2.7104,-23.0529,5450856898.74,,,,,,,
2020-06-17,33900641,5.8133,6.0916,5.8034,5.9524,0.1589,2.74,4.93,203176494,,,25.7598,2.0239,2.7848,-23.6856,5600451599.22,,,,,,,
2020-06-18,22314779,5.9425,6.0419,5.8431,5.9028,-0.0496,-0.83,3.25,133269177,,,25.5447,2.007,2.7615,-23.4879,5553703255.32,,,,,,,
2020-06-19,24618671,5.9028,5.9326,5.714,5.9028,0,0,3.58,144353237,,,25.5447,2.007,2.7615,-23.4879,5553703255.32,,,,,,,
2020-06-22,13900360,5.8829,5.8829,5.7537,5.7835,-0.1193,-2.02,2.02,81224269,,,25.0287,1.9664,2.7058,-23.0134,5441507229.96,,,,,,,
2020-06-23,10569900,5.7636,5.8332,5.704,5.7338,-0.0497,-0.86,1.54,61234530,,,24.8137,1.9495,2.6825,-22.8156,5394758886.06,,,,,,,
2020-06-24,10317220,5.7636,5.7835,5.6046,5.6345,-0.0993,-1.73,1.49,58647592,,,24.3836,1.9157,2.636,-22.4202,5301262198.26,,,,,,,
2020-06-29,10804245,5.5947,5.7438,5.5748,5.6841,0.0496,0.88,1.58,61850765,,,24.5986,1.9326,2.6593,-22.6179,5348010542.16,,,,,,,
2020-06-30,7574042,5.6643,5.7835,5.6643,5.7338,0.0497,0.87,1.1,43760978,,,23.1871,1.8895,2.4765,-23.1822,5394758886.06,,,,,,,
2020-07-01,12351418,5.7338,5.8829,5.6643,5.8531,0.1193,2.08,1.8,71804717,,,23.6693,1.9288,2.528,-23.6643,5506954911.42,,,,,,,
2020-07-02,17525135,5.8233,6.1214,5.7935,6.0121,0.159,2.72,2.56,105566943,,,24.3123,1.9811,2.5967,-24.3071,5656549611.9,,,,,,,
2020-07-03,12194262,5.9624,6.1015,5.9326,5.9823,-0.0298,-0.5,1.77,73649306,,,24.1917,1.9713,2.5838,-24.1866,5628500605.56,,,,,,,
2020-07-06,21471910,6.0121,6.2605,5.9624,6.2108,0.2285,3.82,3.12,132899260,,,25.116,2.0466,2.6825,-25.1107,5843542987.5,,,,,,,
2020-07-07,26132628,6.3102,6.3499,6.1611,6.1711,-0.0397,-0.64,3.81,164686815,,,24.9552,2.0335,2.6654,-24.95,5806144312.38,,,,,,,
2020-07-08,19075133,6.1114,6.2903,6.0618,6.2208,0.0497,0.81,2.78,119070944,,,25.1562,2.0499,2.6868,-25.1509,5852892656.28,,,,,,,
2020-07-09,34653815,6.3334,6.6919,6.2737,6.6321,0.4113,6.61,4.99,225871959,,,26.7636,2.1902,2.8585,-26.758,6226879407.48,,,,,,,
2020-07-10,23089280,6.5425,6.7218,6.3732,6.3732,-0.2589,-3.9,3.29,151612106,,,25.7188,2.1047,2.7469,-25.7133,5983788019.2,,,,,,,
2020-07-13,22486318,6.423,6.8612,6.4131,6.7915,0.4183,6.56,3.29,152092444,,,27.4066,2.2428,2.9272,-27.4008,6376474107.96,,,,,,,
2020-07-14,18851844,6.7815,6.8811,6.4728,6.6521,-0.1394,-2.05,2.75,126059905,,,26.844,2.1968,2.8671,-26.8383,6245578745.04,,,,,,,
2020-07-15,19801856,6.662,6.7716,6.433,6.5425,-0.1096,-1.65,2.89,131916992,,,26.4019,2.1606,2.8199,-26.3964,6142732388.46,,,,,,,
2020-07-16,19444360,6.5724,6.5923,6.1741,6.194,-0.3485,-5.33,2.83,124039544,,,24.9954,2.0455,2.6697,-24.9902,5815493981.16,,,,,,,
2020-07-17,14348623,6.2239,6.2737,6.0446,6.1442,-0.0498,-0.8,2.1,88728367,,,24.7945,2.0291,2.6482,-24.7893,5768745637.26,,,,,,,
2020-07-20,11619680,6.1741,6.3234,6.1741,6.3234,0.1792,2.92,1.66,73000944,,,25.5178,2.0883,2.7255,-25.5125,5937039675.3,,,,,,,
2020-07-21,12175281,6.2836,6.4728,6.2836,6.4031,0.0797,1.26,1.78,78325231,,,25.8393,2.1146,2.7598,-25.8339,6011837025.54,,,,,,,
2020-07-22,11481210,6.3732,6.4429,6.2936,6.3334,-0.0697,-1.09,1.67,73451630,,,25.558,2.0916,2.7298,-25.5526,5946389344.08,,,,,,,
2020-07-23,12283005,6.3234,6.3931,6.1342,6.3533,0.0199,0.31,1.77,77373716,,,25.6384,2.0981,2.7383,-25.633,5965088681.64,,,,,,,
2020-07-24,14706980,6.3234,6.3832,5.9749,6.0347,-0.3186,-5.01,2.14,90622992,,,24.3525,1.9929,2.601,-24.3473,5665899280.68,,,,,,,
2020-07-27,9918135,6.0048,6.1342,5.9749,6.0546,0.0199,0.33,1.45,60344234,,,24.4328,1.9995,2.6096,-24.4277,5684598618.24,,,,,,,
2020-07-28,11801620,6.1044,6.1442,5.8554,5.955,-0.0996,-1.65,1.73,70875627,,,24.031,1.9666,2.5667,-24.0259,5591101930.44,,,,,,,
2020-07-29,13084725,5.955,6.194,5.8853,6.194,0.239,4.01,1.89,80221655,,,24.9954,2.0455,2.6697,-24.9902,5815493981.16,,,,,,,
2020-07-30,17892020,6.2239,6.4828,6.194,6.2836,0.0896,1.45,2.61,113663817,,,25.3571,2.0751,2.7083,-25.3518,5899641000.18,,,,,,,
2020-07-31,18824365,6.2836,6.5027,6.2239,6.4429,0.1593,2.54,2.72,120321827,,,26.0001,2.1277,2.777,-25.9946,6049235700.66,,,,,,,
2020-08-03,14519994,6.5326,6.6122,6.433,6.5425,0.0996,1.55,2.12,95326265,,,26.4019,2.1606,2.8199,-26.3964,6142732388.46,,,,,,,
2020-08-04,15588789,6.5724,6.6919,6.5126,6.5525,0.01,0.15,2.26,103201799,,,26.4421,2.1639,2.8242,-26.4365,6152082057.24,,,,,,,
2020-08-05,49588686,6.8811,7.2097,6.7218,7.2097,0.6572,10.03,7.26,355299671,,,29.0944,2.381,3.1075,-29.0882,6769160196.72,,,,,,,
2020-08-06,38108290,7.4786,7.9267,7.4388,7.9267,0.717,9.94,5.57,296973919,,,31.9877,2.6177,3.4165,-31.981,7442336348.88,,,,,,,
2020-08-07,144825991,8.7234,8.7234,7.7275,7.9566,0.0299,0.38,21.12,1197675478,,,32.1083,2.6276,3.4294,-32.1015,7470385355.22,,,,,,,
2020-08-10,88636908,7.9566,7.9665,7.1599,7.1699,-0.7867,-9.89,12.95,657493787,,,28.9336,2.3678,3.0903,-28.9275,6731761521.6,,,,,,,
2020-08-11,40035895,7.1301,7.2296,6.911,6.9209,-0.249,-3.47,5.74,283761909,,,27.929,2.2856,2.983,-27.9231,6498019802.1,,,,,,,
2020-08-12,31622066,6.8313,7.1201,6.8014,7.0404,0.1195,1.73,4.59,221701858,,,28.4112,2.3251,3.0345,-28.4052,6610215827.46,,,,,,,
2020-08-13,20688547,7.0703,7.1201,6.8612,6.8711,-0.1693,-2.4,2.99,144381084,,,27.7281,2.2691,2.9615,-27.7222,6451271458.2,,,,,,,
2020-08-14,21094914,6.8711,6.9309,6.672,6.8313,-0.0398,-0.58,3.06,143930429,,,27.5673,2.256,2.9444,-27.5615,6413872783.08,,,,,,,
2020-08-17,22006478,6.8313,7.0703,6.8214,6.9807,0.1494,2.19,3.19,153973891,,,28.1701,2.3053,3.0087,-28.1642,6554117814.78,,,,,,,
2020-08-18,33614559,7.0006,7.3591,6.9906,7.2396,0.2589,3.71,4.86,243173185,,,29.2149,2.3908,3.1203,-29.2088,6797209203.06,,,,,,,
2020-08-19,24818502,7.2296,7.2296,6.9608,6.9807,-0.2589,-3.58,3.61,175248572,,,28.1701,2.3053,3.0087,-28.1642,6554117814.78,,,,,,,
2020-08-20,12458357,6.9508,7.0106,6.8214,6.8811,-0.0996,-1.43,1.8,86609265,,,27.7682,2.2724,2.9658,-27.7624,6460621126.98,,,,,,,
2020-08-21,14707099,6.9608,7.0603,6.8711,7.0404,0.1593,2.32,2.11,102875574,,,28.4112,2.3251,3.0345,-28.4052,6610215827.46,,,,,,,
2020-08-24,14168158,6.9807,7.2097,6.911,7.1201,0.0797,1.13,2.04,100719458,1400,10010,28.7327,2.3514,3.0688,-28.7266,6685013177.7,,,,,,,
2020-08-25,19187217,7.1201,7.3093,7.0603,7.2595,0.1394,1.96,2.78,138891026,2500,18225,29.2953,2.3974,3.1289,-29.2891,6815908540.62,,,,,,,
2020-08-26,18506958,7.2993,7.3093,6.9906,7.0106,-0.2489,-3.43,2.69,132737027,,,28.2907,2.3152,3.0216,-28.2847,6582166821.12,,,,,,,
2020-08-27,19062151,7.1201,7.2296,7.0006,7.2097,0.1991,2.84,2.77,136743468,5500,39820,29.0944,2.381,3.1075,-29.0882,6769160196.72,,,,,,,
2020-08-28,47139787,7.2396,8.0462,7.1798,7.6778,0.4681,6.49,6.84,363474083,12000,92520,30.9831,2.5355,3.3092,-30.9765,7208594629.38,,,,,,,
2020-08-31,39087495,7.6778,7.857,7.4786,7.4985,-0.1793,-2.34,5.68,299249772,3700,27861,30.2597,2.4763,3.2319,-30.2534,7040300591.34,,,,,,,
2020-09-01,21447780,7.4388,7.608,7.3989,7.5383,0.0398,0.53,3.09,161418202,9000,68130,30.4205,2.4895,3.2491,-30.4141,7077699266.46,,,,,,,
2020-09-02,40564345,7.5383,8.1557,7.4587,7.867,0.3287,4.36,5.9,317258227,7200,56880,31.7466,2.598,3.3907,-31.7399,7386238336.2,,,,,,,
2020-09-03,63787665,7.8968,8.6138,7.7674,8.2852,0.4182,5.32,9.3,526122460,3300,27456,33.4344,2.7361,3.571,-33.4274,7778924424.96,,,,,,,
2020-09-04,45137262,7.9964,8.1557,7.608,8.1159,-0.1693,-2.04,6.56,359604975,100,815,32.7512,2.6802,3.498,-32.7443,7619980055.7,,,,,,,
2020-09-07,41725876,8.0263,8.3151,7.9167,8.0263,-0.0896,-1.1,6.08,339409068,200,1612,32.3896,2.6506,3.4594,-32.3827,7535833036.68,,,,,,,
2020-09-08,34481433,8.0163,8.1557,7.7773,8.1557,0.1294,1.61,4.92,275880242,37800,309582,32.912,2.6934,3.5152,-32.905,7657378730.82,,,,,,,
2020-09-09,33404958,8.0163,8.1557,7.6778,7.7176,-0.4381,-5.37,4.81,267043958,,,31.1438,2.5487,3.3264,-31.1373,7245993304.5,,,,,,,
2020-09-10,35694335,7.6877,7.8371,7.1699,7.1699,-0.5477,-7.1,5.17,266518941,7000,50400,28.9336,2.3678,3.0903,-28.9275,6731761521.6,,,,,,,
2020-09-11,32728105,7.0504,7.7574,7.0404,7.5682,0.3983,5.56,4.76,247116613,200,1520,30.541,2.4994,3.262,-30.5346,7105748272.8,,,,,,,
2020-09-14,25442100,7.5682,7.8968,7.5284,7.857,0.2888,3.82,3.7,198201695,1200,9468,31.7064,2.5947,3.3864,-31.6997,7376888667.42,,,,,,,
2020-09-15,24033560,7.867,8.0362,7.6977,7.9068,0.0498,0.63,3.49,189930830,100,794,31.9074,2.6112,3.4079,-31.9006,7423637011.32,,,,,,,
2020-09-16,14925257,7.8769,7.8968,7.6678,7.7773,-0.1295,-1.64,2.18,116401419,1500,11715,31.3849,2.5684,3.3521,-31.3783,7302091317.18,,,,,,,
2020-09-17,13873230,7.7275,7.7773,7.5284,7.5881,-0.1892,-2.43,2.02,106395874,,,30.6214,2.5059,3.2706,-30.615,7124447610.36,,,,,,,
2020-09-18,17108110,7.5782,7.6479,7.3591,7.4587,-0.1294,-1.71,2.48,128402114,,,30.099,2.4632,3.2148,-30.0927,7002901916.22,,,,,,,
2020-09-21,12040140,7.4985,7.5184,7.2794,7.2993,-0.1594,-2.14,1.75,89251527,100,733,29.456,2.4106,3.1461,-29.4498,6853307215.74,,,,,,,
2020-09-22,15938060,7.2396,7.4587,7.1599,7.1998,-0.0995,-1.36,2.33,116775926,,,29.0542,2.3777,3.1032,-29.048,6759810527.94,,,,,,,
2020-09-23,12210040,7.2197,7.3591,7.1699,7.2496,0.0498,0.69,1.78,88965835,300,2184,29.2551,2.3941,3.1246,-29.2489,6806558871.84,,,,,,,
2020-09-24,14216105,7.1798,7.2097,7.0006,7.0205,-0.2291,-3.16,2.07,101065255,2200,15510,28.3308,2.3185,3.0259,-28.3249,6591516489.9,,,,,,,
2020-09-25,11255620,7.0902,7.14,6.7716,6.911,-0.1095,-1.56,1.64,78747675,,,27.8888,2.2823,2.9787,-27.8829,6488670133.32,,,,,,,
2020-09-28,13858638,6.911,6.9508,6.6222,6.6521,-0.2589,-3.75,2.03,93620312,800,5344,26.844,2.1968,2.8671,-26.8383,6245578745.04,,,,,,,
2020-09-29,12427060,6.672,6.8911,6.5525,6.7616,0.1095,1.65,1.81,84276520,,,27.286,2.233,2.9143,-27.2803,6348425101.62,,,,,,,
2020-09-30,8335640,6.8014,6.901,6.6421,6.7019,-0.0597,-0.88,1.19,56505156,,,26.6994,2.2393,2.7594,-23.6805,6292327088.94,,,,,,,
2020-10-09,9912848,6.7815,6.9707,6.7815,6.8612,0.1593,2.38,1.43,68522969,1300,8957,27.3342,2.2925,2.825,-24.2435,6441921789.42,,,,,,,
2020-10-12,12945020,6.8911,7.2097,6.8612,7.1898,0.3286,4.79,1.88,92019607,,,28.6434,2.4023,2.9603,-25.4046,6750460859.16,,,,,,,
2020-10-13,9663600,7.1998,7.2894,7.1201,7.2197,0.0299,0.42,1.38,69905495,5000,36250,28.7624,2.4123,2.9726,-25.5102,6778509865.5,,,,,,,
2020-10-14,8476500,7.2296,7.2794,7.0902,7.1101,-0.1096,-1.52,1.21,61032770,,,28.326,2.3757,2.9275,-25.1231,6675663508.92,,,,,,,
2020-10-15,13901180,7.1201,7.3193,6.9707,7.2197,0.1096,1.54,2,100183215,300,2175,28.7624,2.4123,2.9726,-25.5102,6778509865.5,,,,,,,
2020-10-16,14839400,7.2197,7.4188,7.1798,7.3591,0.1394,1.93,2.14,108884442,1500,11085,29.3178,2.4589,3.03,-26.0028,6909405228.42,,,,,,,
2020-10-19,10564436,7.4089,7.4089,7.1599,7.1998,-0.1593,-2.16,1.54,77304111,,,28.683,2.4057,2.9644,-25.4398,6759810527.94,,,,,,,
2020-10-20,7752285,7.1699,7.2894,7.1201,7.2894,0.0896,1.24,1.13,56100167,,,29.0401,2.4356,3.0013,-25.7565,6843957546.96,,,,,,,
2020-10-21,8148320,7.2695,7.3591,7.1101,7.15,-0.1394,-1.91,1.19,59036690,,,28.4847,2.389,2.9439,-25.2639,6713062184.04,,,,,,,
2020-10-22,8123720,7.1301,7.2496,7.0006,7.1699,0.0199,0.28,1.18,57990508,,,28.564,2.3957,2.9521,-25.3343,6731761521.6,,,,,,,
2020-10-23,10402780,7.1301,7.2496,6.8911,6.8911,-0.2788,-3.89,1.5,73481628,,,27.4532,2.3025,2.8373,-24.349,6469970795.76,,,,,,,
2020-10-26,8950678,6.8911,7.0504,6.8014,6.9408,0.0497,0.72,1.3,62428912,,,27.6516,2.3191,2.8578,-24.525,6516719139.66,,,,,,,
2020-10-27,9049360,6.9408,7.1101,6.8711,7.0603,0.1195,1.72,1.32,63887780,,,28.1276,2.3591,2.907,-24.9472,6628915165.02,,,,,,,
2020-10-28,8017340,7.0404,7.1101,6.8711,6.9309,-0.1294,-1.83,1.15,55945056,1000,6960,27.6119,2.3158,2.8537,-24.4898,6507369470.88,,,,,,,
2020-10-29,9868240,6.8911,7.0603,6.8313,7.0305,0.0996,1.44,1.43,69305101,2200,15532,28.0086,2.3491,2.8947,-24.8416,6600866158.68,,,,,,,
2020-10-30,22367160,7.0106,7.0404,6.433,6.4529,-0.5776,-8.22,3.24,150138520,2600,16848,25.7076,2.1561,2.6569,-22.8008,6058585369.44,,,,,,,
2020-11-02,11074040,6.4728,6.5126,6.2239,6.3234,-0.1295,-2.01,1.62,70620084,,,25.1919,2.1129,2.6036,-22.3434,5937039675.3,,,,,,,
2020-11-03,14485537,6.3931,6.8014,6.3234,6.6919,0.3685,5.83,2.11,96686460,,,26.6598,2.236,2.7553,-23.6453,6282977420.16,,,,,,,
2020-11-04,12287080,6.6919,6.7616,6.5326,6.7516,0.0597,0.89,1.74,81968070,,,26.8978,2.2559,2.7799,-23.8564,6339075432.84,,,,,,,
2020-11-05,11221280,6.7516,6.8811,6.662,6.7915,0.0399,0.59,1.63,76127627,,,27.0565,2.2692,2.7963,-23.9972,6376474107.96,,,,,,,
2020-11-06,7104720,6.7915,6.8413,6.6321,6.672,-0.1195,-1.76,1.03,47656006,,,26.5804,2.2293,2.7471,-23.5749,6264278082.6,,,,,,,
2020-11-09,8925225,6.6222,6.7716,6.6222,6.7218,0.0498,0.75,1.3,60258746,,,26.7788,2.2459,2.7676,-23.7509,6311026426.5,,,,,,,
2020-11-10,8360180,6.7317,6.8114,6.6222,6.6521,-0.0697,-1.04,1.22,56355852,,,26.5011,2.2227,2.7389,-23.5046,6245578745.04,,,,,,,
2020-11-11,9420780,6.6321,6.6521,6.423,6.4429,-0.2092,-3.14,1.38,61425568,100,647,25.668,2.1528,2.6528,-22.7656,6049235700.66,,,,,,,
2020-11-12,7087422,6.4728,6.5525,6.2737,6.3732,-0.0697,-1.08,1.04,45594970,,,25.3903,2.1295,2.6241,-22.5193,5983788019.2,,,,,,,
2020-11-13,6925048,6.3931,6.5326,6.2936,6.5326,0.1594,2.5,0.97,44506370,3000,19680,26.025,2.1827,2.6897,-23.0823,6133382719.68,,,,,,,
2020-11-16,29600268,6.6023,7.0902,6.5226,6.8313,0.2987,4.57,4.31,203986560,,,27.2152,2.2825,2.8127,-24.1379,6413872783.08,,,,,,,
2020-11-17,33642180,6.7516,7.1998,6.6919,7.15,0.3187,4.67,4.9,235610735,5000,35900,28.4847,2.389,2.9439,-25.2639,6713062184.04,,,,,,,
2020-11-18,22686616,7.1599,7.1599,6.8811,6.9408,-0.2092,-2.93,3.3,159380861,100,697,27.6516,2.3191,2.8578,-24.525,6516719139.66,,,,,,,
2020-11-19,13014000,6.8612,7.0305,6.8014,6.911,-0.0298,-0.43,1.89,90380172,,,27.5326,2.3092,2.8455,-24.4194,6488670133.32,,,,,,,
2020-11-20,11624100,6.8811,6.8911,6.7516,6.8214,-0.0896,-1.3,1.69,79463297,,,27.1755,2.2792,2.8086,-24.1027,6404523114.3,,,,,,,
2020-11-23,10194340,6.8114,6.9209,6.7516,6.8114,-0.01,-0.15,1.49,69691832,,,27.1358,2.2759,2.8045,-24.0675,6395173445.52,,,,,,,
2020-11-24,9683000,6.8114,6.8512,6.6421,6.6919,-0.1195,-1.75,1.41,65076701,,,26.6598,2.236,2.7553,-23.6453,6282977420.16,,,,,,,
2020-11-25,8839440,6.7118,6.7218,6.5326,6.5425,-0.1494,-2.23,1.28,58438951,,,26.0647,2.1861,2.6938,-23.1175,6142732388.46,,,,,,,
2020-11-26,6526360,6.5624,6.5824,6.4429,6.4828,-0.0597,-0.91,0.95,42497241,,,25.8266,2.1661,2.6692,-22.9064,6086634375.78,,,,,,,
2020-11-27,10931520,6.5126,6.662,6.3931,6.6421,0.1593,2.46,1.59,71571016,,,26.4614,2.2193,2.7348,-23.4694,6236229076.26,,,,,,,
2020-11-30,9559360,6.672,6.7118,6.5525,6.5724,-0.0697,-1.05,1.4,63722116,,,26.1837,2.196,2.7061,-23.2231,6170781394.8,,,,,,,
2020-12-01,11248300,6.4828,6.6421,6.423,6.5525,-0.0199,-0.3,1.63,73837303,,,26.1044,2.1894,2.6979,-23.1527,6152082057.24,,,,,,,
2020-12-02,7828409,6.5126,6.6122,6.4529,6.5226,-0.0299,-0.46,1.13,51238780,,,25.9853,2.1794,2.6856,-23.0471,6124033050.9,,,,,,,
2020-12-03,10762249,6.5326,6.7118,6.4927,6.6023,0.0797,1.22,1.56,71336502,,,26.3027,2.206,2.7184,-23.3286,6198830401.14,,,,,,,
2020-12-04,6817660,6.5923,6.5923,6.5027,6.5326,-0.0697,-1.06,0.98,44798606,,,26.025,2.1827,2.6897,-23.0823,6133382719.68,,,,,,,
2020-12-07,8576298,6.5525,6.5525,6.423,6.423,-0.1096,-1.68,1.24,55768915,,,25.5886,2.1461,2.6446,-22.6953,6030536363.1,,,,,,,
2020-12-08,4729420,6.433,6.4828,6.4031,6.4131,-0.0099,-0.15,0.69,30572717,,,25.5489,2.1428,2.6405,-22.6601,6021186694.32,,,,,,,
2020-12-09,7470080,6.4629,6.4629,6.2836,6.2836,-0.1295,-2.02,1.09,47597182,,,25.0332,2.0995,2.5872,-22.2027,5899641000.18,,,,,,,
2020-12-10,6967340,6.2737,6.423,6.2239,6.3533,0.0697,1.11,1,44410664,,,25.3109,2.1228,2.6159,-22.449,5965088681.64,,,,,,,
2020-12-11,14696679,6.3135,6.5027,6.0944,6.5027,0.1494,2.35,1.96,92849066,8700,56811,25.906,2.1727,2.6774,-22.9768,6105333713.34,,,,,,,
2020-12-14,42855601,6.6222,7.14,6.6122,6.8512,0.3485,5.36,6.24,296899512,,,27.2945,2.2892,2.8209,-24.2083,6432572120.64,,86230,0,86100,,,
2020-12-15,24763609,6.5724,6.8114,6.5027,6.7118,-0.1394,-2.03,3.59,166116504,,,26.7391,2.2426,2.7635,-23.7157,6301676757.72,,609766,0.06,523536,,,
2020-12-16,14342680,6.662,6.7516,6.5923,6.6919,-0.0199,-0.3,2.07,96084297,1100,7392,26.6598,2.236,2.7553,-23.6453,6282977420.16,,1170446,0.12,560680,,,
2020-12-17,18310020,6.6321,6.8711,6.6222,6.7019,0.01,0.15,2.66,123765781,2900,19517,26.6994,2.2393,2.7594,-23.6805,6292327088.94,,1085646,0.11,-84800,,,
2020-12-18,18059188,6.6321,6.672,6.3931,6.4031,-0.2988,-4.46,2.61,118145283,500,3215,25.5093,2.1395,2.6364,-22.6249,6011837025.54,,954458,0.1,-131188,,,
2020-12-21,10846058,6.3931,6.5326,6.2737,6.433,0.0299,0.47,1.58,69554695,,,25.6283,2.1495,2.6487,-22.7305,6039886031.88,,1026558,0.1,72100,,,
2020-12-22,12717573,6.3434,6.5923,6.3234,6.3832,-0.0498,-0.77,1.84,82709539,,,25.4299,2.1328,2.6282,-22.5545,5993137687.98,,1234758,0.13,208200,,,
2020-12-23,12220174,6.4031,6.4529,6.2637,6.2936,-0.0896,-1.4,1.75,77767204,,,25.0729,2.1029,2.5913,-22.2378,5908990668.96,,1074378,0.11,-160380,,,
2020-12-24,8250020,6.2936,6.3135,6.1442,6.2139,-0.0797,-1.27,1.2,51406668,,,24.7555,2.0763,2.5585,-21.9564,5834193318.72,,,,,,,
2020-12-25,5349260,6.1741,6.2537,6.1542,6.194,-0.0199,-0.32,0.75,33313451,,,24.6762,2.0696,2.5503,-21.886,5815493981.16,,,,,,,
2020-12-28,9221998,6.1641,6.2438,6.0147,6.2139,0.0199,0.32,1.33,56821435,,,24.7555,2.0763,2.5585,-21.9564,5834193318.72,,504978,0.05,-569400,,,
2020-12-29,6668205,6.2239,6.3633,6.1143,6.1342,-0.0797,-1.28,0.97,41553062,,,24.4381,2.0496,2.5257,-21.6749,5759395968.48,,304578,0.03,-200400,,,
2020-12-30,7515171,6.1741,6.184,6.0446,6.1342,0,0,1.1,46174712,,,24.4381,2.0496,2.5257,-21.6749,5759395968.48,,624978,0.06,320400,,,
2020-12-31,6929474,6.1342,6.2438,6.1044,6.1542,0.02,0.33,1.01,42902140,,,22.8526,2.0291,2.4444,-31.4743,5778095306.04,,564678,0.06,-60300,,,
2021-01-04,16593568,6.1542,6.433,6.0347,6.3832,0.229,3.72,2.41,104563784,,,23.7031,2.1046,2.5354,-32.6457,5993137687.98,,1505678,0.16,941000,,,
2021-01-05,13166260,6.3533,6.5326,6.3035,6.3533,-0.0299,-0.47,1.91,84802411,,,23.5921,2.0948,2.5235,-32.4929,5965088681.64,,,,,,,
2021-01-06,10424500,6.2737,6.3434,6.1342,6.184,-0.1693,-2.66,1.51,65115967,,,22.9635,2.039,2.4563,-31.6271,5806144312.38,,626818,0.06,-878860,,,
2021-01-07,14087579,6.1243,6.1442,5.8554,5.8753,-0.3087,-4.99,2.05,84700449,,,21.8172,1.9372,2.3337,-30.0483,5516304580.2,,397018,0.04,-229800,,,
2021-01-08,7224280,5.8853,5.9351,5.6961,5.8952,0.0199,0.34,1.04,42293206,,,21.8911,1.9438,2.3416,-30.1502,5535003917.76,,722578,0.07,325560,,,
2021-01-11,7828199,5.8753,5.9152,5.6164,5.6463,-0.2489,-4.22,1.13,45041728,,,20.9667,1.8617,2.2427,-28.8769,5301262198.26,,471263,0.05,-251315,,,
2021-01-12,7452247,5.5965,5.706,5.5069,5.5965,-0.0498,-0.88,1.09,41824520,,,20.7818,1.8453,2.2229,-28.6223,5254513854.36,,196823,0.02,-274440,,,
2021-01-13,8132986,5.5766,5.5766,5.3575,5.4272,-0.1693,-3.03,1.18,44455249,,,20.1532,1.7894,2.1557,-27.7565,5095569485.1,,614223,0.06,417400,,,
2021-01-14,5898789,5.4272,5.5965,5.4272,5.5168,0.0896,1.65,0.86,32689605,,,20.486,1.819,2.1913,-28.2149,5179716504.12,,246463,0.02,-367760,,,
2021-01-15,7230960,5.5766,5.7359,5.477,5.726,0.2092,3.79,1.05,41089936,,,21.2625,1.8879,2.2743,-29.2844,5376059548.5,,634563,0.06,388100,,,
2021-01-18,5530060,5.7558,5.8853,5.726,5.7658,0.0398,0.7,0.8,32237946,,,21.4104,1.9011,2.2902,-29.4881,5413458223.62,,512963,0.05,-121600,,,
2021-01-19,4571740,5.7658,5.8156,5.6762,5.7459,-0.0199,-0.35,0.66,26426164,,,21.3365,1.8945,2.2823,-29.3862,5394758886.06,,687503,0.07,174540,,,
2021-01-20,7626899,5.7658,5.9052,5.6861,5.8454,0.0995,1.73,1.11,44425447,,,21.7062,1.9273,2.3218,-29.8955,5488255573.86,,285403,0.03,-402100,,,
2021-01-21,9023652,5.7757,5.9251,5.7359,5.8952,0.0498,0.85,1.32,52851714,,,21.8911,1.9438,2.3416,-30.1502,5535003917.76,,239363,0.02,-46040,,,
2021-01-22,22959032,5.9152,6.3533,5.8853,6.0546,0.1594,2.7,3.35,141323221,,,22.4828,1.9963,2.4049,-30.965,5684598618.24,,469663,0.05,230300,,,
2021-01-25,13390280,5.9649,6.0347,5.7658,5.8156,-0.239,-3.95,1.95,79350437,,,21.5953,1.9175,2.3099,-29.7427,5460206567.52,,893737,0.09,424074,,,
2021-01-26,7511369,5.7957,5.8454,5.6264,5.6662,-0.1494,-2.57,1.09,43105560,,,21.0406,1.8682,2.2506,-28.9788,5319961535.82,,972178,0.1,78441,,,
2021-01-27,5950980,5.6363,5.706,5.5467,5.5666,-0.0996,-1.76,0.86,33542072,,,20.6708,1.8354,2.2111,-28.4695,5226464848.02,,966618,0.1,-5560,,,
2021-01-28,4918312,5.5069,5.6164,5.477,5.487,-0.0796,-1.43,0.71,27338231,,,20.375,1.8091,2.1794,-28.0621,5151667497.78,,641998,0.06,-324620,,,
2021-01-29,5797457,5.5069,5.5666,5.3874,5.487,0,0,0.84,31722847,,,20.375,1.8091,2.1794,-28.0621,5151667497.78,,496348,0.05,-145650,,,
2021-02-01,10532352,5.467,5.8753,5.3973,5.8056,0.3186,5.81,1.53,60219269,,,21.5583,1.9142,2.306,-29.6918,5450856898.74,,382029,0.04,-114319,,,
2021-02-02,6479204,5.7459,5.8554,5.6961,5.706,-0.0996,-1.72,0.94,37479611,,,21.1885,1.8814,2.2664,-29.1825,5357360210.94,,585429,0.06,203400,,,
2021-02-03,5893780,5.706,5.7957,5.6164,5.6164,-0.0896,-1.57,0.85,33653009,,,20.8557,1.8518,2.2308,-28.7242,5273213191.92,,534829,0.05,-50600,,,
2021-02-04,12669189,5.5865,6.0546,5.5367,5.726,0.1096,1.95,1.84,73900807,,,21.2625,1.8879,2.2743,-29.2844,5376059548.5,,639129,0.06,104300,,,
2021-02-05,12955240,5.6861,5.9649,5.6562,5.9152,0.1892,3.3,1.86,75977978,,,21.9651,1.9503,2.3495,-30.252,5553703255.32,,204109,0.02,-435020,,,
2021-02-08,8630800,5.8554,5.955,5.5666,5.726,-0.1892,-3.2,1.26,49918811,,,21.2625,1.8879,2.2743,-29.2844,5376059548.5,,247309,0.02,43200,,,
2021-02-09,12132996,5.6662,6.0247,5.6264,5.9351,0.2091,3.65,1.75,71627957,,,22.039,1.9569,2.3574,-30.3539,5572402592.88,,810849,0.08,563540,,,
2021-02-10,14611160,5.9351,6.1542,5.8554,5.9251,-0.01,-0.17,2.12,88021535,200,1190,22.0021,1.9536,2.3535,-30.303,5563052924.1,,408609,0.04,-402240,,,
2021-02-18,13255527,6.0048,6.1741,5.9251,6.0347,0.1096,1.85,1.94,80470003,400,2424,22.4088,1.9897,2.397,-30.8632,5665899280.68,,971809,0.1,563200,,,
2021-02-19,10941140,5.9948,6.1143,5.955,6.1044,0.0697,1.15,1.58,66283729,200,1226,22.6677,2.0127,2.4246,-31.2197,5731346962.14,,1035549,0.11,63740,,,
2021-02-22,14972007,6.0645,6.2637,6.0546,6.0745,-0.0299,-0.49,2.18,92541547,,,22.5567,2.0029,2.4128,-31.0669,5703297955.8,,1008349,0.1,-27200,,,
2021-02-23,13387767,6.0745,6.2239,5.9649,6.2139,0.1394,2.29,1.87,81624228,300,1872,23.0744,2.0488,2.4682,-31.7799,5834193318.72,,739282,0.07,-269067,,,
2021-02-24,30084191,6.2139,6.7317,6.1243,6.3633,0.1494,2.4,4.35,193832871,,,23.6291,2.0981,2.5275,-32.5439,5974438350.42,,910407,0.09,171125,,,
2021-02-25,16818531,6.4031,6.5724,6.2438,6.2438,-0.1195,-1.88,2.44,107843497,,,23.1854,2.0587,2.48,-31.9327,5862242325.06,,392974,0.04,-517433,,,
2021-02-26,14096958,6.1342,6.2239,6.0048,6.0247,-0.2191,-3.51,2.03,86505752,,,22.3718,1.9864,2.393,-30.8123,5656549611.9,,778474,0.08,385500,,,
2021-03-01,10369705,6.0546,6.2338,6.0247,6.2139,0.1892,3.14,1.5,64135744,,,23.0744,2.0488,2.4682,-31.7799,5834193318.72,,1071334,0.11,292860,,,
2021-03-02,10332240,6.2239,6.2239,5.9849,6.0347,-0.1792,-2.88,1.51,63044832,,,22.4088,1.9897,2.397,-30.8632,5665899280.68,,600534,0.06,-470800,,,
2021-03-03,8138458,6.0546,6.1342,5.9948,6.1143,0.0796,1.32,1.18,49547297,,,22.7047,2.016,2.4286,-31.2706,5740696630.92,,443534,0.04,-157000,,,
2021-03-04,8877190,6.0745,6.2139,6.0446,6.0645,-0.0498,-0.81,1.29,54531423,,,22.5198,1.9996,2.4088,-31.016,5693948287.02,,420534,0.04,-23000,,,
2021-03-05,13768036,6.0745,6.3135,6.0645,6.2737,0.2092,3.45,1.98,85731365,2300,14490,23.2963,2.0685,2.4919,-32.0855,5890291331.4,,771834,0.08,351300,,,
2021-03-08,8979338,6.2438,6.3434,6.184,6.194,-0.0797,-1.27,1.31,56341342,,,23.0005,2.0423,2.4602,-31.6781,5815493981.16,,389554,0.04,-382280,,,
2021-03-09,7920605,6.194,6.2139,5.9749,5.9948,-0.1992,-3.22,1.15,48299402,400,2408,22.2609,1.9766,2.3811,-30.6595,5628500605.56,,548339,0.05,158785,,,
2021-03-10,4533230,6.0745,6.0745,5.9649,5.9849,-0.0099,-0.17,0.64,27361296,,,22.2239,1.9733,2.3772,-30.6085,5619150936.78,,387914,0.04,-160425,,,
2021-03-11,7361690,6.0247,6.1342,5.8355,6.1143,0.1294,2.16,1.06,44427757,,,22.7047,2.016,2.4286,-31.2706,5740696630.92,,488414,0.05,100500,,,
2021-03-12,11622950,6.0745,6.2537,5.9749,6.2338,0.1195,1.95,1.68,71757359,,,23.1484,2.0554,2.4761,-31.8818,5852892656.28,,559514,0.05,71100,,,
2021-03-15,8930778,6.2239,6.2737,6.1442,6.184,-0.0498,-0.8,1.29,55638105,,,22.9635,2.039,2.4563,-31.6271,5806144312.38,,457014,0.04,-102500,,,
2021-03-16,6540342,6.184,6.2637,6.1542,6.2537,0.0697,1.13,0.96,40888985,,,23.2223,2.062,2.484,-31.9836,5871591993.84,,590094,0.06,133080,,,
2021-03-17,6126200,6.2737,6.2737,6.1342,6.1542,-0.0995,-1.59,0.89,38042932,,,22.8526,2.0291,2.4444,-31.4743,5778095306.04,,404794,0.04,-185300,,,
2021-03-18,19701296,6.1442,6.5624,6.1243,6.3334,0.1792,2.91,2.89,126323375,,,23.5182,2.0882,2.5156,-32.3911,5946389344.08,,859194,0.09,454400,,,
2021-03-19,16171714,6.2637,6.4927,6.2239,6.3832,0.0498,0.79,2.35,103397040,300,1923,23.7031,2.1046,2.5354,-32.6457,5993137687.98,,1026371,0.1,167177,,,
2021-03-22,27473207,6.4031,6.7915,6.4031,6.7716,0.3884,6.08,3.99,183164982,1300,8840,25.1452,2.2327,2.6897,-34.632,6357774770.4,,1789062,0.19,762691,,,
2021-03-23,18182206,6.7218,6.8114,6.4728,6.5226,-0.249,-3.68,2.64,120369372,700,4585,24.2208,2.1506,2.5908,-33.3587,6124033050.9,,1333576,0.14,-455486,,,
2021-03-24,11344226,6.4629,6.5525,6.3334,6.433,-0.0896,-1.37,1.66,72996009,,,23.888,2.1211,2.5552,-32.9004,6039886031.88,,1204567,0.12,-129009,,,
2021-03-25,9229667,6.3633,6.3732,6.2438,6.2737,-0.1593,-2.48,1.35,58455710,,,23.2963,2.0685,2.4919,-32.0855,5890291331.4,,893867,0.09,-310700,,,
2021-03-26,9839129,6.2737,6.3434,6.2338,6.2836,0.0099,0.16,1.43,62082808,,,23.3333,2.0718,2.4958,-32.1364,5899641000.18,,985067,0.1,91200,,,
2021-03-29,13925630,6.2537,6.5027,6.194,6.423,0.1394,2.22,2.02,88925053,,,23.851,2.1178,2.5512,-32.8494,6030536363.1,,1353956,0.14,368889,,,
2021-03-30,13304401,6.423,6.6023,6.3035,6.3832,-0.0398,-0.62,1.94,86130151,,,23.7031,2.1046,2.5354,-32.6457,5993137687.98,,943745,0.1,-410211,,,
2021-03-31,10441977,6.3434,6.5126,6.2836,6.3234,-0.0598,-0.94,1.52,66701049,,,21.7772,2.036,2.2187,29.9879,5937039675.3,,596936,0.06,-346809,,,
2021-04-01,20681722,6.3234,6.6421,6.2737,6.5126,0.1892,2.99,3,134926708,1300,8502,22.4288,2.0969,2.2851,30.8852,6114683382.12,,,,,,,
2021-04-02,13457700,6.5126,6.6122,6.4529,6.4629,-0.0497,-0.76,1.97,88105380,,,22.2574,2.0809,2.2676,30.6491,6067935038.22,,,,,,,
2021-04-06,10114800,6.4429,6.6023,6.3732,6.5425,0.0796,1.23,1.46,66091190,,,22.5317,2.1065,2.2956,31.0269,6142732388.46,,,,,,,
2021-04-07,11482873,6.5425,6.6521,6.4728,6.5923,0.0498,0.76,1.67,75740638,100,662,22.7032,2.1226,2.313,31.263,6189480732.36,,751870,0.08,154934,,,
2021-04-08,18641240,6.5824,6.7915,6.4927,6.7019,0.1096,1.66,2.66,124530285,,,23.0804,2.1578,2.3515,31.7825,6292327088.94,,563970,0.06,-187900,,,
2021-04-09,31822438,6.7118,7.0106,6.6222,6.9209,0.219,3.27,4.59,218401647,8300,57685,23.8349,2.2284,2.4283,32.8214,6498019802.1,,889871,0.09,325901,,,
2021-04-12,24847417,6.8214,6.9508,6.5226,6.5425,-0.3784,-5.47,3.61,166913929,,,22.5317,2.1065,2.2956,31.0269,6142732388.46,,763962,0.08,-125909,,,
2021-04-13,28898981,6.5326,7.0504,6.4529,6.8014,0.2589,3.96,4.2,197085930,,,23.4234,2.1899,2.3864,32.2547,6385823776.74,,819537,0.08,55575,,,
2021-04-14,37064920,6.7317,7.1599,6.6321,7.0703,0.2689,3.95,5.37,260228641,1000,7100,24.3494,2.2765,2.4807,33.5298,6638264833.8,,1705046,0.18,885509,,,
2021-04-15,34621635,6.9807,7.2396,6.8413,7.15,0.0797,1.13,5,244740286,500,3590,24.6237,2.3021,2.5087,33.9076,6713062184.04,,696837,0.07,-1008209,,,
2021-04-16,23866397,7.0703,7.2197,6.911,6.9309,-0.2191,-3.06,3.42,168636410,1500,10440,23.8692,2.2316,2.4318,32.8687,6507369470.88,,951057,0.1,254220,,,
2021-04-19,20381049,6.8911,6.9906,6.7915,6.8413,-0.0896,-1.29,2.96,140639355,,,23.5606,2.2027,2.4004,32.4436,6423222451.86,,810857,0.08,-140200,,,
2021-04-20,26977593,6.8114,7.1301,6.7616,6.9408,0.0995,1.45,3.92,187916150,100,697,23.9035,2.2348,2.4353,32.9159,6516719139.66,,1529591,0.16,718734,,,
2021-04-21,40013361,6.8711,7.3193,6.8313,7.2097,0.2689,3.87,5.84,287996691,,,24.8295,2.3214,2.5297,34.191,6769160196.72,,1979899,0.21,450308,,,
2021-04-22,28596915,7.1998,7.3093,7.0803,7.2197,0.01,0.14,4.11,206488370,,,24.8638,2.3246,2.5332,34.2382,6778509865.5,,1019599,0.1,-960300,,,
2021-04-23,25873616,7.2496,7.2496,6.8612,6.911,-0.3087,-4.28,3.73,182222086,,,23.8006,2.2252,2.4248,32.7742,6488670133.32,,690699,0.07,-328900,,,
2021-04-26,28090220,7.0902,7.2894,6.911,7.0205,0.1095,1.58,4.09,201168592,,,24.1779,2.2604,2.4633,33.2937,6591516489.9,,1378324,0.14,687625,,,
2021-04-27,49892785,6.911,7.4985,6.8114,7.4388,0.4183,5.96,7.22,362295633,2000,14940,25.6183,2.3951,2.61,35.2771,6984202578.66,,1826325,0.19,448001,,,
2021-04-28,33233166,7.3392,7.4587,7.2296,7.379,-0.0598,-0.8,4.84,244829420,,,25.4125,2.3759,2.5891,34.9938,6928104565.98,,674425,0.07,-1151900,,,
2021-04-29,38756358,7.4587,7.7275,7.2197,7.2396,-0.1394,-1.89,5.64,290994134,,,24.9324,2.331,2.5401,34.3326,6797209203.06,,878819,0.09,204394,,,
2021-04-30,41522836,7.1798,7.6977,7.14,7.608,0.3684,5.09,6.01,313645845,,,26.2013,2.4496,2.6694,36.08,7143146947.92,,1695819,0.18,817000,,,
2021-05-06,45828084,7.6578,7.9865,7.4985,7.5583,-0.0497,-0.65,6.65,355202336,,,26.0298,2.4336,2.6519,35.8438,7096398604.02,,1507383,0.16,-188436,,,
2021-05-07,32168551,7.5682,7.6877,7.2197,7.2894,-0.2689,-3.56,4.66,238064793,,,25.1038,2.347,2.5576,34.5688,6843957546.96,,1379983,0.14,-127400,,,
2021-05-10,24857486,7.2496,7.4885,7.1699,7.4487,0.1593,2.19,3.57,183791031,4900,36652,25.6526,2.3983,2.6135,35.3244,6993552247.44,,1402883,0.15,22900,,,
2021-05-11,29941174,7.3591,7.4487,7.0106,7.2695,-0.1792,-2.41,4.37,217480736,4000,29200,25.0353,2.3406,2.5506,34.4743,6825258209.4,,939563,0.1,-463320,,,
2021-05-12,42883680,7.1898,7.867,7.1599,7.8172,0.5477,7.53,6.21,327622498,3600,28260,26.9215,2.5169,2.7428,37.0717,7339489992.3,,1800283,0.19,860720,,,
2021-05-13,52808930,7.6977,8.1657,7.608,8.0362,0.219,2.8,7.67,419981561,10600,85542,27.676,2.5875,2.8197,38.1107,7545182705.46,,1305863,0.13,-494420,,,
2021-05-14,32573869,7.9665,8.0462,7.7674,7.8172,-0.219,-2.73,4.73,258318534,300,2355,26.9215,2.5169,2.7428,37.0717,7339489992.3,,1388732,0.14,82869,,,
2021-05-17,34806320,7.8072,8.2155,7.8072,7.867,0.0498,0.64,5.08,279782547,14600,115340,27.0929,2.533,2.7603,37.3078,7386238336.2,,1145932,0.12,-242800,,,
2021-05-18,36912600,7.8172,8.1657,7.7275,8.1657,0.2987,3.8,5.28,295670748,2000,16400,28.1218,2.6292,2.8651,38.7246,7666728399.6,,,,,,,
2021-05-19,31431080,8.096,8.2852,8.0064,8.1657,0,0,4.58,256956353,500,4100,28.1218,2.6292,2.8651,38.7246,7666728399.6,,,,,,,
2021-05-20,29079339,8.0263,8.1657,7.7674,7.8072,-0.3585,-4.39,4.21,231674584,,,26.8872,2.5137,2.7393,37.0245,7330140323.52,,1527212,0.16,381280,,,
2021-05-21,22167660,7.8172,7.9367,7.6379,7.7674,-0.0398,-0.51,3.2,173137424,1000,7800,26.75,2.5009,2.7253,36.8356,7292741648.4,,1568952,0.16,41740,,,
2021-05-24,18632420,7.7375,7.9865,7.6578,7.9267,0.1593,2.05,2.69,146881925,1000,7960,27.2987,2.5522,2.7812,37.5912,7442336348.88,,1009432,0.1,-559520,,,
2021-05-25,24735405,7.9068,8.0562,7.7176,7.8271,-0.0996,-1.26,3.6,195911021,1000,7860,26.9558,2.5202,2.7463,37.1189,7348839661.08,,1015812,0.1,6380,,,
2021-05-26,22231807,7.8271,7.8968,7.6379,7.6379,-0.1892,-2.42,3.16,172808991,500,3835,26.3042,2.4592,2.6799,36.2216,7171195954.26,,1557539,0.16,541727,,,
2021-05-27,26148114,7.6379,7.7275,7.4686,7.5483,-0.0896,-1.17,3.8,198755344,3300,25014,25.9955,2.4304,2.6485,35.7966,7087048935.24,,1754425,0.18,196886,,,
2021-05-28,28676135,7.5583,7.6578,7.2197,7.2496,-0.2987,-3.96,4.16,213802355,,,24.9667,2.3342,2.5436,34.3799,6806558871.84,,1992500,0.21,238075,,,
2021-05-31,21139925,7.2695,7.4188,7.1699,7.3989,0.1493,2.06,3.08,155094353,,,25.4811,2.3823,2.596,35.0882,6946803903.54,,2337056,0.24,344556,,,
2021-06-01,25293660,7.389,7.4786,7.1301,7.1599,-0.239,-3.23,3.66,183939489,,,24.658,2.3053,2.5122,33.9548,6722411852.82,,1713760,0.18,-623296,,,
2021-06-02,21223892,7.1599,7.2296,6.9508,6.9807,-0.1792,-2.5,3.09,150590932,,,24.0407,2.2476,2.4493,33.1048,6554117814.78,,2163771,0.23,450011,,,
2021-06-03,14347930,7.0504,7.0603,6.8413,7.0106,0.0299,0.43,2.05,100473363,,,24.1436,2.2572,2.4598,33.2465,6582166821.12,,1983361,0.21,-180410,,,
2021-06-04,13227390,6.9807,7.0902,6.9209,6.9807,-0.0299,-0.43,1.92,93013069,,,24.0407,2.2476,2.4493,33.1048,6554117814.78,,1223955,0.13,-759406,,,
2021-06-07,13911815,6.9209,6.9209,6.7716,6.8214,-0.1593,-2.28,2.03,95653351,,,23.492,2.1963,2.3934,32.3492,6404523114.3,,1682565,0.17,458610,,,
2021-06-08,11939440,6.8313,6.8711,6.7019,6.7516,-0.0698,-1.02,1.72,81119076,,,23.2519,2.1739,2.3689,32.0186,6339075432.84,,,,,,,
2021-06-09,14037778,6.7516,6.9209,6.7218,6.8911,0.1395,2.07,2.01,96506109,,,23.732,2.2188,2.4178,32.6798,6469970795.76,,1051240,0.11,-631325,,,
2021-06-10,16942724,6.9707,7.0106,6.7317,6.7417,-0.1494,-2.17,2.46,116259249,,,23.2176,2.1707,2.3654,31.9714,6329725764.06,,1021140,0.1,-30100,,,
2021-06-11,13679500,6.7019,6.7317,6.5724,6.6222,-0.1195,-1.77,2,91236287,,,22.8061,2.1322,2.3235,31.4047,6217529738.7,,1280540,0.13,259400,,,
2021-06-15,9673210,6.6023,6.6421,6.4629,6.4828,-0.1394,-2.11,1.41,63358981,,,22.326,2.0873,2.2746,30.7435,6086634375.78,,,,,,,
2021-06-16,10749980,6.4828,6.4828,6.2637,6.3035,-0.1793,-2.77,1.55,68581747,,,21.7087,2.0296,2.2117,29.8935,5918340337.74,,,,,,,
2021-06-17,8781080,6.3035,6.4131,6.2936,6.3434,0.0399,0.63,1.28,55932259,,,21.8458,2.0424,2.2257,30.0824,5955739012.86,,,,,,,
2021-06-18,8423574,6.3135,6.4429,6.2537,6.433,0.0896,1.41,1.22,53826951,,,22.1545,2.0713,2.2571,30.5074,6039886031.88,,,,,,,
2021-06-21,12922440,6.433,6.6122,6.423,6.5126,0.0796,1.24,1.88,84818799,,,22.4288,2.0969,2.2851,30.8852,6114683382.12,,,,,,,
2021-06-22,9399900,6.4927,6.6521,6.4828,6.5824,0.0698,1.07,1.37,61960285,,,22.6689,2.1194,2.3095,31.2158,6180131063.58,,,,,,,
2021-06-23,10202815,6.5923,6.5923,6.433,6.5027,-0.0797,-1.21,1.48,66425988,,,22.3945,2.0937,2.2816,30.838,6105333713.34,,,,,,,
2021-06-24,11628600,6.4927,6.4927,6.2936,6.3234,-0.1793,-2.76,1.68,74332516,,,21.7772,2.036,2.2187,29.9879,5937039675.3,,,,,,,
2021-06-25,8749100,6.3334,6.4529,6.3035,6.433,0.1096,1.73,1.27,56294454,800,5168,22.1545,2.0713,2.2571,30.5074,6039886031.88,,,,,,,
2021-06-28,9399940,6.433,6.5226,6.3633,6.5226,0.0896,1.39,1.36,60852059,,,22.4631,2.1001,2.2886,30.9324,6124033050.9,,,,,,,
2021-06-29,8772050,6.5226,6.5724,6.4429,6.4529,-0.0697,-1.07,1.28,57228106,,,22.2231,2.0777,2.2641,30.6019,6058585369.44,,,,,,,
2021-06-30,10386300,6.4728,6.6222,6.4131,6.5724,0.1195,1.85,1.51,68056267,,,22.1058,2.0573,2.2266,17.5462,6170781394.8,,667391,0.07,0,,,
2021-07-01,28346720,6.5624,6.8711,6.4828,6.7716,0.1992,3.03,4.09,192806786,,,22.7756,2.1196,2.2941,18.0779,6357774770.4,,,,,,,
2021-07-02,15738490,6.7218,6.8214,6.5824,6.6222,-0.1494,-2.21,2.28,105209093,,,22.2732,2.0729,2.2435,17.6791,6217529738.7,,,,,,,
2021-07-05,11169500,6.5724,6.5824,6.4429,6.5126,-0.1096,-1.66,1.59,72806879,,,21.9048,2.0386,2.2064,17.3867,6114683382.12,,,,,,,
2021-07-06,11862185,6.4629,6.4927,6.3035,6.3931,-0.1195,-1.83,1.73,76057668,,,21.5029,2.0012,2.1659,17.0677,6002487356.76,,,,,,,
2021-07-07,8189880,6.3832,6.4927,6.3434,6.4429,0.0498,0.78,1.17,52844610,,,21.6703,2.0168,2.1828,17.2006,6049235700.66,,,,,,,
2021-07-08,8559880,6.4429,6.4429,6.3234,6.3234,-0.1195,-1.85,1.24,54621699,,,21.2684,1.9794,2.1423,16.8816,5937039675.3,,,,,,,
2021-07-09,7270054,6.3135,6.3533,6.2139,6.3035,-0.0199,-0.31,1.05,45797961,,,21.2014,1.9731,2.1356,16.8284,5918340337.74,,,,,,,
2021-07-12,9144971,6.3234,6.423,6.2936,6.3732,0.0697,1.11,1.32,58447225,,,21.4359,1.9949,2.1592,17.0145,5983788019.2,,,,,,,
2021-07-13,9034191,6.3434,6.4429,6.3035,6.433,0.0598,0.94,1.31,57702922,2000,12920,21.6368,2.0137,2.1794,17.174,6039886031.88,,,,,,,
2021-07-14,19139240,6.433,6.662,6.3732,6.5923,0.1593,2.48,2.77,125652160,,,22.1727,2.0635,2.2334,17.5994,6189480732.36,,,,,,,
2021-07-15,11497394,6.5425,6.5425,6.3533,6.4828,-0.1095,-1.66,1.68,74402982,,,21.8043,2.0292,2.1963,17.307,6086634375.78,,,,,,,
2021-07-16,9729013,6.4728,6.4927,6.3633,6.3633,-0.1195,-1.84,1.42,62661527,,,21.4024,1.9918,2.1558,16.9879,5974438350.42,,,,,,,
2021-07-19,8530700,6.3334,6.4927,6.2936,6.4429,0.0796,1.25,1.24,54836803,,,21.6703,2.0168,2.1828,17.2006,6049235700.66,,,,,,,
2021-07-20,17451590,6.3931,6.6819,6.3633,6.6321,0.1892,2.94,2.53,115463230,,,22.3067,2.076,2.2469,17.7057,6226879407.48,,,,,,,
2021-07-21,11051943,6.6421,6.6819,6.5425,6.5624,-0.0697,-1.05,1.61,73081885,,,22.0723,2.0542,2.2233,17.5196,6161431726.02,,,,,,,
2021-07-22,9700984,6.5624,6.6023,6.4828,6.5824,0.02,0.3,1.4,63754083,,,22.1392,2.0604,2.23,17.5728,6180131063.58,,,,,,,
2021-07-23,10599840,6.5525,6.5624,6.3732,6.3931,-0.1893,-2.88,1.54,68465859,700,4494,21.5029,2.0012,2.1659,17.0677,6002487356.76,,,,,,,
2021-07-26,13022340,6.3633,6.3633,6.0446,6.1143,-0.2788,-4.36,1.9,81111425,,,20.565,1.9139,2.0715,16.3233,5740696630.92,,,,,,,
2021-07-27,9172110,6.1143,6.194,5.9649,5.9649,-0.1494,-2.44,1.32,55731383,,,20.0626,1.8671,2.0208,15.9245,5600451599.22,,,,,,,
2021-07-28,8160228,5.9152,6.0147,5.7459,5.9052,-0.0597,-1,1.19,48097018,,,19.8617,1.8484,2.0006,15.765,5544353586.54,,,,,,,
2021-07-29,9316040,5.955,6.2039,5.8952,6.1143,0.2091,3.54,1.28,56470899,,,20.565,1.9139,2.0715,16.3233,5740696630.92,,,,,,,
2021-07-30,35935054,6.0546,6.9408,6.0546,6.662,0.5477,8.96,5.22,236326107,,,22.4072,2.0853,2.257,17.7855,6254928413.82,,,,,,,
2021-08-02,32780967,6.5326,6.9309,6.433,6.8512,0.1892,2.84,4.76,222874629,,,23.0436,2.1446,2.3211,18.2906,6432572120.64,,,,,,,
2021-08-03,86648268,7.6778,8.2255,7.6778,8.2255,1.3743,20.06,12.7,704998930,1000,8260,27.6657,2.5747,2.7867,21.9594,7722826412.28,,,,,,,
2021-08-04,147490153,8.345,9.5399,7.7773,8.8628,0.6373,7.75,21.52,1244723492,2800,24920,29.8093,2.7742,3.0026,23.6608,8321205214.2,,,,,,,
2021-08-05,97921902,8.4346,9.1814,8.096,8.1458,-0.717,-8.09,14.23,835744874,4500,36810,27.3977,2.5498,2.7597,21.7467,7648029062.04,,,,,,,
2021-08-06,78346018,8.1757,8.3051,7.5383,7.5782,-0.5676,-6.97,11.29,609706039,1600,12176,25.4886,2.3721,2.5674,20.2313,7115097941.58,,,,,,,
2021-08-09,52141610,7.628,7.8072,7.379,7.5881,0.0099,0.13,7.48,398877903,3800,28956,25.5221,2.3752,2.5708,20.2579,7124447610.36,,,,,,,
2021-08-10,43680454,7.4885,7.7674,7.4487,7.6479,0.0598,0.79,6.29,333540594,,,25.7231,2.3939,2.591,20.4174,7180545623.04,,,,,,,
2021-08-11,34703080,7.5682,7.6578,7.4686,7.5483,-0.0996,-1.3,4.99,262696314,,,25.3881,2.3628,2.5573,20.1516,7087048935.24,,,,,,,
2021-08-12,26595300,7.4885,7.5583,7.4188,7.4786,-0.0697,-0.92,3.84,199863252,,,25.1537,2.3409,2.5336,19.9655,7021601253.78,,,,,,,
2021-08-13,37073140,7.5383,7.7176,7.2794,7.2894,-0.1892,-2.53,5.36,277446614,,,24.5173,2.2817,2.4695,19.4604,6843957546.96,,,,,,,
2021-08-16,50786272,7.2197,7.7176,7.1201,7.6778,0.3884,5.33,7.32,385693304,10000,77100,25.8235,2.4033,2.6011,20.4972,7208594629.38,,,,,,,
2021-08-17,33565539,7.5981,7.618,7.2296,7.2794,-0.3984,-5.19,4.89,249385180,2600,19006,24.4838,2.2786,2.4662,19.4338,6834607878.18,,,,,,,
2021-08-18,20285530,7.3093,7.3591,7.14,7.3292,0.0498,0.68,2.91,147737681,2900,21344,24.6513,2.2942,2.483,19.5667,6881356222.08,,,,,,,
2021-08-19,22852907,7.2794,7.4885,7.2396,7.369,0.0398,0.54,3.32,169765511,1600,11840,24.7852,2.3067,2.4965,19.673,6918754897.2,,,,,,,
2021-08-20,26980526,7.3989,7.3989,6.9608,7.0504,-0.3186,-4.32,3.92,191142589,1900,13452,23.7134,2.2069,2.3886,18.8223,6619565496.24,,,,,,,
2021-08-23,19375828,7.0703,7.1699,6.9707,7.14,0.0896,1.27,2.79,138043282,,,24.0149,2.235,2.4189,19.0616,6703712515.26,,,,,,,
2021-08-24,19375780,7.15,7.1898,6.9906,7.0603,-0.0797,-1.12,2.81,137662871,,,23.7469,2.21,2.392,18.8489,6628915165.02,,,,,,,
2021-08-25,21766760,7.0703,7.3193,6.9707,7.2197,0.1594,2.26,3.15,156804376,100,725,24.2828,2.2599,2.4459,19.2743,6778509865.5,,,,,,,
2021-08-26,18424050,7.1599,7.2396,7.0006,7.0106,-0.2091,-2.9,2.66,131273744,,,23.5795,2.1944,2.3751,18.716,6582166821.12,,,,,,,
2021-08-27,19640520,7.0205,7.0504,6.8313,6.911,-0.0996,-1.42,2.85,136403688,,,23.2445,2.1633,2.3413,18.4501,6488670133.32,,,,,,,
2021-08-30,17162300,6.9807,7.0703,6.8512,6.8711,-0.0399,-0.58,2.5,120034598,,,23.1106,2.1508,2.3279,18.3438,6451271458.2,,,,,,,
2021-08-31,17023558,6.8512,7.0603,6.7915,7.0006,0.1295,1.88,2.46,118623521,,,23.546,2.1913,2.3717,18.6894,6572817152.34,,,,,,,
2021-09-01,14085820,6.911,7.0205,6.8811,6.9608,-0.0398,-0.57,2.04,98231563,,,23.412,2.1789,2.3582,18.583,6535418477.22,,,,,,,
2021-09-02,25005418,6.9608,7.2993,6.9209,7.2197,0.2589,3.72,3.62,178541682,1000,7250,24.2828,2.2599,2.4459,19.2743,6778509865.5,,,,,,,
2021-09-03,18661795,7.1798,7.3292,7.15,7.1798,-0.0399,-0.55,2.71,135461787,,,24.1489,2.2474,2.4324,19.1679,6741111190.38,,,,,,,
2021-09-06,26461213,7.2197,7.4587,7.15,7.4587,0.2789,3.88,3.81,195709061,100,749,25.0867,2.3347,2.5269,19.9123,7002901916.22,,,,,,,
2021-09-07,19182845,7.4686,7.4686,7.3093,7.3591,-0.0996,-1.34,2.76,142035234,,,24.7517,2.3035,2.4932,19.6464,6909405228.42,,,,,,,
2021-09-08,16718202,7.3591,7.4587,7.3292,7.379,0.0199,0.27,2.42,123848135,,,24.8187,2.3098,2.4999,19.6996,6928104565.98,,,,,,,
2021-09-09,16194580,7.3292,7.4388,7.2197,7.2595,-0.1195,-1.62,2.35,118619887,,,24.4168,2.2724,2.4594,19.3806,6815908540.62,,,,,,,
2021-09-10,25778949,7.2396,7.5483,7.1798,7.4885,0.229,3.15,3.71,190488575,3700,27824,25.1872,2.3441,2.537,19.9921,7030950922.56,,,,,,,
2021-09-13,23303945,7.5085,7.6877,7.4288,7.4885,0,0,3.39,176446180,,,25.1872,2.3441,2.537,19.9921,7030950922.56,,,,,,,
2021-09-14,19694611,7.4587,7.5085,7.1998,7.2197,-0.2688,-3.59,2.86,145274138,,,24.2828,2.2599,2.4459,19.2743,6778509865.5,,,,,,,
2021-09-15,12057715,7.2496,7.3989,7.15,7.2993,0.0796,1.1,1.75,88066961,,,24.5508,2.2848,2.4729,19.4869,6853307215.74,,,,,,,
2021-09-16,23350956,7.2894,7.5284,7.2197,7.4686,0.1693,2.32,3.34,173690845,2000,15000,25.1202,2.3378,2.5303,19.9389,7012251585,,,,,,,
2021-09-17,33949161,7.4388,7.6678,7.1998,7.6578,0.1892,2.53,4.88,254601059,5500,42295,25.7566,2.3971,2.5944,20.444,7189895291.82,,,,,,,
2021-09-22,38351988,7.5184,8.0263,7.4786,7.9964,0.3386,4.42,5.54,299647829,1500,12045,26.8953,2.503,2.7091,21.3479,7507784030.34,,,,,,,
2021-09-23,27062303,7.9665,7.9665,7.7275,7.847,-0.1494,-1.87,3.93,212684250,,,26.3929,2.4563,2.6585,20.9491,7367538998.64,,,,,,,
2021-09-24,30450351,7.8172,8.0263,7.628,7.9466,0.0996,1.27,4.36,239950766,300,2394,26.7279,2.4875,2.6922,21.215,7461035686.44,,,,,,,
2021-09-27,33801415,7.9466,8.2155,7.5284,7.5583,-0.3883,-4.89,4.85,268256851,500,3795,25.4216,2.3659,2.5606,20.1782,7096398604.02,,,,,,,
2021-09-28,22660012,7.4985,7.5383,7.2794,7.2894,-0.2689,-3.56,3.24,168111288,1500,10980,24.5173,2.2817,2.4695,19.4604,6843957546.96,,,,,,,
2021-09-29,18021645,7.2595,7.3989,7.0205,7.0504,-0.239,-3.28,2.61,129892602,100,708,23.7134,2.2069,2.3886,18.8223,6619565496.24,,,,,,,
2021-09-30,10584315,7.0703,7.1699,7.0106,7.1101,0.0597,0.85,1.53,75412765,,,26.1476,2.1919,2.3142,86.7612,6675663508.92,,,,,,,
2021-10-08,17791820,7.14,7.4089,7.1002,7.389,0.2789,3.92,2.58,130691509,1200,8904,27.173,2.2778,2.405,90.1636,6937454234.76,,,,,,,
2021-10-11,12232868,7.389,7.5184,7.2396,7.2595,-0.1295,-1.75,1.77,90099646,,,26.697,2.2379,2.3628,88.5839,6815908540.62,,,,,,,
2021-10-12,77254726,7.2296,8.4644,7.1998,8.3549,1.0954,15.09,11.2,622344353,14900,125011,30.7253,2.5756,2.7194,101.9505,7844372106.42,,,,,,,
2021-10-13,61473608,8.0163,8.5939,8.0163,8.1458,-0.2091,-2.5,8.95,507563760,5200,42536,29.9563,2.5112,2.6513,99.3987,7648029062.04,,,,,,,
2021-10-14,46940675,8.1956,8.3549,7.9167,8.1557,0.0099,0.12,6.75,386073923,6400,52416,29.9929,2.5142,2.6546,99.5202,7657378730.82,,,,,,,
2021-10-15,37718134,8.086,8.1956,7.7375,8.0064,-0.1493,-1.83,5.48,301339303,1000,8040,29.4436,2.4682,2.6059,97.6975,7517133699.12,,,,,,,
2021-10-18,25546937,8.0163,8.1358,7.8769,7.9466,-0.0598,-0.75,3.69,204578393,1700,13566,29.2238,2.4498,2.5865,96.9684,7461035686.44,,,,,,,
2021-10-19,26416005,7.9865,8.1657,7.8869,8.0064,0.0598,0.75,3.84,213394755,,,29.4436,2.4682,2.6059,97.6975,7517133699.12,,,,,,,
2021-10-20,40581970,7.9665,8.2354,7.7475,8.1557,0.1493,1.86,5.85,326057052,,,29.9929,2.5142,2.6546,99.5202,7657378730.82,,,,,,,
2021-10-21,32112440,8.0163,8.106,7.7475,7.7973,-0.3584,-4.39,4.63,254239013,2900,22707,28.6745,2.4037,2.5379,95.1457,7320790654.74,,,,,,,
2021-10-22,17764910,7.7574,7.9267,7.6778,7.7873,-0.01,-0.13,2.55,139415479,,,28.6379,2.4006,2.5346,95.0242,7311440985.96,,,,,,,
2021-10-25,31327590,7.8172,8.2255,7.8072,8.1557,0.3684,4.73,4.52,254883013,5000,40950,29.9929,2.5142,2.6546,99.5202,7657378730.82,,,,,,,
2021-10-26,23142577,8.1159,8.2553,7.9765,8.106,-0.0497,-0.61,3.34,187932186,4200,34188,29.8098,2.4989,2.6384,98.9126,7610630386.92,,,,,,,
2021-10-27,33421997,8.0761,8.1159,7.3491,7.4188,-0.6872,-8.48,4.81,258367063,6300,46935,27.2829,2.2871,2.4147,90.5282,6965503241.1,,,,,,,
2021-10-28,29072640,7.2197,7.3292,6.8911,6.9309,-0.4879,-6.58,4.19,207091306,2400,16704,25.4885,2.1366,2.2559,84.574,6507369470.88,,,,,,,
2021-10-29,13543486,6.8811,7.0703,6.8811,6.9906,0.0597,0.86,1.97,95152693,2700,18954,25.7082,2.155,2.2753,85.303,6563467483.56,,,,,,,
2021-11-01,13345500,6.9707,7.0205,6.8911,6.9309,-0.0597,-0.85,1.94,93083927,2600,18096,25.4885,2.1366,2.2559,84.574,6507369470.88,,,,,,,
2021-11-02,24854645,6.9309,6.9408,6.4927,6.5425,-0.3884,-5.6,3.55,166957690,3300,21681,24.0602,2.0169,2.1295,79.8349,6142732388.46,,,,,,,
2021-11-03,9028205,6.5226,6.662,6.5226,6.6023,0.0598,0.91,1.31,59817493,,,24.28,2.0353,2.1489,80.564,6198830401.14,,,,,,,
2021-11-04,7515305,6.5923,6.6919,6.5624,6.6122,0.0099,0.15,1.08,49963291,,,24.3166,2.0384,2.1522,80.6855,6208180069.92,,,,,,,
2021-11-05,8693660,6.5824,6.662,6.5326,6.6321,0.0199,0.3,1.25,57765120,,,24.3898,2.0445,2.1587,80.9285,6226879407.48,,,,,,,
2021-11-08,9499900,6.6321,6.672,6.433,6.6321,0,0,1.35,62283347,,,24.3898,2.0445,2.1587,80.9285,6226879407.48,,,,,,,
2021-11-09,9916400,6.6321,6.7815,6.6222,6.7118,0.0797,1.2,1.44,66963753,,,24.6828,2.0691,2.1846,81.9006,6301676757.72,,,,,,,
2021-11-10,22241526,6.7417,7.14,6.7317,7.0603,0.3485,5.19,3.22,156505888,10000,70900,25.9645,2.1765,2.298,86.1536,6628915165.02,,,,,,,
2021-11-11,12958046,6.9707,7.0205,6.8811,6.9508,-0.1095,-1.55,1.88,90358347,,,25.5617,2.1428,2.2624,84.817,6526068808.44,,,,,,,
2021-11-12,10356300,6.9209,7.0305,6.8811,6.9707,0.0199,0.29,1.51,72294394,500,3500,25.6349,2.1489,2.2689,85.06,6544768146,,,,,,,
2021-11-15,13292980,6.9906,7.1101,6.9608,7.0603,0.0896,1.29,1.92,94052014,,,25.9645,2.1765,2.298,86.1536,6628915165.02,,,,,,,
2021-11-16,28518505,7.0902,7.618,7.0902,7.3392,0.2789,3.95,4.14,211700091,200,1474,26.9899,2.2625,2.3888,89.556,6890705890.86,,,,,,,
2021-11-17,16320885,7.2496,7.4188,7.2197,7.3093,-0.0299,-0.41,2.38,119498742,,,26.8801,2.2533,2.3791,89.1915,6862656884.52,,,,,,,
2021-11-18,15751724,7.2695,7.3093,7.0803,7.0902,-0.2191,-3,2.3,113672325,,,26.0744,2.1857,2.3077,86.5182,6656964171.36,,,,,,,
2021-11-19,10738560,7.0703,7.1898,7.0305,7.15,0.0598,0.84,1.56,76761547,100,718,26.2941,2.2042,2.3272,87.2473,6713062184.04,,,,,,,
2021-11-22,11179443,7.15,7.2197,7.0205,7.1599,0.0099,0.14,1.62,79812491,,,26.3308,2.2072,2.3304,87.3688,6722411852.82,,,,,,,
2021-11-23,10139380,7.15,7.2396,7.0902,7.1898,0.0299,0.42,1.46,72955258,,,26.4406,2.2164,2.3402,87.7333,6750460859.16,,,,,,,
2021-11-24,19307840,7.1699,7.4487,7.0902,7.389,0.1992,2.77,2.8,141675550,800,5936,27.173,2.2778,2.405,90.1636,6937454234.76,,,,,,,
2021-11-25,22522120,7.379,7.6578,7.3193,7.4686,0.0796,1.08,3.27,168997725,,,27.466,2.3024,2.4309,91.1357,7012251585,,,,,,,
2021-11-26,18871700,7.4587,7.608,7.369,7.5483,0.0797,1.07,2.73,141795887,,,27.759,2.327,2.4568,92.1078,7087048935.24,,,,,,,
2021-11-29,23597405,7.7176,7.8172,7.4885,7.5085,-0.0398,-0.53,3.39,180252925,,,27.6125,2.3147,2.4439,91.6218,7049650260.12,,,,,,,
2021-11-30,24798987,7.4885,7.7076,7.369,7.6379,0.1294,1.72,3.59,186880847,,,28.0886,2.3546,2.486,93.2015,7171195954.26,,,,,,,
2021-12-01,17701000,7.5682,7.7176,7.4487,7.608,-0.0299,-0.39,2.57,134753074,,,27.9787,2.3454,2.4763,92.8369,7143146947.92,,,,,,,
2021-12-02,29041775,7.6778,7.867,7.618,7.7674,0.1594,2.1,4.21,226297311,4000,31200,28.5647,2.3945,2.5282,94.7812,7292741648.4,,,,,,,
2021-12-03,18244127,7.6778,7.6977,7.5284,7.5583,-0.2091,-2.69,2.62,139008963,,,27.7956,2.33,2.4601,92.2294,7096398604.02,,,,,,,
2021-12-06,18058646,7.5682,7.7574,7.3591,7.3989,-0.1594,-2.11,2.63,136666443,,,27.2097,2.2809,2.4082,90.2851,6946803903.54,,,,,,,
2021-12-07,12049460,7.4388,7.4985,7.2794,7.3591,-0.0398,-0.54,1.75,89251345,,,27.0632,2.2686,2.3953,89.7991,6909405228.42,,,,,,,
2021-12-08,8298440,7.3989,7.4686,7.3292,7.4388,0.0797,1.08,1.19,61725274,,,27.3562,2.2932,2.4212,90.7712,6984202578.66,,,,,,,
2021-12-09,13865177,7.4288,7.6379,7.4288,7.4885,0.0497,0.67,2.01,104778933,1700,12784,27.5393,2.3085,2.4374,91.3788,7030950922.56,,,,,,,
2021-12-10,13607220,7.4487,7.5682,7.2993,7.3093,-0.1792,-2.39,1.95,101408116,500,3670,26.8801,2.2533,2.3791,89.1915,6862656884.52,,,,,,,
2021-12-13,9472990,7.2894,7.369,7.2396,7.2595,-0.0498,-0.68,1.38,69267969,100,729,26.697,2.2379,2.3628,88.5839,6815908540.62,,362760,0.03,-917780,,,
2021-12-14,10621159,7.2595,7.379,7.2296,7.2894,0.0299,0.41,1.55,77775730,,,26.8068,2.2471,2.3726,88.9485,6843957546.96,,466260,0.04,103500,,,
2021-12-15,10385980,7.3193,7.3193,7.1599,7.1798,-0.1096,-1.5,1.5,75397148,,,26.404,2.2134,2.3369,87.6118,6741111190.38,,615060,0.06,148800,,,
2021-12-16,8565619,7.1998,7.3193,7.1699,7.3093,0.1295,1.8,1.24,62341247,,,26.8801,2.2533,2.3791,89.1915,6862656884.52,,485360,0.05,-129700,,,
2021-12-17,8255560,7.3193,7.3193,7.1699,7.1898,-0.1195,-1.63,1.2,59785021,,,26.4406,2.2164,2.3402,87.7333,6750460859.16,,511460,0.05,26100,,,
2021-12-20,20765179,7.1898,7.5085,7.1599,7.4388,0.249,3.46,2.97,153860026,,,27.3562,2.2932,2.4212,90.7712,6984202578.66,,748840,0.08,237380,,,
2021-12-21,12034100,7.4587,7.4885,7.3392,7.4786,0.0398,0.54,1.72,89619961,,,27.5026,2.3055,2.4342,91.2572,7021601253.78,,770860,0.08,22020,,,
2021-12-22,15898900,7.4686,7.6379,7.4089,7.5782,0.0996,1.33,2.29,120170109,,,27.8688,2.3362,2.4666,92.4724,7115097941.58,,1189260,0.12,418400,,,
2021-12-23,13346999,7.5682,7.618,7.369,7.369,-0.2092,-2.76,1.93,99837505,,,27.0998,2.2717,2.3985,89.9206,6918754897.2,,875400,0.09,-313860,,,
2021-12-24,35793940,7.369,7.8869,7.3491,7.6678,0.2988,4.05,5.21,276443595,,,28.1984,2.3638,2.4957,93.566,7199244960.6,,,,,,,
2021-12-27,44369993,7.628,8.086,7.5881,8.086,0.4182,5.45,6.36,352786008,2500,20300,29.7365,2.4927,2.6319,98.6696,7591931049.36,,,,,,,
2021-12-28,26680620,7.9665,7.9765,7.7773,7.8869,-0.1991,-2.46,3.88,210395768,,,29.0041,2.4313,2.567,96.2393,7404937673.76,,1399540,0.14,524140,,,
2021-12-29,27228413,7.8869,8.106,7.7375,7.7973,-0.0896,-1.14,3.95,217034933,,,28.6745,2.4037,2.5379,95.1457,7320790654.74,,1791760,0.19,392220,,,
2021-12-30,36306043,7.7773,8.2055,7.7176,8.1458,0.3485,4.47,5.2,291298385,1000,8180,29.9563,2.5112,2.6513,99.3987,7648029062.04,,2037240,0.21,245480,,,
2021-12-31,34938373,8.0562,8.2354,7.9367,8.096,-0.0498,-0.61,5.07,284114347,600,4878,32.5434,2.477,2.561,2647.1479,7601280718.14,,1986540,0.21,-50700,,,
2022-01-04,39701473,8.096,8.3848,8.0163,8.0163,-0.0797,-0.98,5.71,326097194,2300,18515,32.2231,2.4526,2.5358,2621.0997,7526483367.9,,2494703,0.26,508163,,,
2022-01-05,29989732,8.0163,8.0462,7.6877,7.9267,-0.0896,-1.12,4.37,235696389,,,31.8629,2.4252,2.5075,2591.7954,7442336348.88,,2299798,0.24,-194905,,,
2022-01-06,43521040,7.9167,8.3151,7.867,8.2752,0.3485,4.4,6.26,356123388,,,33.2639,2.5318,2.6177,2705.7563,7769574756.18,,2285948,0.24,-13850,,,
2022-01-07,31763606,8.1458,8.1856,7.8172,7.9466,-0.3286,-3.97,4.62,255029441,,,31.9429,2.4313,2.5138,2598.3075,7461035686.44,,1947568,0.2,-338380,,,
2022-01-10,31936917,7.9865,8.3947,7.9466,8.1458,0.1992,2.51,4.64,263569812,,,32.7435,2.4922,2.5768,2663.428,7648029062.04,,2394668,0.25,447100,,,
2022-01-11,34275945,8.1259,8.3649,8.096,8.2454,0.0996,1.22,4.96,283369036,500,4140,33.1438,2.5227,2.6083,2695.9882,7741525749.84,,3011196,0.32,616528,,,
2022-01-12,39898308,8.2454,8.4943,8.106,8.4246,0.1792,2.17,5.74,335867762,1300,10998,33.8643,2.5775,2.665,2754.5967,7909819787.88,,3681496,0.39,670300,,,
2022-01-13,33842780,8.2852,8.3649,8.0362,8.0761,-0.3485,-4.14,4.91,276994083,500,4055,32.4633,2.4709,2.5547,2640.6358,7582581380.58,,2455276,0.26,-1226220,,,
2022-01-14,74655472,8.1159,9.1416,8.0562,8.813,0.7369,9.12,10.82,651417860,2000,17700,35.4254,2.6963,2.7878,2881.5816,8274456870.3,,4942776,0.52,2487500,,,
2022-01-17,51639634,9.0321,9.0819,8.6138,8.7134,-0.0996,-1.13,7.51,456453955,,,35.0252,2.6659,2.7563,2849.0214,8180960182.5,,3980830,0.42,-961946,,,
2022-01-18,48725420,8.7234,8.7632,7.9964,7.9964,-0.717,-8.23,7.08,402301201,4000,32120,32.1431,2.4465,2.5295,2614.5876,7507784030.34,,2764880,0.29,-1215950,,,
2022-01-19,19713360,7.857,8.096,7.8271,7.8769,-0.1195,-1.49,2.86,156958668,,,31.6627,2.4099,2.4917,2575.5153,7395588004.98,,2842124,0.3,77244,,,
2022-01-20,25869480,7.9566,8.1557,7.7873,7.8271,-0.0498,-0.63,3.76,207035191,,,31.4626,2.3947,2.476,2559.2352,7348839661.08,,2361164,0.25,-480960,,,
2022-01-21,23973238,7.7574,7.9665,7.5483,7.8769,0.0498,0.64,3.5,186019695,,,31.6627,2.4099,2.4917,2575.5153,7395588004.98,,2227962,0.23,-133202,,,
2022-01-24,22392820,7.7375,7.7674,7.3591,7.4089,-0.468,-5.94,3.26,169086996,,,29.7814,2.2667,2.3437,2422.4822,6956153572.32,,2761862,0.29,533900,,,
2022-01-25,17773976,7.3591,7.4487,6.9707,6.9707,-0.4382,-5.91,2.58,127315979,,,28.0201,2.1327,2.2051,2279.2171,6544768146,,2204762,0.23,-557100,,,
2022-01-26,8789185,6.9807,7.1301,6.901,6.9906,0.0199,0.29,1.27,61802681,,,28.1002,2.1388,2.2114,2285.7291,6563467483.56,,2004462,0.21,-200300,,,
2022-01-27,10002757,7.0205,7.0404,6.7815,6.7915,-0.1991,-2.85,1.41,69148562,,,27.2996,2.0779,2.1484,2220.6087,6376474107.96,,1646177,0.17,-358285,,,
2022-01-28,8064320,6.8512,6.9608,6.7915,6.8811,0.0896,1.32,1.16,55759359,,,27.6599,2.1053,2.1767,2249.9129,6460621126.98,,2016082,0.21,369905,,,
2022-02-07,8406111,6.9508,7.0703,6.901,7.0106,0.1295,1.88,1.21,59109697,,,28.1802,2.1449,2.2177,2292.2412,6582166821.12,,1939882,0.2,-76200,,,
2022-02-08,10072326,7.1101,7.2197,7.0305,7.1201,0.1095,1.56,1.46,71953548,,,28.6206,2.1784,2.2523,2328.0575,6685013177.7,,1896114,0.2,-43768,,,
2022-02-09,10607738,7.0803,7.2595,7.0504,7.2496,0.1295,1.82,1.52,76473481,,,29.1409,2.218,2.2933,2370.3858,6806558871.84,,2115014,0.22,218900,,,
2022-02-10,7584240,7.2296,7.2894,7.1699,7.2097,-0.0399,-0.55,1.1,54985555,,,28.9808,2.2058,2.2807,2357.3617,6769160196.72,,1886914,0.2,-228100,,,
2022-02-11,12061089,7.1699,7.2197,6.9508,6.9608,-0.2489,-3.45,1.75,85014962,,,27.9801,2.1296,2.2019,2275.9611,6535418477.22,,1524514,0.16,-362400,,,
2022-02-14,6622389,6.9309,7.0803,6.9309,6.9707,0.0099,0.14,0.96,46597239,,,28.0201,2.1327,2.2051,2279.2171,6544768146,,1582094,0.16,57580,,,
2022-02-15,7844709,7.0006,7.0803,6.9408,7.0703,0.0996,1.43,1.13,55361505,,,28.4204,2.1632,2.2366,2311.7773,6638264833.8,,1320793,0.14,-261301,,,
2022-02-16,8733213,7.0803,7.1998,7.0504,7.14,0.0697,0.99,1.27,62427752,,,28.7006,2.1845,2.2586,2334.5695,6703712515.26,,892393,0.09,-428400,,,
2022-02-17,9827633,7.1599,7.1898,7.0603,7.0803,-0.0597,-0.84,1.42,70129256,,,28.4604,2.1662,2.2397,2315.0334,6647614502.58,,530493,0.05,-361900,,,
2022-02-18,6185863,7.0006,7.15,7.0006,7.1301,0.0498,0.7,0.89,43960407,,,28.6606,2.1814,2.2555,2331.3135,6694362846.48,,798293,0.08,267800,,,
2022-02-21,10709215,7.0902,7.2595,7.0703,7.2296,0.0995,1.4,1.54,77190303,,,29.0609,2.2119,2.287,2363.8737,6787859534.28,,905526,0.09,107233,,,
2022-02-22,8779609,7.1998,7.2097,7.0803,7.1201,-0.1095,-1.51,1.26,62875713,,,28.6206,2.1784,2.2523,2328.0575,6685013177.7,,895826,0.09,-9700,,,
2022-02-23,7755095,7.1201,7.2296,7.1002,7.2097,0.0896,1.26,1.13,56000716,,,28.9808,2.2058,2.2807,2357.3617,6769160196.72,,973565,0.1,77739,,,
2022-02-24,17474169,7.1798,7.3491,6.911,7.0006,-0.2091,-2.9,2.55,125302942,,,28.1402,2.1418,2.2145,2288.9852,6572817152.34,,1370765,0.14,397200,,,
2022-02-25,9747733,7.0703,7.2197,7.0703,7.1101,0.1095,1.56,1.39,69899418,,,28.5805,2.1753,2.2492,2324.8014,6675663508.92,,1803905,0.19,433140,,,
2022-02-28,7177913,7.14,7.1699,6.9807,7.1201,0.01,0.14,1.04,50997589,,,28.6206,2.1784,2.2523,2328.0575,6685013177.7,,1876625,0.2,72720,,,
2022-03-01,5694000,7.14,7.1798,7.0902,7.1301,0.01,0.14,0.82,40763080,,,28.6606,2.1814,2.2555,2331.3135,6694362846.48,,1629025,0.17,-247600,,,
2022-03-02,8948153,7.1301,7.2197,7.0504,7.1798,0.0497,0.7,1.31,64346417,1000,7210,28.8607,2.1967,2.2712,2347.5936,6741111190.38,,2043725,0.21,414700,,,
2022-03-03,11593864,7.1998,7.3093,7.1998,7.2396,0.0598,0.83,1.67,84608445,,,29.1009,2.215,2.2901,2367.1298,6797209203.06,,2759078,0.29,715353,,,
2022-03-04,18199800,7.2695,7.4786,7.1998,7.2993,0.0597,0.82,2.63,134930045,,,29.3411,2.2332,2.309,2386.6659,6853307215.74,,2346638,0.25,-412440,,,
2022-03-07,12368800,7.2695,7.3989,7.1798,7.2396,-0.0597,-0.82,1.8,90472356,,,29.1009,2.215,2.2901,2367.1298,6797209203.06,,2266286,0.24,-80352,,,
2022-03-08,18668168,7.2296,7.2396,6.8214,6.901,-0.3386,-4.68,2.72,130636308,,,27.7399,2.1114,2.183,2256.4249,6479320464.54,,1321086,0.14,-945200,,,
2022-03-09,15055027,6.9608,7.0106,6.5624,6.8711,-0.0299,-0.43,2.2,103181584,,,27.6198,2.1022,2.1736,2246.6568,6451271458.2,,1208523,0.12,-112563,,,
2022-03-10,20355360,6.9309,7.2695,6.9309,7.2296,0.3585,5.22,2.96,146161819,,,29.0609,2.2119,2.287,2363.8737,6787859534.28,,1380356,0.14,171833,,,
2022-03-11,25478780,7.2396,7.5184,7.1599,7.5184,0.2888,3.99,3.66,188522026,,,30.2217,2.3003,2.3783,2458.2984,7058999928.9,,2173156,0.23,792800,,,
2022-03-14,17489660,7.4686,7.5483,7.2695,7.2695,-0.2489,-3.31,2.51,130072870,,,29.221,2.2241,2.2996,2376.8978,6825258209.4,,2654916,0.28,481760,,,
2022-03-15,29452540,7.3093,7.4786,7.1002,7.1101,-0.1594,-2.19,4.28,217464236,,,28.5805,2.1753,2.2492,2324.8014,6675663508.92,,994836,0.1,-1660080,,,
2022-03-16,23982005,7.2993,7.4587,6.9508,7.2396,0.1295,1.82,3.48,173457774,,,29.1009,2.215,2.2901,2367.1298,6797209203.06,,1272406,0.13,277570,,,
2022-03-17,29078608,7.2396,7.5981,7.1898,7.4487,0.2091,2.89,4.19,217808514,5800,43384,29.9415,2.2789,2.3563,2435.5063,6993552247.44,,1843490,0.19,571084,,,
2022-03-18,27171090,7.4288,7.6778,7.3591,7.5981,0.1494,2.01,3.88,206497358,500,3815,30.5419,2.3246,2.4035,2484.3466,7133797279.14,,2100510,0.22,257020,,,
2022-03-21,32055078,7.6379,7.8172,7.5483,7.7773,0.1792,2.36,4.63,247337669,,,31.2625,2.3795,2.4602,2542.9551,7302091317.18,,1846032,0.19,-254478,,,
2022-03-22,20529449,7.6578,7.6678,7.4985,7.5383,-0.239,-3.07,2.99,155856921,,,30.3018,2.3064,2.3846,2464.8105,7077699266.46,,1391854,0.14,-454178,,,
2022-03-23,14625328,7.5184,7.6379,7.4587,7.5184,-0.0199,-0.26,2.12,110644102,,,30.2217,2.3003,2.3783,2458.2984,7058999928.9,,1853254,0.19,461400,,,
2022-03-24,33113331,7.4786,7.847,7.4288,7.847,0.3286,4.37,4.75,256009129,42600,335688,31.5427,2.4008,2.4823,2565.7472,7367538998.64,,1679154,0.17,-174100,,,
2022-03-25,29153501,7.9665,7.9665,7.5284,7.5483,-0.2987,-3.81,4.23,225042085,,,30.3418,2.3094,2.3878,2468.0665,7087048935.24,,1782290,0.19,103136,,,
2022-03-28,16466248,7.5184,7.608,7.3591,7.4487,-0.0996,-1.32,2.38,123128082,,,29.9415,2.2789,2.3563,2435.5063,6993552247.44,,2372290,0.25,590000,,,
2022-03-29,18284588,7.4487,7.7176,7.369,7.6678,0.2191,2.94,2.64,139033093,,,30.8221,2.346,2.4256,2507.1388,7199244960.6,,1880933,0.2,-491357,,,
2022-03-30,13595501,7.5981,7.608,7.4686,7.5881,-0.0797,-1.04,1.96,103023634,1600,12192,30.5019,2.3216,2.4004,2481.0906,7124447610.36,,1149033,0.12,-731900,,,
2022-03-31,23138757,7.5483,7.857,7.5085,7.608,0.0199,0.26,3.36,179152443,900,6876,36.6954,2.3066,2.5225,-31.0147,7143146947.92,,1601523,0.17,452490,,,
2022-04-01,20280148,7.5085,7.5184,7.2396,7.2396,-0.3684,-4.84,2.94,149404059,2100,15267,34.9183,2.1949,2.4003,-29.5127,6797209203.06,,1648123,0.17,46600,,,
2022-04-06,21110800,7.2894,7.6479,7.2695,7.5782,0.3386,4.68,3.06,159715689,,,36.5513,2.2976,2.5126,-30.8929,7115097941.58,,2506423,0.26,858300,,,
2022-04-07,16428625,7.5981,7.6479,7.2894,7.2993,-0.2789,-3.68,2.39,122100983,1000,7330,35.2065,2.213,2.4202,-29.7562,6853307215.74,,1923223,0.2,-583200,,,
2022-04-08,15808029,7.2794,7.3292,6.9906,7.0106,-0.2887,-3.96,2.29,112474790,,,33.8136,2.1255,2.3244,-28.579,6582166821.12,,1394023,0.14,-529200,,,
2022-04-11,11778883,7.0504,7.0603,6.7815,6.8612,-0.1494,-2.13,1.72,81880264,,,33.0931,2.0802,2.2749,-27.9701,6441921789.42,,1365123,0.14,-28900,,,
2022-04-12,6461853,6.8512,7.0404,6.8014,7.0006,0.1394,2.03,0.94,44879040,,,33.7656,2.1225,2.3211,-28.5384,6572817152.34,,1516203,0.16,151080,,,
2022-04-13,8379579,6.9707,6.9707,6.7218,6.7815,-0.2191,-3.13,1.22,57409950,,,32.7089,2.0561,2.2485,-27.6453,6367124439.18,,1011923,0.1,-504280,,,
2022-04-14,6675619,6.8512,6.9807,6.8114,6.8214,0.0399,0.59,0.97,46249319,,,32.901,2.0681,2.2617,-27.8077,6404523114.3,,,,,,,
2022-04-15,5560600,6.8512,6.8811,6.7716,6.7915,-0.0299,-0.44,0.8,38104489,,,32.7569,2.0591,2.2518,-27.6859,6376474107.96,,,,,,,
2022-04-18,5221889,6.7317,6.8512,6.5923,6.8413,0.0498,0.73,0.74,35246425,,,32.9971,2.0742,2.2683,-27.8889,6423222451.86,,,,,,,
2022-04-19,4709328,6.7915,6.8811,6.7516,6.8413,0,0,0.68,32328850,,,32.9971,2.0742,2.2683,-27.8889,6423222451.86,,892623,0.09,-119300,,,
2022-04-20,9595812,6.7815,6.8114,6.5624,6.5824,-0.2589,-3.78,1.4,64275566,,,31.7483,1.9957,2.1824,-26.8334,6180131063.58,,730575,0.07,-162048,,,
2022-04-21,10256479,6.5326,6.5326,6.194,6.2039,-0.3785,-5.75,1.49,65356544,,,29.9231,1.8809,2.057,-25.2908,5824843649.94,,808650,0.08,78075,,,
2022-04-22,6210552,6.1442,6.2239,6.0347,6.1641,-0.0398,-0.64,0.9,38183700,,,29.731,1.8689,2.0438,-25.1284,5787444974.82,,750098,0.08,-58552,,,
2022-04-25,25256035,6.0745,6.9408,6.0645,6.3832,0.2191,3.55,3.67,165467538,1000,6410,30.7877,1.9353,2.1164,-26.0215,5993137687.98,,433498,0.04,-316600,,,
2022-04-26,32915835,6.2537,6.911,6.184,6.8014,0.4182,6.55,4.78,220115582,,,32.8049,2.0621,2.2551,-27.7265,6385823776.74,,497998,0.05,64500,,,
2022-04-27,28096830,6.6321,6.7019,6.0546,6.5425,-0.2589,-3.81,4.07,181073926,,,31.5562,1.9836,2.1692,-26.671,6142732388.46,,1127498,0.12,629500,,,
2022-04-28,16569820,6.3732,6.4828,6.2239,6.2239,-0.3186,-4.87,2.36,105031109,,,30.0192,1.887,2.0636,-25.372,5843542987.5,,1161662,0.12,34164,,,
2022-04-29,24783974,5.9749,6.433,5.726,6.3234,0.0995,1.6,3.61,150761537,500,3175,30.4995,1.9172,2.0966,-25.7779,5937039675.3,,1001419,0.1,-160243,,,
2022-05-05,16743054,6.2737,6.5624,6.2338,6.4629,0.1395,2.21,2.42,108166651,200,1298,31.1719,1.9594,2.1428,-26.3463,6067935038.22,,1419819,0.15,418400,,,
2022-05-06,11182254,6.3234,6.4529,6.2239,6.2438,-0.2191,-3.39,1.61,70957428,,,30.1152,1.893,2.0702,-25.4532,5862242325.06,,,,,,,
2022-05-09,15137689,6.2537,6.5923,6.2537,6.5226,0.2788,4.47,2.19,98554729,,,31.4601,1.9776,2.1626,-26.5898,6124033050.9,,,,,,,
2022-05-10,10723409,6.4728,6.5525,6.4131,6.5326,0.01,0.15,1.55,69986467,,,31.5081,1.9806,2.1659,-26.6304,6133382719.68,,1683488,0.18,263669,,,
2022-05-11,15841238,6.5525,6.7118,6.433,6.4429,-0.0897,-1.37,2.3,104897721,,,31.0758,1.9534,2.1362,-26.2651,6049235700.66,,1052888,0.11,-630600,,,
2022-05-12,15073980,6.3434,6.6919,6.3334,6.6521,0.2092,3.25,2.17,99770810,1200,8016,32.0845,2.0168,2.2055,-27.1176,6245578745.04,,2217088,0.23,1164200,,,
2022-05-13,12797743,6.662,6.7218,6.4728,6.672,0.0199,0.3,1.85,84993463,100,670,32.1805,2.0228,2.2122,-27.1988,6264278082.6,,1938788,0.2,-278300,,,
2022-05-16,10475400,6.6919,6.7118,6.5126,6.5425,-0.1295,-1.94,1.5,69308705,,,31.5562,1.9836,2.1692,-26.671,6142732388.46,,1366188,0.14,-572600,,,
2022-05-17,12187474,6.5126,6.5525,6.2239,6.2737,-0.2688,-4.11,1.77,77294379,,,30.2593,1.9021,2.0801,-25.5749,5890291331.4,,723188,0.07,-643000,,,
2022-05-18,6636178,6.2537,6.3234,6.2139,6.2637,-0.01,-0.16,0.96,41676234,400,2516,30.2113,1.8991,2.0768,-25.5344,5880941662.62,,551666,0.05,-171522,,,
2022-05-19,5869340,6.1542,6.2537,6.1342,6.2338,-0.0299,-0.48,0.84,36465928,,,30.0672,1.89,2.0669,-25.4126,5852892656.28,,723966,0.07,172300,,,
2022-05-20,7327640,6.2438,6.3434,6.2338,6.2936,0.0598,0.96,1.06,46245293,,,30.3554,1.9081,2.0867,-25.6561,5908990668.96,,641966,0.06,-82000,,,
2022-05-23,11347483,6.3135,6.5624,6.2737,6.4828,0.1892,3.01,1.65,73274967,,,31.268,1.9655,2.1494,-26.4274,6086634375.78,,837966,0.08,196000,,,
2022-05-24,10060988,6.4728,6.5226,6.1243,6.1442,-0.3386,-5.22,1.46,63790308,,,29.6349,1.8628,2.0372,-25.0472,5768745637.26,,394678,0.04,-443288,,,
2022-05-25,4479719,6.1442,6.2537,6.1342,6.2438,0.0996,1.62,0.64,27886680,,,30.1152,1.893,2.0702,-25.4532,5862242325.06,,504559,0.05,109881,,,
2022-05-26,4043300,6.2936,6.3035,6.1442,6.2239,-0.0199,-0.32,0.59,25224459,,,30.0192,1.887,2.0636,-25.372,5843542987.5,,390231,0.04,-114328,,,
2022-05-27,5394419,6.2438,6.2737,6.1342,6.1741,-0.0498,-0.8,0.78,33512301,,,29.779,1.8719,2.0471,-25.169,5796794643.6,,510531,0.05,120300,,,
2022-05-30,5634200,6.194,6.194,6.0745,6.1143,-0.0598,-0.97,0.82,34617624,,,29.4908,1.8538,2.0273,-24.9254,5740696630.92,,537931,0.05,27400,,,
2022-05-31,7128400,6.1044,6.1641,5.9849,6.1641,0.0498,0.81,1.01,43514605,,,29.731,1.8689,2.0438,-25.1284,5787444974.82,,477231,0.05,-60700,,,
2022-06-01,4371400,6.1641,6.2039,6.0844,6.1442,-0.0199,-0.32,0.63,26973021,,,29.6349,1.8628,2.0372,-25.0472,5768745637.26,,524831,0.05,47600,,,
2022-06-02,4275580,6.17,6.19,6.08,6.17,0.0258,0.42,0.62,26249920,,,29.6349,1.8773,2.0372,-25.0472,5768745637.26,,438031,0.04,-86800,,,
2022-06-06,6961488,6.19,6.32,6.17,6.31,0.14,2.27,1.01,43603997,,,30.3074,1.9199,2.0834,-25.6155,5899641000.18,,808331,0.08,370300,,,
2022-06-07,7222328,6.31,6.36,6.25,6.35,0.04,0.63,1.03,45618123,,,30.4995,1.9321,2.0966,-25.7779,5937039675.3,,1119531,0.11,311200,,,
2022-06-08,6430580,6.35,6.35,6.2,6.29,-0.06,-0.94,0.94,40334526,,,30.2113,1.9138,2.0768,-25.5344,5880941662.62,,718931,0.07,-400600,,,
2022-06-09,5272181,6.28,6.29,6.12,6.13,-0.16,-2.54,0.76,32564652,,,29.4428,1.8651,2.024,-24.8848,5731346962.14,,511812,0.05,-207119,,,
2022-06-10,3764660,6.09,6.19,6.08,6.17,0.04,0.65,0.55,23188290,,,29.6349,1.8773,2.0372,-25.0472,5768745637.26,,558116,0.05,46304,,,
2022-06-13,6152304,6.1,6.18,6.06,6.13,-0.04,-0.65,0.89,37609864,,,29.4428,1.8651,2.024,-24.8848,5731346962.14,,1100512,0.11,542396,,,
2022-06-14,10101762,6.09,6.09,5.9,6.07,-0.06,-0.98,1.48,60637523,,,29.1546,1.8469,2.0041,-24.6413,5675248949.46,,941716,0.1,-158796,,,
2022-06-15,6694920,6.05,6.14,6.05,6.07,0,0,0.97,40846367,,,29.1546,1.8469,2.0041,-24.6413,5675248949.46,,702316,0.07,-239400,,,
2022-06-16,6069000,6.04,6.17,6.03,6.1,0.03,0.49,0.88,37106669,,,29.2987,1.856,2.014,-24.763,5703297955.8,,1032116,0.11,329800,,,
2022-06-17,7248200,6.1,6.11,5.95,6.09,-0.01,-0.16,1.05,43722313,,,29.2507,1.853,2.0107,-24.7225,5693948287.02,,1110316,0.11,78200,,,
2022-06-20,8305040,6.08,6.21,6.06,6.2,0.11,1.81,1.21,50973791,10000,62000,29.779,1.8864,2.0471,-25.169,5796794643.6,,1400916,0.14,290600,,,
2022-06-21,7015854,6.22,6.22,6.07,6.13,-0.07,-1.13,1.02,43072186,,,29.4428,1.8651,2.024,-24.8848,5731346962.14,,1011746,0.1,-389170,,,
2022-06-22,4696529,6.12,6.18,6.06,6.08,-0.05,-0.82,0.67,28694549,,,29.2026,1.8499,2.0074,-24.6819,5684598618.24,,1309846,0.14,298100,,,
2022-06-23,4770469,6.07,6.12,6.03,6.12,0.04,0.66,0.69,28977365,,,29.3948,1.8621,2.0207,-24.8442,5721997293.36,,939393,0.1,-370453,,,
2022-06-24,8018928,6.12,6.21,6.08,6.2,0.08,1.31,1.12,49524722,,,29.779,1.8864,2.0471,-25.169,5796794643.6,,1471793,0.15,532400,,,
2022-06-27,6041481,6.2,6.27,6.15,6.17,-0.03,-0.48,0.88,37469675,,,29.6349,1.8773,2.0372,-25.0472,5768745637.26,,1169633,0.12,-302160,,,
2022-06-28,5534520,6.19,6.22,6.11,6.21,0.04,0.65,0.8,34169794,,,29.827,1.8895,2.0504,-25.2096,5806144312.38,,1190933,0.12,21300,,,
2022-06-29,9891852,6.21,6.3,6.2,6.22,0.01,0.16,1.42,61831325,,,29.8751,1.8925,2.0537,-25.2502,5815493981.16,,1341733,0.14,150800,,,
2022-06-30,8523891,6.25,6.3,6.2,6.23,0.01,0.16,1.24,53289713,300,1869,29.9231,1.8956,2.057,-25.2908,5824843649.94,,,,,,,
2022-07-01,6588927,6.23,6.28,6.13,6.15,-0.08,-1.28,0.96,40659145,,,29.5389,1.8712,2.0306,-24.966,5750046299.7,,,,,,,
2022-07-04,10513400,6.15,6.34,6.12,6.32,0.17,2.76,1.52,65803026,,,30.3554,1.923,2.0867,-25.6561,5908990668.96,,1960520,0.2,618787,,,
2022-07-05,7389028,6.35,6.36,6.18,6.24,-0.08,-1.27,1.08,46182952,,,29.9711,1.8986,2.0603,-25.3314,5834193318.72,,1228405,0.13,-732115,,,
2022-07-06,6089970,6.2,6.27,6.1,6.14,-0.1,-1.6,0.89,37471257,,,29.4908,1.8682,2.0273,-24.9254,5740696630.92,,901180,0.09,-327225,,,
2022-07-07,5775500,6.21,6.22,6.1,6.11,-0.03,-0.49,0.84,35401460,100,611,29.3467,1.8591,2.0174,-24.8036,5712647624.58,,462289,0.04,-438891,,,
2022-07-08,11734459,6.11,6.33,6.11,6.29,0.18,2.95,1.71,73257860,,,30.2113,1.9138,2.0768,-25.5344,5880941662.62,,1209369,0.12,747080,,,
2022-07-11,9731984,6.3,6.38,6.26,6.3,0.01,0.16,1.42,61412962,,,30.2593,1.9169,2.0801,-25.5749,5890291331.4,,1759869,0.18,550500,,,
2022-07-12,7240540,6.34,6.34,6.14,6.14,-0.16,-2.54,1.04,44846960,,,29.4908,1.8682,2.0273,-24.9254,5740696630.92,,1151669,0.12,-608200,,,
2022-07-13,8728240,6.13,6.28,6.08,6.27,0.13,2.12,1.27,54044072,,,30.1152,1.9077,2.0702,-25.4532,5862242325.06,,862469,0.09,-289200,,,
2022-07-14,8817004,6.26,6.31,6.2,6.21,-0.06,-0.96,1.28,55045831,,,29.827,1.8895,2.0504,-25.2096,5806144312.38,,795569,0.08,-66900,,,
2022-07-15,9433962,6.23,6.24,6,6,-0.21,-3.38,1.36,57323376,,,28.8184,1.8256,1.981,-24.3571,5609801268,,380507,0.04,-415062,,,
2022-07-18,4543300,6.02,6.14,6.01,6.12,0.12,2,0.65,27628827,,,29.3948,1.8621,2.0207,-24.8442,5721997293.36,,445907,0.04,65400,,,
2022-07-19,4472442,6.13,6.18,6.06,6.14,0.02,0.33,0.65,27391707,5100,31314,29.4908,1.8682,2.0273,-24.9254,5740696630.92,,637107,0.06,191200,,,
2022-07-20,13687042,6.14,6.35,6.13,6.31,0.17,2.77,1.97,85929468,,,30.3074,1.9199,2.0834,-25.6155,5899641000.18,,1548407,0.16,911300,,,
2022-07-21,8432613,6.26,6.33,6.23,6.29,-0.02,-0.32,1.23,53072059,,,30.2113,1.9138,2.0768,-25.5344,5880941662.62,,1834798,0.19,286391,,,
2022-07-22,7126000,6.31,6.33,6.13,6.21,-0.08,-1.27,1.02,44387451,,,29.827,1.8895,2.0504,-25.2096,5806144312.38,,1132703,0.12,-702095,,,
2022-07-25,5392440,6.2,6.29,6.17,6.25,0.04,0.64,0.77,33667321,100,625,30.0192,1.9017,2.0636,-25.372,5843542987.5,,1310175,0.14,177472,,,
2022-07-26,4634800,6.27,6.27,6.16,6.25,0,0,0.67,28793179,,,30.0192,1.9017,2.0636,-25.372,5843542987.5,,1043565,0.11,-266610,,,
2022-07-27,10191331,6.22,6.42,6.2,6.35,0.1,1.6,1.46,64560161,,,30.4995,1.9321,2.0966,-25.7779,5937039675.3,,1007265,0.1,-36300,,,
2022-07-28,7899941,6.38,6.44,6.32,6.36,0.01,0.16,1.14,50206761,,,30.5475,1.9351,2.0999,-25.8185,5946389344.08,,1089765,0.11,82500,,,
2022-07-29,5684249,6.4,6.4,6.26,6.28,-0.08,-1.26,0.83,35851410,,,30.1633,1.9108,2.0735,-25.4938,5871591993.84,,633626,0.06,-456139,,,
2022-08-01,3893696,6.26,6.28,6.2,6.26,-0.02,-0.32,0.57,24327761,,,30.0672,1.9047,2.0669,-25.4126,5852892656.28,,558926,0.05,-74700,,,
2022-08-02,11717704,6.22,6.22,5.94,6.03,-0.23,-3.67,1.71,70658964,,,28.9625,1.8347,1.9909,-24.4789,5637850274.34,,489526,0.05,-69400,,,
2022-08-03,6468020,6.01,6.11,5.96,5.99,-0.04,-0.66,0.94,39109044,,,28.7704,1.8225,1.9777,-24.3165,5600451599.22,,520126,0.05,30600,,,
2022-08-04,3945531,6.04,6.06,5.97,6.05,0.06,1,0.57,23750439,,,29.0586,1.8408,1.9975,-24.5601,5656549611.9,,540824,0.05,20698,,,
2022-08-05,4147316,6.04,6.1,6.03,6.09,0.04,0.66,0.59,25144665,,,29.2507,1.853,2.0107,-24.7225,5693948287.02,,444933,0.04,-95891,,,
2022-08-08,4118260,6.09,6.15,6.06,6.12,0.03,0.49,0.59,25178562,,,29.3948,1.8621,2.0207,-24.8442,5721997293.36,,698433,0.07,253500,,,
2022-08-09,4479278,6.13,6.13,6.03,6.06,-0.06,-0.98,0.64,27127730,,,29.1066,1.8438,2.0008,-24.6007,5665899280.68,,537355,0.05,-161078,,,
2022-08-10,3805778,6.06,6.07,5.99,6.01,-0.05,-0.83,0.56,22923030,,,28.8664,1.8286,1.9843,-24.3977,5619150936.78,,431055,0.04,-106300,,,
2022-08-11,5155300,6.04,6.15,6.03,6.12,0.11,1.83,0.74,31421876,,,29.3948,1.8621,2.0207,-24.8442,5721997293.36,,728755,0.07,297700,,,
2022-08-12,4418377,6.11,6.14,6.08,6.12,0,0,0.64,27022191,,,29.3948,1.8621,2.0207,-24.8442,5721997293.36,,986355,0.1,257600,,,
2022-08-15,3286378,6.13,6.13,6.06,6.09,-0.03,-0.49,0.48,19995237,,,29.2507,1.853,2.0107,-24.7225,5693948287.02,,778955,0.08,-207400,,,
2022-08-16,3113798,6.09,6.1,6.05,6.09,0,0,0.45,18941780,,,29.2507,1.853,2.0107,-24.7225,5693948287.02,,756757,0.08,-22198,,,
2022-08-17,2942582,6.09,6.14,6.06,6.11,0.02,0.33,0.43,17921339,,,29.3467,1.8591,2.0174,-24.8036,5712647624.58,,819157,0.08,62400,,,
2022-08-18,3316178,6.09,6.1,6.03,6.05,-0.06,-0.98,0.48,20076906,,,29.0586,1.8408,1.9975,-24.5601,5656549611.9,,624457,0.06,-194700,,,
2022-08-19,3407600,6.06,6.07,6.01,6.02,-0.03,-0.5,0.49,20570006,,,28.9145,1.8317,1.9876,-24.4383,5628500605.56,,574557,0.06,-49900,,,
2022-08-22,3474860,6,6.05,5.98,6.03,0.01,0.17,0.5,20931332,,,28.9625,1.8347,1.9909,-24.4789,5637850274.34,,696457,0.07,121900,,,
2022-08-23,3467496,6,6.05,6,6.02,-0.01,-0.17,0.5,20858746,,,28.9145,1.8317,1.9876,-24.4383,5628500605.56,,702457,0.07,6000,,,
2022-08-24,6658800,6.01,6.04,5.9,5.9,-0.12,-1.99,0.97,39636932,,,28.3381,1.7952,1.948,-23.9511,5516304580.2,,598857,0.06,-103600,,,
2022-08-25,3642500,5.95,5.95,5.86,5.9,0,0,0.53,21435543,,,39.019,1.776,2.0452,-13.8544,5516304580.2,,587457,0.06,-11400,,,
2022-08-26,5519980,5.78,5.93,5.78,5.84,-0.06,-1.02,0.59,32266521,,,38.6222,1.7579,2.0244,-13.7135,5460206567.52,,1126657,0.12,539200,,,
2022-08-29,3626690,5.81,5.88,5.76,5.85,0.01,0.17,0.38,21139922,,,38.6883,1.7609,2.0279,-13.737,5469556236.3,,1503222,0.16,376565,,,
2022-08-30,2677186,5.84,5.93,5.84,5.91,0.06,1.03,0.28,15783383,,,39.0851,1.779,2.0487,-13.8778,5525654248.98,,1634282,0.17,131060,,,
2022-08-31,3204078,5.9,5.93,5.83,5.87,-0.04,-0.68,0.34,18808976,,,38.8206,1.767,2.0348,-13.7839,5488255573.86,,1562482,0.16,-71800,,,
2022-09-01,2623898,5.87,5.95,5.85,5.88,0.01,0.17,0.28,15486113,,,38.8867,1.77,2.0383,-13.8074,5497605242.64,,1678182,0.17,115700,,,
2022-09-02,2151208,5.9,5.95,5.88,5.92,0.04,0.68,0.22,12708016,,,39.1512,1.782,2.0522,-13.9013,5535003917.76,,1698462,0.18,20280,,,
2022-09-05,1808600,5.92,5.95,5.87,5.9,-0.02,-0.34,0.19,10655006,,,39.019,1.776,2.0452,-13.8544,5516304580.2,,1644091,0.17,-54371,,,
2022-09-06,2231878,5.9,5.92,5.86,5.92,0.02,0.34,0.23,13153805,,,39.1512,1.782,2.0522,-13.9013,5535003917.76,,1558671,0.16,-85420,,,
2022-09-07,3968800,5.91,5.91,5.81,5.82,-0.1,-1.69,0.41,23210854,,,38.4899,1.7519,2.0175,-13.6665,5441507229.96,,1575471,0.16,16800,,,
2022-09-08,2958100,5.81,5.84,5.77,5.77,-0.05,-0.86,0.3,17110006,,,38.1592,1.7369,2.0002,-13.5491,5394758886.06,,1354571,0.14,-220900,,,
2022-09-09,2074600,5.77,5.82,5.77,5.8,0.03,0.52,0.22,12034375,,,38.3576,1.7459,2.0106,-13.6195,5422807892.4,,1395071,0.14,40500,,,
2022-09-13,2061000,5.84,5.84,5.78,5.79,-0.01,-0.17,0.22,11962453,,,38.2915,1.7429,2.0071,-13.5961,5413458223.62,,1232071,0.13,-163000,,,
2022-09-14,3578400,5.76,5.76,5.62,5.75,-0.04,-0.69,0.38,20403794,,,38.027,1.7308,1.9932,-13.5021,5376059548.5,,1339471,0.14,107400,,,
2022-09-15,4277564,5.78,5.82,5.59,5.66,-0.09,-1.57,0.46,24313580,,,37.4318,1.7037,1.962,-13.2908,5291912529.48,,922709,0.09,-416762,,,
2022-09-16,4635800,5.68,5.68,5.44,5.47,-0.19,-3.36,0.49,25647885,,,36.1752,1.6465,1.8962,-12.8446,5114268822.66,,567089,0.06,-355620,,,
2022-09-19,3343116,5.46,5.47,5.3,5.34,-0.13,-2.38,0.35,17977891,,,35.3155,1.6074,1.8511,-12.5394,4992723128.52,,428849,0.04,-138240,,,
2022-09-20,1848800,5.35,5.45,5.35,5.37,0.03,0.56,0.19,9968783,,,35.5139,1.6164,1.8615,-12.6098,5020772134.86,,408949,0.04,-19900,,,
2022-09-21,4237258,5.37,5.61,5.35,5.57,0.2,3.72,0.44,23280126,,,36.8366,1.6766,1.9308,-13.0795,5207765510.46,,515527,0.05,106578,,,
2022-09-22,2202556,5.51,5.58,5.47,5.48,-0.09,-1.62,0.23,12161151,,,36.2414,1.6496,1.8996,-12.8681,5123618491.44,,431067,0.04,-84460,,,
2022-09-23,2489822,5.47,5.51,5.38,5.45,-0.03,-0.55,0.26,13582777,,,36.043,1.6405,1.8892,-12.7977,5095569485.1,,425429,0.04,-5638,,,
2022-09-26,3034300,5.45,5.46,5.28,5.28,-0.17,-3.12,0.32,16228497,,,34.9187,1.5894,1.8303,-12.3985,4936625115.84,,397829,0.04,-27600,,,
2022-09-27,3005580,5.32,5.47,5.3,5.46,0.18,3.41,0.32,16229132,,,36.1091,1.6435,1.8927,-12.8212,5104919153.88,,854229,0.09,456400,,,
2022-09-28,3660162,5.42,5.56,5.4,5.4,-0.06,-1.1,0.39,20029022,,,35.7123,1.6255,1.8719,-12.6803,5048821141.2,,772729,0.08,-81500,,,
2022-09-29,3069447,5.45,5.52,5.32,5.35,-0.05,-0.93,0.33,16651400,,,35.3816,1.6104,1.8546,-12.5629,5002072797.3,,920909,0.09,148180,,,
2022-09-30,2810982,5.4,5.48,5.33,5.45,0.1,1.87,0.29,15278653,,,36.043,1.642,1.88924092475408,-12.797672037717868,5095569485,,1278811,0.13,357902,,,
2022-10-10,3366700,5.44,5.52,5.35,5.4,-0.05,-0.92,0.36,18326744,,,35.7123,1.6255,1.8719,-12.6803,5048821141.2,,1060269,0.11,-218542,,,
2022-10-11,2913726,5.36,5.49,5.29,5.36,-0.04,-0.74,0.3,15559133,,,35.4477,1.6134,1.858,-12.5863,5011422466.08,,1075403,0.11,15134,,,
2022-10-12,2877796,5.38,5.46,5.26,5.46,0.1,1.87,0.3,15435846,,,36.1091,1.6435,1.8927,-12.8212,5104919153.88,,1051507,0.11,-23896,,,
2022-10-13,3934934,5.42,5.55,5.42,5.52,0.06,1.1,0.42,21654475,,,36.5059,1.6616,1.9135,-12.962,5161017166.56,,1464131,0.15,412624,,,
2022-10-14,7569680,5.5,5.75,5.5,5.69,0.17,3.08,0.8,42949168,,,37.6302,1.7128,1.9724,-13.3612,5319961535.82,,2180931,0.23,716800,,,
2022-10-17,5451500,5.71,5.8,5.65,5.73,0.04,0.7,0.58,31365421,,,37.8947,1.7248,1.9863,-13.4552,5357360210.94,,2695731,0.28,514800,,,
2022-10-18,7369204,5.73,5.87,5.67,5.83,0.1,1.75,0.79,42706695,100,583,38.556,1.7549,2.021,-13.69,5450856898.74,,3112107,0.33,416376,,,
2022-10-19,5188360,5.82,5.84,5.68,5.7,-0.13,-2.23,0.55,29697502,,,37.6963,1.7158,1.9759,-13.3847,5329311204.6,,3106907,0.33,-5200,,,
2022-10-20,4862540,5.7,5.81,5.64,5.73,0.03,0.53,0.52,27959527,,,57.1286,1.724,2.0578,-138.4544,5357360210.94,,3184807,0.34,77900,,,
2022-10-21,3134900,5.7,5.79,5.67,5.73,0,0,0.34,17938416,,,57.1286,1.724,2.0578,-138.4544,5357360210.94,,3300707,0.35,115900,,,
2022-10-24,4821700,5.75,5.8,5.55,5.59,-0.14,-2.44,0.51,27284573,,,55.7328,1.6819,2.0076,-135.0716,5226464848.02,,2879139,0.3,-421568,,,
2022-10-25,4200572,5.61,5.69,5.42,5.47,-0.12,-2.15,0.45,23136669,,,54.5364,1.6457,1.9645,-132.172,5114268822.66,,2551039,0.27,-328100,,,
2022-10-26,7312538,5.5,5.78,5.5,5.72,0.25,4.57,0.77,41671599,,,57.0289,1.721,2.0542,-138.2128,5348010542.16,,3411639,0.36,860600,,,
2022-10-27,8428812,5.74,5.91,5.66,5.85,0.13,2.27,0.9,48916623,,,58.325,1.7601,2.1009,-141.354,5469556236.3,,3757639,0.4,346000,,,
2022-10-28,7006752,5.8,5.86,5.67,5.71,-0.14,-2.39,0.75,40247712,,,56.9292,1.718,2.0507,-137.9711,5338660873.38,,3234239,0.34,-523400,,,
2022-10-31,5751328,5.72,5.83,5.6,5.78,0.07,1.23,0.59,32889753,,,57.6271,1.739,2.0758,-139.6626,5404108554.84,,3340439,0.35,106200,,,
2022-11-01,6180346,5.8,5.88,5.71,5.84,0.06,1.04,0.65,35815050,,,58.2253,1.7571,2.0973,-141.1123,5460206567.52,,3248799,0.34,-91640,,,
2022-11-02,7304249,5.84,5.97,5.76,5.9,0.06,1.03,0.78,43154443,,,58.8235,1.7751,2.1189,-142.5621,5516304580.2,,3592979,0.38,344180,,,
2022-11-03,4973906,5.87,5.94,5.81,5.88,-0.02,-0.34,0.53,29190792,,,58.6241,1.7691,2.1117,-142.0789,5497605242.64,,3679873,0.39,86894,,,
2022-11-04,4170880,5.91,5.93,5.83,5.88,0,0,0.44,24509362,,,58.6241,1.7691,2.1117,-142.0789,5497605242.64,,3692955,0.39,13082,,,
2022-11-07,3333338,5.9,5.92,5.82,5.87,-0.01,-0.17,0.35,19553703,,,58.5244,1.7661,2.1081,-141.8372,5488255573.86,,3853455,0.41,160500,,,
2022-11-08,4063400,5.87,5.94,5.81,5.89,0.02,0.34,0.43,23890013,,,58.7238,1.7721,2.1153,-142.3205,5506954911.42,,4339555,0.46,486100,,,
2022-11-09,6551240,5.88,5.99,5.87,5.96,0.07,1.19,0.68,39029241,,,59.4217,1.7932,2.1404,-144.0119,5572402592.88,,5199395,0.55,859840,,,
2022-11-10,6496800,5.94,6.05,5.94,5.97,0.01,0.17,0.68,38899889,,,59.5214,1.7962,2.144,-144.2535,5581752261.66,,5901495,0.63,702100,,,
2022-11-11,11986805,6.03,6.13,5.89,5.9,-0.07,-1.17,1.28,72328313,,,58.8235,1.7751,2.1189,-142.5621,5516304580.2,,5785727,0.61,-115768,,,
2022-11-14,14518258,5.9,6.13,5.83,6.13,0.23,3.9,1.49,87565697,1500,9195,61.1166,1.8443,2.2015,-148.1196,5731346962.14,,6828827,0.73,1043100,,,
2022-11-15,9416502,6.07,6.11,6,6.09,-0.04,-0.65,1,57061240,,,60.7178,1.8323,2.1871,-147.1531,5693948287.02,,6441227,0.68,-387600,,,
2022-11-16,8021330,6.13,6.15,6.01,6.02,-0.07,-1.15,0.85,48629253,,,60.0199,1.8112,2.162,-145.4617,5628500605.56,,6524307,0.69,83080,,,
2022-11-17,9082030,6,6.14,5.97,6.11,0.09,1.5,0.96,55297407,2000,12220,60.9172,1.8383,2.1943,-147.6364,5712647624.58,,6977907,0.74,453600,,,
2022-11-18,10916730,6.15,6.2,6.08,6.15,0.04,0.65,1.16,67168671,1000,6150,61.316,1.8503,2.2087,-148.6029,5750046299.7,,7816507,0.83,838600,,,
2022-11-21,7320358,6.15,6.15,6.05,6.11,-0.04,-0.65,0.78,44633166,,,60.9172,1.8383,2.1943,-147.6364,5712647624.58,,7966237,0.85,149730,,,
2022-11-22,10435848,6.12,6.17,5.91,5.95,-0.16,-2.62,1.12,62941902,,,59.322,1.7902,2.1369,-143.7703,5563052924.1,,7181137,0.76,-785100,,,
2022-11-23,8309320,5.95,5.98,5.75,5.8,-0.15,-2.52,0.86,48291258,,,57.8265,1.745,2.083,-140.1458,5422807892.4,,6139637,0.65,-1041500,,,
2022-11-24,5697344,5.85,5.87,5.76,5.85,0.05,0.86,0.61,33175029,,,58.325,1.7601,2.1009,-141.354,5469556236.3,,6237737,0.66,98100,,,
2022-11-25,6782835,5.82,5.93,5.71,5.88,0.03,0.51,0.72,39582433,,,58.6241,1.7691,2.1117,-142.0789,5497605242.64,,6326037,0.67,88300,,,
2022-11-28,5331090,5.85,5.95,5.78,5.81,-0.07,-1.19,0.57,31234294,,,57.9262,1.748,2.0866,-140.3875,5432157561.18,,6175537,0.66,-150500,,,
2022-11-29,7854630,5.85,6.04,5.83,6.03,0.22,3.79,0.83,47007912,,,60.1196,1.8142,2.1656,-145.7033,5637850274.34,,7332537,0.78,1157000,,,
2022-11-30,5305280,6.01,6.08,5.92,5.94,-0.09,-1.49,0.56,31770338,,,59.2223,1.7872,2.1333,-143.5287,5553703255.32,,7083695,0.75,-248842,,,
2022-12-01,5877200,5.97,6.02,5.84,5.86,-0.08,-1.35,0.63,34650870,,,58.4247,1.7631,2.1045,-141.5956,5478905905.08,,6215995,0.66,-867700,,,
2022-12-02,3308740,5.85,5.9,5.84,5.87,0.01,0.17,0.35,19435255,,,58.5244,1.7661,2.1081,-141.8372,5488255573.86,,,,,,,
