报告期,营业总收入*,营业总成本*,营业利润*,利润总额*,营业成本,净利润*,持续经营净利润,销售费用,管理费用,研发费用,财务费用,其中：利息费用,减：利息收入,减：所得税,综合收益总额*,基本每股收益,稀释每股收益,货币资金,应收票据及应收账款,预付款项,交易性金融资产,其他应收款,存货,其他流动资产,流动资产总计*,长期应收款,债权投资,其他债权投资,长期股权投资,投资性房地产,固定资产,在建工程,无形资产,开发支出,商誉,非流动资产合计*,资产总计*,短期借款,流动负债合计*,长期借款,应付债券,长期应付款,非流动负债合计*,负债合计*,归属于母公司所有者权益合计*,少数股东权益,所有者权益合计*,经营活动产生的现金流量净额*,购建固定资产、无形资产和其他长期资产支付的现金,处置固定资产、无形资产和其他长期资产收回的现金净额,投资活动产生的现金流量净额*,偿还债务支付的现金,筹资活动产生的现金流量净额*,息税前利润EBIT,毛利率,营业利润率,净利率,息税前利润率,净资产收益率,总资产报酬率,流动比率,速动比率,现金比率,资产负债率,权益乘数,利息保障倍数,自由现金流量,现金流量比率,债务保障倍数率,自由现金流与经营活动净现金流比率,存货_期初,存货_同期,应收票据及应收账款_期初,应收票据及应收账款_同期,固定资产_期初,固定资产_同期,资产总计*_期初,资产总计*_同期,所有者权益合计*_期初,所有者权益合计*_同期,负债合计*_期初,负债合计*_同期,存货周转率,应收账款周转率,固定资产周转率,总资产周转率,营业总收入*_同期,净利润*_同期,营业收入增长率,净利润增长率,净资产增长率,总资产增长率,固定资产增长率,存货增长率,经营性资产,经营性负债,经营性净资产,经营性净资产_期初,经营性净资产_同期,资产收益率ROA,权益收益率ROE,投资资本收益率ROIC,经营性资产周转率
2022-09-30,579377510.11,581708513.21,-197142336.48,-197092599.48,509111165.7,-200466170.82,-200466170.82,1713527.43,55431731.18,9631274.91,3412092.85,19025359.6,-535019.56,3373571.34,-237356847.89,-1.01,-1.01,110274186.23,1163500914.79,10283440.66,5033331.08,6641990.26,139850055.23,38326861.98,1573571955.23,0.0,0.0,0.0,34589732.65,0.0,701404083.42,0.0,37614058.29,0.0,60527613.5,900344612.17,2473916567.4,276314000.0,1515629844.58,171334373.77,0.0,0.0,179516324.65,1695146169.23,718540696.93,60229701.24,778770398.17,76750877.32,27442406.64,8791816.44,-18420909.1,281165125.78,-87288309.8,-178067239.88,0.12127903341753692,-0.3402657732478617,-0.3460026792927114,-0.30734234030967533,-0.25741370151082665,-0.0810319044149023,1.0382297240036578,0.9206700719242444,0.07607894349820828,0.6852074930770763,2.755009086657,-9.359467764278158,58100287.11999999,0.13247127474007087,0.04549644650736524,0.7569983451493398,116547250.22,132083349.73,1162891542.97,922183513.49,817261162.91,762042928.51,2766490215.23,2665164266.2,1017170369.78,1003710798.86,1749319845.45,1661453467.34,3.9712676762063843,0.49809094607180926,0.7630088480790895,0.2211192886897334,668438698.1,19979883.48,-0.13323763008208755,-11.033400395986693,-0.22410877809174123,-0.07175831569762164,-0.0795740539296984,0.05880154853640828,2329052648.52,1247497795.4600003,1081554853.0599997,1298001955.45,1341987933.3500004,-0.0765078663299463,-0.22324363297217728,-0.2578039766655877,0.48696253692113967
2022-06-30,331911834.61,330746828.25,-186563383.68,-186508177.83,274201966.85,-187590474.96,-187590474.96,1132476.66,37753452.25,5736343.04,10524389.94,14689771.77,286604.46,1082297.13,-197095870.09,-0.94,-0.94,191577922.81,911948555.84,14579447.04,5033331.08,6516581.36,178572852.59,45486182.21,1561253737.45,0.0,0.0,0.0,34911851.41,0.0,712162205.77,0.0,37476202.29,0.0,60527613.5,918865680.51,2480119417.96,345050000.0,1499261602.9,166054373.77,0.0,0.0,174619349.81,1673880952.71,755589549.94,50648915.31,806238465.25,87106385.99,27442406.64,5807492.61,-21405232.93,136383626.92,-4834568.72,-171818406.06,0.1738710758168949,-0.5620871696220594,-0.5651816398183597,-0.5176627891617317,-0.23267368532439295,-0.07563767841239712,1.0413484440807992,0.8919021870922884,0.13113872422911232,0.6749194980646681,2.7203108489042673,-11.696465319556154,65471471.95999999,0.26243832520268806,0.052306221287914206,0.7516265451251332,116547250.22,131340816.14,1162891542.97,888149918.45,817261162.91,766679373.2,2766490215.23,2481816508.12,1017170369.78,1006247588.44,1749319845.45,1475568919.68,1.8582398436377126,0.3199396761228628,0.4340352598332054,0.12652431105616435,433543399.46,29037462.97,-0.23442074075302996,-7.460291491505603,-0.19876730686140281,-0.0006838096831281897,-0.07110817029347473,0.3596143060330461,2253629643.7400002,1162776578.94,1090853064.8000002,1298001955.45,1168442398.6100001,-0.0715092175996112,-0.205757997171176,-0.27619936702182196,0.2778836152017836
2022-03-31,120346545.5,135003473.56,-208178677.03,-208189770.11,105776173.6,-208402329.12,-208402329.12,1357052.23,21426529.44,1887410.93,4057917.88,5455951.74,-256905.17,212559.01,-203606986.5,-1.03,-1.03,136717969.15,1060138509.15,19169163.39,7886121.08,6354662.44,189919372.28,43992744.35,1676637567.49,0.0,0.0,0.0,34507454.96,0.0,692027531.33,0.0,39133063.72,0.0,60527613.5,899363675.2,2576001242.69,346457140.69,1587999444.84,167340344.2,0.0,0.0,176446356.35,1764445801.19,764442318.76,47113122.74,811555441.5,4508523.59,50386400.52,5807816.44,-43442354.08,52638297.66,8703329.57,-202733818.37,0.12107012992741038,-1.7298267778695817,-1.731685178449929,-1.6845836124976268,-0.2567937055967605,-0.08090148625175933,1.0558174771017825,0.9085176040507766,0.09106054205489329,0.6849553377340262,2.8172635031458886,-37.15828658887661,-40070060.49000001,0.03746284175643413,0.0025684620255008997,-8.887623562373333,116547250.22,145533717.49,1162891542.97,1048465516.34,817261162.91,792540053.14,2766490215.23,2652671101.75,1017170369.78,993459236.21,1749319845.45,1659211865.54,0.6902949021797634,0.108272531345432,0.15947452062589035,0.04505259257704258,189995428.02,1879507.42,-0.3665818869739769,-111.88135481795544,-0.18310141783366413,-0.028902889246020694,-0.12682327083883632,0.3049853707822027,2404775818.58,1250648316.3,1154127502.28,1298001955.45,1131993825.4399998,-0.07801690681640794,-0.22792080456734046,-0.29626913856766646,0.09815676339650348
2021-12-31,1143382772.79,1106395075.06,42212980.12,41475810.7,945149540.88,30983956.82,30983956.82,1425722.25,89859640.52,44601671.47,21919797.94,22694705.92,1171345.43,10491853.88,16354357.63,0.11,0.11,167114714.87,1162891542.97,10704106.33,9572781.08,6499652.0,116547250.22,52015804.94,1738334757.51,0.0,0.0,0.0,34641700.15,0.0,817261162.91,0.0,38611189.75,0.0,60527613.5,1028155457.72,2766490215.23,358788000.69,1616138325.86,123800000.0,0.0,0.0,133181519.59,1749319845.45,968313979.89,48856389.89,1017170369.78,49815223.38,43485352.02,1168950.24,-77024209.26,441924199.93,7548458.02,64170516.620000005,0.17337433852207304,0.03691937741636157,0.0270984989081086,0.05612338942576137,0.03046093136462617,0.011199734829867837,1.0756101316915279,0.9713102382586424,0.10932696361617365,0.6323246096514986,2.757658320121979,2.8275544457903248,7498821.6000000015,0.043568282263379304,0.028630453527930547,0.15053273058313046,122093600.2,122093600.2,1004628412.13,1004628412.13,823093259.84,823093259.84,2629489650.07,2629489650.07,989234988.74,989234988.74,1640254661.33,1640254661.33,7.921104364291093,1.0550147601637645,1.3940679610850886,0.4237906001624531,935753630.82,26974024.13,0.22188440966887266,0.14865904585368225,0.028239378264998064,0.0521015799230671,-0.007085584604512203,-0.04542703279217418,2564733800.21,1266731844.76,1298001955.45,1157138167.93,1157138167.93,0.011484089115768925,0.030885041936744958,0.07840355035495482,0.931419564937826
2021-09-30,668438698.1,647955851.05,24711637.11,24246113.61,539746062.57,19979883.48,19979883.48,3691361.95,67598244.13,22784630.52,12227018.38,15775963.11,1011679.31,4266230.13,8133855.38,0.09,0.09,164266779.64,922183513.49,6475719.13,3347787.87,13125769.44,132083349.73,62005087.49,1661893832.22,0.0,0.0,0.0,30978511.74,0.0,762042928.51,31434664.92,39683203.44,0.0,64917409.17,1003270433.98,2665164266.2,380257140.69,1491990755.7,153265285.18,0.0,0.0,169462711.64,1661453467.34,966844249.63,36866549.23,1003710798.86,-2301953.53,13093011.9,336268.33,-51298427.61,252630000.0,66716883.08,40022076.72,0.19252720690139824,0.036969189815373435,0.02989037519340474,0.05987396725198666,0.019906016257564288,0.0074966799357877425,1.1138767622191375,0.9837898722846624,0.11234289949159904,0.6233962718211384,2.6745978568835205,2.5369022760094424,-15058697.1,-0.003443776574490937,-0.001399146073804264,6.541703341856776,122093600.2,277089634.33,1004628412.13,863331342.57,823093259.84,837315228.43,2629489650.07,2413354374.24,989234988.74,1032030015.43,1640254661.33,1381324358.81,4.247010303008556,0.6938286910227766,0.8433833042393554,0.2524957093214147,612192830.59,19139164.62,0.09187606371638346,0.04392662254033109,-0.027440303234010692,0.10434020575171378,-0.08989720640951267,-0.5233190514348317,2469918974.82,1127931041.4699998,1341987933.3500004,1157138167.93,1336859597.7,0.0075471914863419485,0.020050604089999584,0.049255005158631536,0.5349379511163038
2021-06-30,433543399.46,405955029.1,35502094.85,35057988.91,337911195.14,29037462.97,29037462.97,1401880.3,44410435.73,12095988.92,9060433.4,10451787.39,923664.59,6020525.94,32539331.47,0.14,0.14,244940752.36,888149918.45,2678487.25,3347787.87,31227711.94,131340816.14,53130402.24,1555453025.09,0.0,0.0,0.0,31571578.16,0.0,766679373.2,37186157.01,17009430.23,0.0,0.0,926363483.03,2481816508.12,330207140.69,1354443166.48,108500000.0,0.0,0.0,121125753.2,1475568919.68,993884626.37,12362962.07,1006247588.44,83117632.99,13072605.22,336256.48,-24749909.14,30000000.0,10957405.17,45509776.3,0.22058277081167582,0.08188821440764556,0.06697706159560407,0.10497167378556496,0.028857175215711264,0.011700084544927198,1.1484077468768181,1.0122106564817934,0.183314107505349,0.5945519803145148,2.4874349057231893,4.35425775533308,70381284.25,0.19171698402865128,0.05681535338791734,0.8467671866746695,122093600.2,224476542.58,1004628412.13,928227478.76,823093259.84,841426420.01,2629489650.07,2462087774.76,989234988.74,1053858676.29,1640254661.33,1408229098.47,2.6666559342648117,0.45810266575394515,0.545415602772037,0.16964094344664535,440892757.42,30735371.57,-0.016669264432935437,-0.055242820023600626,-0.045177867698171635,0.00801300975629221,-0.08883372928688359,-0.41490182167612394,2205304177.6,1036861778.9899998,1168442398.6100001,1157138167.93,1246553215.1299996,0.011362051918362351,0.029103198696964327,0.06066551101078697,0.3728474564138847
2021-03-31,189995428.02,187953722.43,2651377.4,2300833.86,156155297.7,1879507.42,1879507.42,447118.19,24088829.23,2297200.81,4586943.0,5192759.89,-829716.7,421326.44,5068142.12,0.01,0.01,216631309.91,1048465516.34,18280927.34,9847787.87,9168453.13,145533717.49,63700916.21,1681260781.72,0.0,0.0,0.0,53334100.86,0.0,792540053.14,32691987.14,17138570.47,0.0,0.0,971410320.03,2652671101.75,293000000.0,1523186954.27,115500000.0,0.0,0.0,136024911.27,1659211865.54,982968026.6,10491209.61,993459236.21,36167355.11,6949523.95,335000.0,-10864523.95,39500000.0,-7814305.05,7493593.75,0.178110234928589,0.01395495369352204,0.009892382356706773,0.03944091617410489,0.001891881771787871,0.0007085339071097301,1.1037783490771547,0.966411998142067,0.1486876559342264,0.6254872171847453,2.6758247120197223,1.4430849699850075,29552831.16,0.19035908119953715,0.022070936133199267,0.8171134181672264,122093600.2,226500392.72,1004628412.13,770585214.35,823093259.84,735566968.56,2629489650.07,2467855444.33,989234988.74,1021249558.94,1640254661.33,1446605885.39,1.1669608248353698,0.18508206116179768,0.23519622490273814,0.07193852551895016,168199565.5,1768202.14,0.1295833461591196,0.0629482780741347,-0.02721207807310568,0.07488917466564815,0.07745465336967856,-0.3574681450115235,2382705690.98,1250711865.5400002,1131993825.4399998,1157138167.93,1133608182.0,0.0007116434006111626,0.0018959125379481021,0.00995442125054614,0.1659977918008072
2020-12-31,935753630.82,885197074.04,34753376.34,34068361.34,723960926.09,26974024.13,26974024.13,3647826.64,93904494.63,20420492.67,39572918.54,29451113.04,7584494.27,7094337.21,32156155.19,0.12,0.12,189768275.42,1004628412.13,4516656.75,3347787.87,8102377.59,122093600.2,69344886.01,1621063840.36,0.0,0.0,0.0,53328545.39,0.0,823093259.84,32691987.14,17268150.43,0.0,0.0,1008425809.71,2629489650.07,295500000.0,1517750700.31,115500000.0,0.0,0.0,122503961.02,1640254661.33,978469293.58,10765695.16,989234988.74,55038672.9,147371700.67,8217.0,-155111273.03,323378613.7,48828322.75,63519474.38,0.22633383163515622,0.03713945123519922,0.028825989279210904,0.06788055347895144,0.02726755971739043,0.010258273551022313,1.0680699010904084,0.9419368766280256,0.12723832922663525,0.6237920203589067,2.6161139524248456,2.1567766995335265,-92324810.76999998,0.058817482601451046,0.033698851553869445,-1.6774534323846313,169203780.15,169203780.15,960772658.15,960772658.15,745150545.53,745150545.53,2522693035.55,2522693035.55,1020990634.37,1020990634.37,1501702401.18,1501702401.18,4.970596887758795,0.9522266421547113,1.193377748556418,0.36324551667460675,1408054624.02,43511549.78,-0.3354280332190375,-0.38007208967770306,-0.031102778576999137,0.0423343676836671,0.10459995604587807,-0.2784227391860666,2386392829.26,1229254661.3300002,1157138167.93,1087742334.84,1087742334.84,0.01047091136938364,0.026836812564620238,0.08361504465787922,0.8336778992604338
2020-09-30,612192830.59,586881952.0,24289707.64,23734710.56,475907347.6,19139164.62,19139164.62,4507325.36,66014496.62,13258773.32,25205765.38,0.0,0.0,4595545.94,19139164.62,0.0995,0.0995,117799266.9,863331342.57,21986562.39,3347787.87,13634285.58,277089634.33,74347419.61,1434036299.25,0.0,0.0,0.0,31973150.83,0.0,837315228.43,16984031.56,17413783.91,0.0,8870080.28,979318074.99,2413354374.24,252102000.0,1178450153.46,202500000.0,0.0,0.0,202874205.35,1381324358.81,983728795.58,48301219.85,1032030015.43,-31652057.76,122981538.28,0.0,-133943086.23,236078613.7,78159971.91,23734710.56,0.22261855444902068,0.03967656337397945,0.03126329428189261,0.038769991045347105,0.01854516277031495,0.007930523931458346,1.216883289496449,0.9186635871966448,0.10280201874835776,0.5723669816394035,2.3510278617753824,inf,-154633596.04,-0.05170275798476008,-0.022920492590333616,4.885420000573132,169203780.15,424110972.77,960772658.15,984256388.17,745150545.53,630727521.6,2522693035.55,3072148940.95,1020990634.37,1012215554.16,1501702401.18,2059933386.79,2.1327105987190276,0.6712257967181243,0.7737201532745117,0.2480498179072576,1092017580.49,38619345.63,-0.43939288018119405,-0.5044150979831089,0.019575337672461737,-0.2144409595279196,0.32753875446236735,-0.3466577096078372,2263581956.5099998,926722358.8099997,1336859597.7,1087742334.84,901925360.0999997,0.007754854453804471,0.018644882721335014,0.02373417039788117,0.5049841975079762
2020-06-30,440892757.42,403939736.46,35072752.54,34561752.55,331474536.53,30735371.57,30735371.57,2847207.75,46513359.64,9375171.89,11613649.24,12913897.29,2523933.92,3826380.98,30883190.09,0.16,0.16,191098411.67,928227478.76,17079568.58,3347787.87,13095767.45,224476542.58,66572316.73,1447897873.64,0.0,0.0,0.0,32087663.19,0.0,841426420.01,30446083.5,17506147.71,0.0,8870080.28,1014189901.12,2462087774.76,236880613.7,1228845820.31,179000000.0,0.0,0.0,179383278.16,1408229098.47,1005841833.04,48016843.25,1053858676.29,-20963266.81,68103345.07,0.0,-77737641.46,95600000.0,64132481.26,47475649.839999996,0.24817423069113123,0.07954939596929975,0.069711672629544,0.10768072063105834,0.0291646045731679,0.012483458910394056,1.1782583703419687,0.9414110340043821,0.1582348219168351,0.5719654323076567,2.373269000414128,3.6763223970166794,-89066611.88,-0.04754731498124866,-0.014890314342364565,4.248699054744321,169203780.15,415768080.86,960772658.15,698088427.03,745150545.53,566743138.87,2522693035.55,2442317669.36,1020990634.37,1020106568.19,1501702401.18,1422211101.17,1.6839781792057562,0.4668001328376887,0.5557785937853192,0.17689554433691584,682649189.74,34603581.26,-0.35414446534694866,-0.11178639751000148,0.03308684519097558,0.008094813237452756,0.4846697953638695,-0.46009192885687844,2238901699.9,992348484.7700005,1246553215.1299996,1087742334.84,958739311.0799999,0.012331684276440066,0.029626606049981744,0.05306613394244298,0.37775230083925443
2020-03-31,168199565.5,164683466.27,3919314.49,3907571.66,135859708.63,1768202.14,1768202.14,1649104.97,20495494.13,1493144.63,4418417.81,0.0,-340022.91,2139369.52,1768202.14,0.0072,0.0072,269932327.45,770585214.35,19965539.71,3353920.87,21167407.58,226500392.72,104581782.52,1441036240.7,0.0,0.0,0.0,42087663.19,0.0,735566968.56,21583588.35,17642563.04,0.0,8870080.28,1026819203.63,2467855444.33,252978613.7,1274813534.42,171400000.0,0.0,0.0,171792350.97,1446605885.39,971829951.73,49419607.21,1021249558.94,33721868.19,61424341.94,0.0,-81594034.39,3600000.0,72594082.77,3907571.66,0.19227075155553838,0.02330157321363592,0.010512525016005466,0.023231758348388837,0.0017314104319763868,0.0007164934008037292,1.130389819210404,0.8706795429223256,0.2143735071375255,0.5861793439780426,2.416812138370635,inf,-27702473.75,0.20048724911836943,0.02331735071441166,-0.8214987851181682,169203780.15,333886648.93,960772658.15,277496703.93,745150545.53,564312027.82,2522693035.55,1842439143.34,1020990634.37,986576903.06,1501702401.18,855862240.28,0.6866731156491177,0.19429786085429893,0.22718656853784822,0.06740724638909606,123873356.23,1768202.14,0.3578348937902188,0.0,0.035144402603039096,0.3394501811637786,0.3034756168525713,-0.3216248884288684,2155835453.69,1022227271.69,1133608182.0,1087742334.84,766261692.7899997,0.0007086203639254165,0.0017316299481249093,0.005939755005877302,0.1514390135414321
2019-12-31,1408054624.02,1314582883.25,52699795.5,51321762.43,1186883679.16,43511549.78,43511549.78,9380587.51,96704268.26,23799014.55,-6124599.62,13648496.41,1377479.27,7810212.65,41653974.75,0.22,0.22,261089250.04,960772658.15,1926240.06,3347787.87,16660079.87,169203780.15,114846271.74,1552795723.38,0.0,0.0,0.0,32087663.19,0.0,745150545.53,19561482.23,17768860.61,0.0,8870080.28,969897312.17,2522693035.55,239978613.7,1381350977.4,119950000.0,0.0,0.0,120351423.78,1501702401.18,971870768.92,49119865.45,1020990634.37,-82885475.55,354494038.39,118380.0,-278661129.84,218960000.0,150710816.55,64970258.84,0.15707554315510588,0.037427380018498095,0.03090189047905997,0.046141859649244096,0.04261699208127282,0.01724805561629244,1.124113819575888,0.9184817560834919,0.19143363434521718,0.5952774990923925,2.5096309226904476,4.7602502787338175,-437261133.94,-0.058865241543940766,-0.05520909983922321,5.275485614801422,270057834.34,270057834.34,290506357.67,290506357.67,567575763.33,567575763.33,1880390459.21,1880390459.21,989418954.34,989418954.34,890971504.87,890971504.87,5.403994521752231,2.250584571814721,2.1452371518976947,0.6395766174753174,904426084.97,45871273.2,0.5568487546074099,-0.051442291774016026,0.031909313937754626,0.3415793635806086,0.31286533652909765,-0.373453539818533,2229516122.32,1141773787.4800003,1087742334.84,614067686.33,614067686.33,0.019764126586189888,0.043286253730932145,0.09596359659994555,1.6547729846507282
2019-09-30,1092017580.49,1047466012.73,37894423.72,43726616.91,954781832.61,38619345.63,0.0,10790343.45,78268435.49,10432371.53,-7172888.46,10369988.61,-898006.96,5107271.28,38619345.63,0.1779,0.1779,324195707.32,984256388.17,189858632.9,0.0,45975988.95,424110972.77,71561476.97,2039959167.08,0.0,0.0,0.0,184623100.44,0.0,630727521.6,34231317.52,16165580.79,0.0,8870080.28,1032189773.87,3072148940.95,249978613.7,1910972890.2,148550000.0,0.0,0.0,148960496.59,2059933386.79,965376187.65,46839366.51,1012215554.16,-53308694.49,234138763.44,0.0,-229424799.12,133660485.0,253440678.93,54096605.519999996,0.12567173856159058,0.03470129455516308,0.03536513177074593,0.04953821851084693,0.03815328214556905,0.012570792097748279,1.0674977010618398,0.8081154501246623,0.16964955860052525,0.6705187236635107,3.0696402643979495,5.216650427931376,-287447457.93,-0.048816699879575036,-0.025884001942228087,5.3921308837139375,270057834.34,209370981.72,290506357.67,672189951.06,567575763.33,340790489.1,1880390459.21,1751447671.36,989418954.34,994957446.92,890971504.87,756490224.44,2.7508635445173573,1.7132875651624402,1.822606337182479,0.44099299056751395,552655987.57,53370288.44,0.9759445388288385,-0.2763886657008293,0.01734557321363278,0.754062648394442,0.850777946490526,1.0256435217807793,2563330133.1899996,1661404773.09,901925360.0999997,614067686.33,951588488.7999998,0.015595775221395448,0.038587809578623684,0.11920643526228139,1.4406630466565578
2019-06-30,682649189.74,657920767.03,33647814.13,37009235.75,592274170.91,34603581.26,0.0,5695094.51,49069280.87,4589050.44,5163032.54,5195065.89,618239.96,2405654.49,34436111.34,0.17,0.17,188963778.13,698088427.03,137768562.88,0.0,16193324.04,415768080.86,71561476.95,1528343649.89,0.0,0.0,0.0,134913478.98,0.0,566743138.87,33379486.25,16267332.76,0.0,8870080.28,913974019.47,2442317669.36,147900000.0,1307169134.69,114610000.0,0.0,0.0,115041966.48,1422211101.17,975967216.07,44139352.12,1020106568.19,-96209109.29,158033801.48,0.0,-169128059.84,97100485.0,81916739.51,42204301.64,0.13238867076722247,0.049290052102479484,0.05069013745285398,0.06182429024207048,0.03392153559151959,0.014168337597568841,1.1692011456898823,0.7963882136238479,0.14455954712762817,0.5823202767650962,2.430740632032494,8.123920376301522,-254242910.76999998,-0.14093492050674386,-0.06766811169371754,2.642607468734003,270057834.34,248594805.26,290506357.67,510064999.01,567575763.33,336856601.21,1880390459.21,1690957041.63,989418954.34,953595024.87,890971504.87,737362016.76,1.7271851581673796,1.3810495469023891,1.2036283419345455,0.3158432951918167,241962945.44,20155339.73,1.8212964117238266,0.7168443560638508,0.06974820713758162,0.44434045882426737,0.682446289709746,0.6724729240627416,2118440412.25,1159701101.17,958739311.0799999,614067686.33,810222930.11,0.016010140046835524,0.034439553886764236,0.0683584589800701,0.8680647922652226
2019-03-31,123873356.23,125621819.2,-1285641.01,-803308.77,100243861.5,-1241334.67,-1241334.67,1781978.81,20642449.89,1510325.42,2903981.36,0.0,0.0,438025.9,-1945613.83,-0.005,-0.005,308600848.62,277496703.93,64468898.18,0.0,6884330.03,333886648.93,71561476.95,1062898906.64,0.0,0.0,0.0,113574361.65,0.0,564312027.82,21641452.24,16264510.27,0.0,8870080.28,779540236.7,1842439143.34,107000000.0,760573598.31,94860000.0,0.0,0.0,95288641.97,855862240.28,947995569.8,38581333.26,986576903.06,-48175626.23,117909586.92,0.0,-128634393.08,50000000.0,42194371.31,-803308.77,0.19075526367531603,-0.010378672614738115,-0.01002099812081599,-0.006484919715168356,-0.0012582239318088989,-0.0006737452764652463,1.3974964539944184,0.8644144133070888,0.4057475164871793,0.4645267353191817,1.864820856218056,-inf,-166085213.15,-0.38891031692522016,-0.05631720138789974,3.447494638825788,270057834.34,208179984.13,290506357.67,328352881.3,567575763.33,334667411.71,1880390459.21,1413580972.39,989418954.34,915374208.45,890971504.87,498206763.94,0.3319638287189549,0.4361714385167673,0.21887921611760552,0.06654795918951077,9572206.19,-1241334.67,11.94094107160055,-0.0,0.07778534063196643,0.30338422724020647,0.6861875643541728,0.6038364606729015,1420263933.0699997,654002240.28,766261692.7899997,614067686.33,734982967.3800001,-0.0006668769739822267,-0.0012564142433307917,-0.0013938130183853486,0.17948376395345997
2018-12-31,904426084.97,856348520.78,54030869.21,55908206.97,718976983.71,45871273.2,45871273.2,7659404.45,90961855.71,13261249.2,1992615.08,2487452.31,676837.19,10036933.77,44684657.27,0.23,0.23,440585369.97,290506357.67,9811460.59,0.0,13337111.65,270057834.34,90688613.67,1114986747.89,0.0,0.0,0.0,111565898.04,0.0,567575763.33,20996060.08,16331647.04,0.0,8870080.28,765403711.32,1880390459.21,157000000.0,870733790.81,19800000.0,0.0,0.0,20237714.06,890971504.87,957221157.44,32197796.9,989418954.34,171125046.65,144408468.37,3406201.35,-162896304.59,70000000.0,176321939.96,58395659.28,0.2050461661177667,0.05974050296414462,0.0507186534779363,0.06456653589545353,0.04636182983840128,0.024394546874733504,1.2805139293523728,0.8662122773234381,0.5059931917425021,0.47382260450540675,1.9822954174717011,23.47609200194073,30122779.629999995,0.18920843780802304,0.1921600824314037,0.17602788264893657,134649348.81,134649348.81,413386125.92,413386125.92,333866636.1,333866636.1,1444904682.12,1444904682.12,907765938.12,907765938.12,537138744.0,537138744.0,3.553072510914735,2.5697847499585063,2.006619802977731,0.5439674053162461,649367598.74,70299751.25,0.3927798164320218,-0.3474902487652827,0.08994941624391077,0.3013941213416546,0.7000074339863036,1.0056378788810272,1328239191.2,714171504.87,614067686.33,672026986.5200002,672026986.5200002,0.02758929433352681,0.04835719848108283,0.14899725114089413,1.4064689078694053
2018-09-30,552655987.57,476835789.5,52754721.94,59277816.14,413734407.54,53370288.44,0.0,3154385.8,70890208.82,0.0,-475384.51,0.0,0.0,5907527.7,54484149.42,0.27,0.27,131368958.12,672189951.06,51298979.67,0.0,20050640.94,209370981.72,113954698.19,1198234209.7,0.0,0.0,0.0,0.0,0.0,340790489.1,162111522.93,16158265.32,0.0,16938437.96,553213461.66,1751447671.36,88000000.0,756043438.29,0.0,0.0,0.0,446786.15,756490224.44,962902968.52,32054478.4,994957446.92,-191578023.86,17851646.37,11044000.0,-20424784.39,21000000.0,90838814.18,59277816.14,0.2513708041793432,0.09545670928484788,0.09657054232718333,0.10725988222916305,0.05364077489465865,0.030472099916383995,1.5848748220209887,1.1572199234594855,0.17375847929733643,0.43192282407877197,1.8409903248476447,inf,-198385670.23000002,-0.34664968473852736,-0.25339552485675476,1.035534589160262,134649348.81,103879133.61,413386125.92,494684108.59,333866636.1,327337705.23,1444904682.12,1309141969.42,907765938.12,917914567.27,537138744.0,391227402.15,2.4052904484022677,1.0181801152203944,1.638331433633542,0.34580417078755465,392332752.66,48418522.96,0.4086409656675744,0.10227006478679243,0.08393251659480222,0.3378592332013908,0.041097568825893625,1.0155249128863042,1620078713.2399998,668490224.4399999,951588488.7999998,672026986.5200002,643879539.71,0.03339449631195608,0.05609884112385366,0.0878208448385831,0.6807720127957964
2018-06-30,241962945.44,220497163.79,21600461.18,24327469.76,169341103.54,20155339.73,0.0,1688004.62,46913560.39,0.0,-1192685.4,0.0,0.0,4172130.03,20365340.97,0.17,0.17,183372094.76,510064999.01,45675324.71,0.0,20945013.3,248594805.26,136886203.07,1145538440.11,0.0,0.0,0.0,0.0,0.0,336856601.21,161962935.65,13288453.77,0.0,15995864.55,545418601.52,1690957041.63,40000000.0,736903134.49,0.0,0.0,0.0,458882.27,737362016.76,927061086.99,26533937.88,953595024.87,-99360346.69,6071532.84,10842400.0,-22381821.21,21000000.0,43765217.79,24327469.76,0.30013621204660107,0.08927177316642604,0.08329928243082145,0.10054212935687927,0.021136162840979272,0.011919486559263053,1.5545305569948626,1.0314210867158609,0.24884151820972938,0.43606194516285224,1.8169039485105873,inf,-94589479.53,-0.41064282181437806,-0.13483501703214473,0.9519841937057154,134649348.81,66429891.52,413386125.92,354213468.07,333866636.1,311762400.12,1444904682.12,1133604266.63,907765938.12,848681319.33,537138744.0,284922947.3,0.8837243920963743,0.5240406100720088,0.721498621131469,0.1543199074164853,204757823.16,18240785.1,0.18170305635124628,0.10496010010007732,0.12361967107138064,0.49166432361524953,0.08049142898675724,2.7422130244658867,1507584946.8700001,697362016.7600001,810222930.11,672026986.5200002,513952077.5799999,0.012854737552584027,0.021656562193743914,0.041549620229956806,0.32648063288830514
2018-03-31,9572206.19,17093578.84,-6883108.23,-5965154.43,6874478.25,-6789444.68,-6789444.68,603121.73,12523028.15,2037676.33,120418.21,0.0,0.0,824290.25,-8975263.36,-0.03,-0.03,176891241.07,328352881.3,14336527.1,0.0,58039509.56,208179984.13,115890163.26,901690306.42,0.0,0.0,0.0,3500000.0,0.0,334667411.71,123505884.79,13516160.6,0.0,0.0,511890665.97,1413580972.39,0.0,497732761.52,0.0,0.0,0.0,474002.42,498206763.94,886565928.38,28808280.07,915374208.45,-53334178.51,5398210.06,30000000.0,-32912732.86,20000000.0,7403274.05,-5965154.43,0.28182927597383894,-0.7190722904810307,-0.7092873414169529,-0.6231744606830288,-0.0074171247314216366,-0.004803010802077226,1.8115952497608863,1.1605025903178166,0.355394008081367,0.3524430320377482,1.5507101580199063,-inf,-28732388.569999997,-5.571774933736567,-0.10715424547728292,0.5387237484985873,134649348.81,54362438.28,413386125.92,184557659.37,333866636.1,265691432.75,1444904682.12,968569309.36,907765938.12,831377399.03,537138744.0,137191910.33,0.04010437608151302,0.02581017338127097,0.028636405943292986,0.006697396696672148,4612063.54,-6789444.68,1.075471447212542,-0.0,0.1010333087211685,0.4594525747713912,0.25960934549554077,2.8294820967695564,1233189731.3200002,498206763.9400001,734982967.3800001,672026986.5200002,414928274.33000016,-0.0047503786973972706,-0.007448077639860493,-0.009476712684564282,0.013606451274161092
2017-12-31,649367598.74,570078839.59,84223443.86,84074368.86,453326705.62,70299751.25,70299751.25,4013542.26,83163795.73,11884319.85,2728925.05,572235.84,1130674.87,13774617.61,69022481.91,0.35,0.35,255738951.6,413386125.92,13687564.06,0.0,4014373.43,134649348.81,115924942.38,937401306.2,0.0,0.0,0.0,0.0,0.0,333866636.1,123248267.15,13513770.93,0.0,0.0,507503375.92,1444904682.12,20000000.0,536664741.58,0.0,0.0,0.0,474002.42,537138744.0,904503125.44,3262812.68,907765938.12,92183804.43,226729570.08,970289.76,-293517796.85,84000000.0,-37613247.35,84646604.7,0.301895095321029,0.1297007180885263,0.10825879114758125,0.1303523687727013,0.07744259648648205,0.04865355626563163,1.7467167741264082,1.279806482139866,0.476533917333709,0.3717468360694193,1.653105570823421,147.92258503067546,-133575475.89000002,0.14195935339069704,0.17177168032056803,-1.4490124020801385,27842962.54,27842962.54,299359657.76,299359657.76,277290503.82,277290503.82,1148202862.61,1148202862.61,840343447.78,840343447.78,307859414.83,307859414.83,5.579669608410676,1.8221576713852443,2.1250429924618133,0.5008412397393365,428036742.17,62729607.6,0.5170837798828395,0.12067895750714051,0.08023206525631302,0.2584053995785744,0.2040319863125417,3.836028084890711,1189165730.52,517138743.9999998,672026986.5200002,425281420.33000016,425281420.33000016,0.0542204671710365,0.08042946490308642,0.16826715915788637,1.1835644285349345
2017-09-30,392332752.66,336117372.73,56290396.25,56468864.17,283951995.31,48418522.96,0.0,1404614.91,47779764.43,0.0,-4638957.09,0.0,0.0,8050341.21,47190359.56,0.24,0.24,274035027.56,494684108.59,62577869.94,0.0,7678248.75,103879133.61,0.0,942854388.45,0.0,0.0,0.0,0.0,0.0,327337705.23,11908964.28,13571707.86,0.0,0.0,366287580.97,1309141969.42,0.0,390744327.64,0.0,0.0,0.0,483074.51,391227402.15,914555740.81,3358826.46,917914567.27,-29854313.21,105799418.0,0.0,-103164533.71,84000000.0,-61272152.34,56468864.17,0.27624702912306687,0.14347615861371096,0.12341188093964726,0.14393104778314686,0.052748398038831794,0.036984929129918014,2.4129701233146736,2.1471207526087586,0.7013154335857015,0.2988426093491821,1.4891352215821085,inf,-135653731.21,-0.07609436889372345,-0.07640370210954242,4.543857038538787,27842962.54,103879133.61,299359657.76,494684108.59,277290503.82,327337705.23,1148202862.61,1309141969.42,840343447.78,917914567.27,307859414.83,391227402.15,4.3113798460456705,0.9881892391484802,1.2977652937379107,0.3193143652825444,392332752.66,48418522.96,0.0,0.0,0.0,0.0,0.0,0.0,1035106941.8600001,391227402.15000015,643879539.71,425281420.33000016,643879539.71,0.039407186430568404,0.05507556063507905,0.08935631654668703,0.7339077413476112
2017-06-30,204757823.16,182591364.94,22241474.54,22562432.46,154002637.95,18240785.1,0.0,755774.85,26404458.24,0.0,-1579894.3,0.0,0.0,4321647.36,17772737.22,0.15,0.15,334729241.75,354213468.07,23597866.18,0.0,4771422.11,66429891.52,740000.0,784481889.63,0.0,0.0,0.0,0.0,0.0,311762400.12,11908964.28,13681614.27,0.0,0.0,349122377.0,1133604266.63,0.0,284427776.67,0.0,0.0,0.0,495170.63,284922947.3,847200368.55,1480950.78,848681319.33,-21148246.94,41985370.0,0.0,-40676511.86,84000000.0,-95689652.34,22562432.46,0.24787910140233985,0.10862331996282393,0.08908467973771363,0.11019082012006677,0.021493091322429922,0.016090963696022906,2.758105761731474,2.5219477735546296,1.17685145125035,0.25134251492103526,1.3423181100767985,inf,-63133616.94,-0.10328419502425815,-0.07435366259792801,2.9852884316661,27842962.54,66429891.52,299359657.76,354213468.07,277290503.82,311762400.12,1148202862.61,1133604266.63,840343447.78,848681319.33,307859414.83,284922947.3,3.2671682529519037,0.6265796896100018,0.6952103004345983,0.17946987765631056,204757823.16,18240785.1,0.0,0.0,0.0,0.0,0.0,0.0,798875024.8800001,284922947.3000002,513952077.5799999,425281420.33000016,513952077.5799999,0.015988016573579074,0.021599191977759842,0.04500331467861883,0.4360104779389384
2017-03-31,4612063.54,13554150.74,-8942087.2,-8706795.11,3649418.54,-8922490.25,0.0,361970.17,10789268.55,0.0,69699.18,0.0,0.0,215695.14,-8965853.02,-0.08,-0.08,416444643.02,184557659.37,7234507.9,0.0,3518820.23,54362438.28,669341.48,666787410.28,0.0,0.0,0.0,4481.68,0.0,265691432.75,11908964.28,13736864.23,0.0,0.0,301781899.08,968569309.36,0.0,136690691.64,0.0,0.0,0.0,501218.69,137191910.33,830063920.44,1313478.59,831377399.03,45032055.63,38876600.0,0.0,-38876600.0,84000000.0,-88768358.38,-8706795.11,0.2087232735739803,-1.93884735594948,-1.9345982926332363,-1.8878306932432243,-0.010732178022171655,-0.009212030738301732,4.878074741446967,4.475473956421046,3.0466203515655867,0.14164387515091934,1.1587691942805367,-inf,6155455.630000003,9.763971211463405,0.32944493212895715,0.1366905317531027,27842962.54,54362438.28,299359657.76,184557659.37,277290503.82,265691432.75,1148202862.61,968569309.36,840343447.78,831377399.03,307859414.83,137191910.33,0.08878780478160803,0.019061370100797656,0.016987907808256982,0.004357638106804595,4612063.54,-8922490.25,0.0,-0.0,0.0,0.0,0.0,0.0,552120184.6600001,137191910.32999995,414928274.33000016,425281420.33000016,414928274.33000016,-0.008430279241337697,-0.010674617436309436,-0.021114254953579954,0.010978363066535003
2016-12-31,428036742.17,361649947.12,66660839.32,76445647.35,309753880.06,62729607.6,62729607.6,2414218.07,48591701.99,0.0,2342351.52,0.0,0.0,13716039.75,62714455.88,0.71,0.71,499057545.77,299359657.76,5632391.51,0.0,1947286.62,27842962.54,669341.48,834509185.68,0.0,0.0,0.0,4481.68,0.0,277290503.82,11894194.28,13819739.17,0.0,0.0,313693676.93,1148202862.61,84000000.0,307349124.05,0.0,0.0,0.0,510290.78,307859414.83,839016089.82,1327357.96,840343447.78,80398241.35,37736127.66,1670940.0,-36960526.24,135000000.04,252960838.64,76445647.35,0.27633810478592635,0.15573625521503673,0.14655192281387416,0.17859599379821153,0.07464758339666673,0.054632861180478366,2.7151832244826597,2.6224147674124465,1.6237480660228352,0.26812284209969606,1.3663495153598162,inf,44333053.69,0.1878302337841569,0.26158604355391196,0.551418202010211,27842962.54,27842962.54,299359657.76,299359657.76,277290503.82,277290503.82,1148202862.61,1148202862.61,840343447.78,840343447.78,307859414.83,307859414.83,11.125033107198945,1.4298410994081303,1.5436401040543937,0.3727884297353364,428036742.17,62729607.6,0.0,0.0,0.0,0.0,0.0,0.0,649140835.16,223859414.82999983,425281420.33000016,425281420.33000016,425281420.33000016,0.054632861180478366,0.07464758339666673,0.2318078320755472,1.0064788201606876
