报告期,营业总收入*,营业总成本*,营业利润*,利润总额*,营业成本,净利润*,持续经营净利润,销售费用,管理费用,研发费用,财务费用,其中：利息费用,减：利息收入,减：所得税,综合收益总额*,基本每股收益,稀释每股收益,货币资金,应收票据及应收账款,预付款项,交易性金融资产,其他应收款,存货,其他流动资产,流动资产总计*,长期应收款,债权投资,其他债权投资,长期股权投资,投资性房地产,固定资产,在建工程,无形资产,开发支出,商誉,非流动资产合计*,资产总计*,短期借款,流动负债合计*,长期借款,应付债券,长期应付款,非流动负债合计*,负债合计*,归属于母公司所有者权益合计*,少数股东权益,所有者权益合计*,经营活动产生的现金流量净额*,购建固定资产、无形资产和其他长期资产支付的现金,处置固定资产、无形资产和其他长期资产收回的现金净额,投资活动产生的现金流量净额*,偿还债务支付的现金,筹资活动产生的现金流量净额*,息税前利润EBIT,毛利率,营业利润率,净利率,息税前利润率,净资产收益率,总资产报酬率,流动比率,速动比率,现金比率,资产负债率,权益乘数,利息保障倍数,自由现金流量,现金流量比率,债务保障倍数率,自由现金流与经营活动净现金流比率,存货_期初,存货_同期,应收票据及应收账款_期初,应收票据及应收账款_同期,固定资产_期初,固定资产_同期,资产总计*_期初,资产总计*_同期,所有者权益合计*_期初,所有者权益合计*_同期,负债合计*_期初,负债合计*_同期,存货周转率,应收账款周转率,固定资产周转率,总资产周转率,营业总收入*_同期,净利润*_同期,营业收入增长率,净利润增长率,净资产增长率,总资产增长率,固定资产增长率,存货增长率,经营性资产,经营性负债,经营性净资产,经营性净资产_期初,经营性净资产_同期,资产收益率ROA,权益收益率ROE,投资资本收益率ROIC,经营性资产周转率
2022-09-30,1215951908.09,1206013724.49,15537782.55,16200181.65,1079390778.69,16200181.65,16200181.65,7176887.86,58111151.55,34067099.83,16295033.54,18158640.5,922033.32,0.0,16200181.65,0.046,0.046,162716269.87,249286797.15,59286079.31,0.0,7168183.84,299402205.15,13445170.94,962205204.0,0.0,0.0,0.0,39977083.6,0.0,1009950128.78,19377591.84,53090307.29,0.0,0.0,1187597565.78,2149802769.78,593249239.18,713587597.8,0.0,0.0,4380000.0,29682848.95,743270446.75,1406532323.03,0.0,1406532323.03,118968408.0,14468222.65,0.0,-13968222.65,410479570.0,-65006206.91,34358822.15,0.1123080020611244,0.012778287074203889,0.013323044720943788,0.028256727853628975,0.011517816821373159,0.007535659492920759,1.3484051670271335,0.9099903500452906,0.22802564166145323,0.3457389008881324,1.533442762524153,1.8921472755628372,104500185.35,0.09783973133186977,0.16671871591768297,0.8783860110996862,373337828.42,408015610.67,281154986.44,229427001.45,950545720.7,913302790.79,2216581826.41,2203792690.09,1397358141.38,1394302938.68,819223685.03,809489751.41,3.2089387425393565,4.584676191458772,1.2404534377489427,0.5569605156407933,1088227897.49,55243229.61,0.11736880748471493,-0.7067481071550625,0.00877096648851474,-0.0244986384394419,0.10582179203284904,-0.2661991420907808,1947109416.3100004,150021207.5700004,1797088208.74,1864304041.8500001,1845846492.1999998,0.007420409857682202,0.011555502510265768,0.02990475494526462,0.664201934602369
2022-06-30,753217386.15,737906949.72,19415383.12,20080890.69,652782873.2,20080890.69,20080890.69,4099713.27,40442725.41,22956551.32,11282946.69,12851730.4,700468.78,0.0,20080890.69,0.057,0.057,203787137.57,222503153.03,93192427.95,0.0,4510426.84,355487099.83,11428254.98,1024588533.28,0.0,0.0,0.0,39977083.6,0.0,1015795443.23,19498960.65,53411407.61,0.0,0.0,1193885349.36,2218473882.64,660407616.14,777876970.57,0.0,0.0,4380000.0,30183880.0,808060850.57,1410413032.07,0.0,1410413032.07,79239236.46,13425151.65,0.0,-12925151.65,341348800.0,5896843.9,32932621.090000004,0.13334067268861322,0.025776599793108746,0.026660152911022927,0.04372259814438433,0.014237595820089792,0.009051668738197448,1.3171601320568966,0.8454719748138075,0.26197862294428403,0.3642417685839068,1.580238378125443,2.562504819584451,65814084.809999995,0.10520101887852579,0.10186602696559631,0.8305744445584478,373337828.42,435518994.21,281154986.44,233577633.91,950545720.7,928205251.74,2216581826.41,2240791503.94,1397358141.38,1370691334.74,819223685.03,870100169.2,1.7913297086789102,2.9909866519485275,0.7661105813851679,0.33966535509937984,731648147.37,31631625.67,0.02948034360167968,-0.3651641272093999,0.02897931600153768,-0.009959704533312875,0.09436511086939522,-0.18376212161577954,1974709661.47,147653234.43000007,1827056427.04,1864304041.8500001,1877463851.44,0.009055530305526367,0.014303794326177911,0.02961217061446283,0.4080974440171615
2022-03-31,386877229.53,374783430.95,15245522.34,15830412.82,333923748.06,15830412.82,15830412.82,2357114.29,19282042.79,11056707.69,5682982.25,7011751.84,323715.32,0.0,15830412.82,0.045,0.045,135981237.3,277922611.59,37898379.01,0.0,4262012.75,360231784.36,11639616.93,946224661.18,0.0,0.0,0.0,40430075.82,0.0,1031780549.88,19377591.84,53732507.93,0.0,0.0,1210523179.74,2156747840.92,599570979.72,713375406.72,0.0,0.0,4380000.0,30183880.0,743559286.72,1413188554.2,0.0,1413188554.2,34007121.91,7663153.12,0.0,-7663153.12,167348800.0,-21547002.27,22842164.66,0.13687412292093493,0.03940661578486051,0.04091844030012226,0.05904241169155894,0.011201911289864308,0.007339946061217453,1.3264049366806856,0.8051206342124908,0.19061665992275043,0.34475949047563265,1.534753252320486,3.2576972461706517,26343968.789999995,0.0879015856045954,0.047670723702629404,0.7746603449630177,373337828.42,402974622.46,281154986.44,239870154.89,950545720.7,942276233.76,2216581826.41,2259782448.94,1397358141.38,1359882665.11,819223685.03,899899783.83,0.9104077983670376,1.3839840154326493,0.39032649193193136,0.17692571059533035,373579154.27,15553456.04,0.035596406030698816,0.017806767787669216,0.03919888859358927,-0.04559492355927032,0.09498734332165802,-0.10606831228992018,1980336527.8000002,143988307.0,1836348220.8000002,1864304041.8500001,1868646095.8499997,0.007239524126551733,0.011265006089310428,0.01931878405663721,0.20908596759262163
2021-12-31,1525938566.48,1454221131.87,60693620.99,61155716.37,1253490163.75,58311863.28,58311863.28,9314927.0,112272406.38,47072587.81,16459664.18,26386422.22,3857837.74,2843853.09,58298432.31,0.17,0.17,131315464.88,281154986.44,80632411.18,0.0,6454821.05,373337828.42,5569609.11,1009251519.75,0.0,0.0,0.0,40430075.82,0.0,950545720.7,76088260.08,54053608.25,0.0,0.0,1207330306.66,2216581826.41,638691441.17,789039805.03,0.0,0.0,4380000.0,30183880.0,819223685.03,1397358141.38,0.0,1397358141.38,96243486.33,48929461.66,873142.81,-47256318.85,865783334.06,-122454870.64,87542138.59,0.17854480430262518,0.03977461630713394,0.03821376860178091,0.05736937286534424,0.041730077317481754,0.026307110608428354,1.2790882200317224,0.798874883373005,0.1664243857444014,0.36958874031590505,1.61694718841387,3.3176964220502043,48187167.480000004,0.06307166516671261,0.12197545132256127,0.5006797791465666,383784641.86,383784641.86,249619636.08,249619636.08,956509472.56,956509472.56,2181623141.07,2181623141.07,1344329209.07,1344329209.07,837293932.0,837293932.0,3.3111952503177795,5.749855029749473,1.6003087607249549,0.6938915206374766,1353306947.86,48096794.7,0.12756279637297696,0.2123856411579127,0.03944638854249498,0.01602416323969401,-0.006234911447388516,-0.027220509370489268,2044836285.7099998,180532243.85999966,1864304041.8500001,1833723993.7299998,1833723993.7299998,0.026516210004378413,0.042537208533590914,0.07990794861593693,0.8252714970240463
2021-09-30,1088227897.49,1029940555.49,55005986.52,55243229.61,889104182.47,55243229.61,55243229.61,7232660.92,73677195.51,31360978.14,15313190.85,22375403.42,3589758.85,0.0,55243229.61,0.157,0.157,191034880.63,229427001.45,53676333.66,0.0,4321643.04,408015610.67,13360894.22,1052960956.35,0.0,0.0,0.0,41674741.03,0.0,913302790.79,77915798.08,54374708.57,0.0,0.0,1150831733.74,2203792690.09,684253175.18,805109751.41,0.0,0.0,4380000.0,4380000.0,809489751.41,1394302938.68,0.0,1394302938.68,61553702.1,37136861.1,0.0,-36336861.1,690479450.0,-31954888.6,77618633.03,0.18297979263284764,0.050546385225807414,0.050764393871374394,0.07132571514572228,0.03962067932116624,0.02506734406481035,1.307847724494623,0.7844700059263937,0.2372780609046629,0.3673166514482546,1.6094112470713438,3.4689266411447788,24416841.0,0.05656324584397602,0.07645380271720736,0.39667542596109745,383784641.86,376069260.73,249619636.08,225669610.8,956509472.56,972325698.53,2181623141.07,2153953516.12,1344329209.07,1341195824.78,837293932.0,812757691.34,2.2457789818305556,4.543306693899299,1.163996962497513,0.4962940525538029,981044852.77,45193057.87,0.10925396980307937,0.22238308744032775,0.03959683807449326,0.023138463108422835,-0.060702815763517465,0.08494804887266755,1971083068.43,125236576.23000026,1845846492.1999998,1833723993.7299998,1858146514.87,0.02519406675986183,0.04034366547211288,0.07576290967958216,0.591497242219538
2021-06-30,731648147.37,696578139.2,31579452.69,31631625.67,595838254.09,31631625.67,31631625.67,4483280.6,51520585.86,21229826.29,12202071.8,15366924.47,883939.0,0.0,31631625.67,0.09,0.09,191173353.55,233577633.91,38419548.48,0.0,4882577.58,435518994.21,9942192.66,1085226438.71,0.0,0.0,0.0,41674741.03,0.0,928205251.74,60091602.3,54695808.89,0.0,0.0,1155565065.23,2240791503.94,739620611.28,865720169.2,0.0,0.0,4380000.0,4380000.0,870100169.2,1370691334.74,0.0,1370691334.74,-11970132.04,24228851.88,0.0,-23428851.88,308674240.0,26267485.16,46998550.14,0.18562186450985418,0.04316207565551319,0.04323338449458774,0.06423654636308739,0.02307713258871667,0.014116273474967163,1.2535533736182243,0.7389977438451021,0.22082580532536356,0.38830036961051334,1.6506626508214097,3.05842266822829,-36198983.92,-0.016360503451048326,-0.01382679122638604,3.0241089905304004,383784641.86,435351453.12,249619636.08,240317350.16,956509472.56,989997695.42,2181623141.07,2165598803.16,1344329209.07,1321400647.57,837293932.0,844198155.59,1.45449923046379,3.0283620906431934,0.7764020070907449,0.3308817494965335,638483519.78,25397880.66,0.145915477383193,0.24544351134847806,0.037301848807659944,0.034721436246769474,-0.062416755075156934,0.00038484100328428866,2007943409.3600001,130479557.92000008,1877463851.44,1833723993.7299998,1863091976.8999999,0.014305137898225495,0.023301205393909254,0.04647643495769855,0.3942932440470337
2021-03-31,373579154.27,358484679.96,15542705.44,15553456.04,297932806.53,15553456.04,15553456.04,2188679.37,32769962.34,11007474.78,5523608.78,8813491.29,216071.27,0.0,15553456.04,0.044,0.044,209568655.27,239870154.89,98828549.96,0.0,6404656.87,402974622.46,12160546.55,1106482088.28,0.0,0.0,0.0,41567660.17,0.0,942276233.76,41185774.25,55016909.21,0.0,0.0,1153300360.66,2259782448.94,759899746.18,895519783.83,0.0,0.0,4380000.0,4380000.0,899899783.83,1359882665.11,0.0,1359882665.11,-10380646.45,5839572.92,0.0,-5039572.92,95000000.0,73821403.7,24366947.33,0.20249081586958007,0.041604852043662724,0.04163362934527905,0.06522566115235935,0.011437351500279542,0.006882722736118109,1.2355752583686612,0.7720063048894529,0.23401901225867638,0.39822407871700993,1.671305766028585,2.7647326726977455,-16220219.37,-0.02778700666605586,-0.011591755578646822,1.5625442450166482,383784641.86,396470634.85,249619636.08,250612358.25,956509472.56,1007291363.49,2181623141.07,2194301049.32,1344329209.07,1305577110.43,837293932.0,888723938.89,0.7573671389494341,1.5264022300840836,0.3934926969658167,0.168225642400364,307663599.8,7817843.52,0.2142455412757605,0.9894816262579786,0.04159505727096728,0.02984157512948925,-0.06454451223004601,0.016404714594967826,2008646133.5,140000037.65000033,1868646095.8499997,1833723993.7299998,1931663574.8300002,0.007003844042068213,0.011503134194850235,0.02439898827293207,0.20180540855243306
2020-12-31,1353306947.86,1293080763.31,41136469.71,48096794.7,1106940446.39,48096794.7,48096794.7,9616839.83,87474077.16,48020084.92,26667058.42,28922256.39,1588874.42,0.0,47874640.32,0.14,0.14,151007506.16,249619636.08,65864560.11,0.0,9780030.92,383784641.86,15335679.38,1021435950.83,0.0,0.0,0.0,41579296.46,0.0,956509472.56,33506628.42,55338009.53,0.0,0.0,1160187190.24,2181623141.07,681981587.28,832913932.0,0.0,0.0,4380000.0,4380000.0,837293932.0,1344329209.07,0.0,1344329209.07,132323926.38,40044916.98,13852.7,-3681605.72,992834127.22,-55261313.52,77019051.09,0.182047762231312,0.03039699882945963,0.03554019638786014,0.056911738472776724,0.03577754197074474,0.022046335040437102,1.2263403355222062,0.7471547847635235,0.18130025247314507,0.38379402759238257,1.6514383684753746,2.6629682709205804,92292862.1,0.0977782066287662,0.15886866733308525,0.6974767498582141,378043499.77,378043499.77,247098117.66,247098117.66,1030236793.05,1030236793.05,2172662223.27,2172662223.27,1297759266.91,1297759266.91,874902956.36,874902956.36,2.9060109121766,5.448997696057265,1.3623349607197957,0.6215977294198893,1398780970.86,12797365.91,-0.03250975238249175,2.758335507341917,0.03588488508418371,0.004124395271398155,-0.07156347063836793,0.015186458948488519,1989036338.45,155312344.72000027,1833723993.7299998,1876664523.81,1876664523.81,0.02209170537783082,0.03640816357004093,0.07339607444770768,0.7294691331986155
2020-09-30,981044852.77,931174166.15,45778606.82,45193057.87,770106298.25,45193057.87,45193057.87,36205061.47,60726183.95,33634671.53,19770087.13,22980314.52,3356721.54,0.0,45193057.87,0.129,0.129,150167507.63,225669610.8,61165895.21,0.0,6751591.3,376069260.73,12941712.31,995502358.72,0.0,0.0,0.0,41473075.95,0.0,972325698.53,25360450.3,55659109.85,0.0,0.0,1158451157.4,2153953516.12,708591273.67,808377691.34,0.0,0.0,4380000.0,4380000.0,812757691.34,1341195824.78,0.0,1341195824.78,12267723.79,24595478.83,0.0,11346925.62,877772570.6,-19029604.31,68173372.39,0.21501417995763467,0.04666311299706958,0.04606625042921991,0.0694905764986291,0.033696091976287756,0.0209814452966506,1.2314817311074164,0.7502574504185724,0.185764042277164,0.37733297643491026,1.6324290799057117,2.966598752626646,-12327755.04,0.012504753228521442,0.015175732731644928,-1.0048934301935404,378043499.77,345319861.5,247098117.66,414092161.95,1030236793.05,1053048422.91,2172662223.27,2203776990.27,1297759266.91,1291699935.82,874902956.36,912077054.45,2.042416833629485,4.150219203690864,0.979789501595994,0.45349294315113614,1067342934.05,6614512.03,-0.08085319022307531,5.8324099593481264,0.03831841094625351,-0.022608219602064127,-0.07665623215780558,0.08904613565067128,1962312932.5399997,104166417.66999984,1858146514.87,1876664523.81,1717129582.02,0.02089071948708423,0.03425072144070336,0.06401604447020716,0.5253518009932477
2020-06-30,638483519.78,613798098.17,25220316.92,25397880.66,504634841.71,25397880.66,25397880.66,23492507.99,39765025.36,22756189.77,16995476.87,17144188.0,1817711.33,0.0,25397880.66,0.072,0.072,162583620.67,240317350.16,17022964.57,35539000.0,6646168.57,435351453.12,11705652.64,993138656.7,0.0,0.0,0.0,45668451.06,0.0,989997695.42,17111839.54,55980210.17,0.0,0.0,1172460146.46,2165598803.16,749943401.06,839818155.59,0.0,0.0,4380000.0,4380000.0,844198155.59,1321400647.57,0.0,1321400647.57,9705215.65,10646027.22,0.0,-11032407.49,578931232.5,27163011.1,42542068.66,0.2096352903769854,0.03950034125969309,0.03977844356695574,0.06662986176159812,0.019220423954465007,0.011727878969520995,1.1825639277853994,0.6502378488785584,0.23591133312760104,0.3898220456892396,1.6536590921291274,2.481428030303914,-940811.5700000003,0.0152004168460669,0.011556329885702179,-0.09693875993368578,378043499.77,356405759.8,247098117.66,395471911.25,1030236793.05,1070211871.46,2172662223.27,2167111016.41,1297759266.91,1287095179.9,874902956.36,880015836.51,1.2408113424284908,2.6198738527345573,0.6320885257864771,0.2943499784315259,708531511.1,2009756.11,-0.09886362176221361,11.637294910375966,0.026653403886311794,-0.0006978014686599246,-0.07495167842846914,0.22150509959294992,1957346731.4299998,94254754.52999997,1863091976.8999999,1876664523.81,1743265689.91,0.011708784005973093,0.019393913689338377,0.04103546050781313,0.34145726849263186
2020-03-31,307663599.8,299110898.84,7778276.72,7817843.52,244949404.45,7817843.52,7817843.52,10386933.07,21459065.37,10674728.25,8524582.49,9384312.06,992721.22,0.0,7817843.52,0.022,0.022,112794331.52,250612358.25,35135885.34,71539000.0,15687223.81,396470634.85,18260450.64,1003867951.06,0.0,0.0,0.0,51945875.17,0.0,1007291363.49,11123471.34,56301310.49,0.0,0.0,1190433098.26,2194301049.32,790826671.09,884343938.89,0.0,0.0,4380000.0,4380000.0,888723938.89,1305577110.43,0.0,1305577110.43,31982353.56,2864941.94,0.0,-2864941.94,286135911.07,-5791814.25,17202155.58,0.20384015330629965,0.02528175814446802,0.025410362243314034,0.055912222281681814,0.005988036598945231,0.0035627944134751697,1.135155573429974,0.666185224619129,0.20844076994678026,0.40501458957302594,1.6857606788117498,1.8330758259119526,29117411.619999997,0.1039523478916273,0.03616506220435368,0.9104211660150254,378043499.77,353916598.82,247098117.66,420977358.06,1030236793.05,988530543.7,2172662223.27,2232940812.2,1297759266.91,1288591750.43,874902956.36,944349061.77,0.6325240392679975,1.2363155476584111,0.30199690621449343,0.14090505488383828,373620070.52,1749826.64,-0.17653353212048414,3.4677817455105155,0.013181335356471143,-0.01730442771652774,0.018978492783621573,0.12023746886096963,2029560842.63,97897267.79999995,1931663574.8300002,1876664523.81,1761067653.4000003,0.003580448486512376,0.006006018728926612,0.016071938986966794,0.1615741038225516
2019-12-31,1398780970.86,1385779784.32,12169116.68,12680136.19,1166306050.77,12797365.91,12797365.91,53737494.36,72714588.75,51972935.91,28475269.75,29992303.56,475883.56,-117229.72,12673843.12,0.04,0.04,89942694.92,247098117.66,46869459.51,35539000.0,18483862.08,378043499.77,14001996.26,957386227.06,0.0,0.0,0.0,52720299.41,0.0,1030236793.05,10309127.67,56622410.81,0.0,0.0,1215275996.21,2172662223.27,721568251.23,870522956.36,0.0,0.0,4380000.0,4380000.0,874902956.36,1297759266.91,0.0,1297759266.91,54386817.14,43138096.11,21330706.53,-68586901.95,950014568.87,-3439090.8,42672439.75,0.166198228981532,0.008699801422461568,0.009148941954887984,0.030506877516187605,0.009861124660254498,0.005890177392940133,1.0997828604810258,0.6494265623894775,0.14414518767510565,0.4026870569154617,1.6812359532199763,1.422779669612013,32579427.560000002,0.03888158208683797,0.06247602862469331,0.5990317005706652,335452976.0,335452976.0,402508164.95,402508164.95,1013829942.55,1013829942.55,2180811727.03,2180811727.03,1286841923.79,1286841923.79,893969803.24,893969803.24,3.2692692686711067,4.306550008229453,1.3686255409360812,0.6426044978464195,1517894687.08,8845822.15,-0.0784729778909373,0.44671300111996937,0.008483826115834354,-0.0037369130305892383,0.016183039986699593,0.12696421500818636,2029999228.9399998,153334705.12999988,1876664523.81,1819694047.6399999,1819694047.6399999,0.005879151250746833,0.009902778003854458,0.03937701815850913,0.7568426838586112
2019-09-30,1067342934.05,1070557594.19,6465425.29,6614512.03,914806473.54,6614512.03,6614512.03,36653085.4,48508117.27,39810839.78,21957135.03,26067649.62,2258988.27,0.0,6614512.03,0.019,0.019,88717358.12,414092161.95,11821380.18,85000000.0,23812346.0,345319861.5,6321171.58,975084279.33,0.0,0.0,0.0,54325370.68,0.0,1053048422.91,340149.82,57069434.76,0.0,0.0,1228692710.94,2203776990.27,568472375.0,906899781.75,0.0,0.0,5177272.7,5177272.7,912077054.45,1291699935.82,0.0,1291699935.82,34066665.78,32116073.25,14957000.0,-116584205.22,631884117.06,61374599.01,32682161.650000002,0.1429123252179176,0.00605749575299772,0.006197176014368163,0.03062011337442273,0.005120780644616941,0.003001443457847162,1.075184159211537,0.6874444771030512,0.19155077729182615,0.41386994168509544,1.7093203137709136,1.2537440899514438,16907592.53,0.031917263602181806,0.03756387030357779,0.49630899129336514,335452976.0,364646291.46,402508164.95,414837354.92,1013829942.55,990068578.47,2180811727.03,2160224038.46,1286841923.79,1310260172.55,893969803.24,849963865.91,2.6875528021929926,2.614113413600692,1.0328067213693577,0.48686114154271803,1146688419.67,17957633.64,-0.06919533175614923,-0.6316601528574228,-0.014165306340555623,0.02016131245398434,0.06361159803427524,-0.053000484065309626,2060734261.47,343604679.45000005,1717129582.02,1819694047.6399999,1836950500.4499998,0.0030171641886964358,0.005130428273132967,0.029995054755788494,0.6035601691298388
2019-06-30,708531511.1,717632167.21,1570759.07,2009756.11,616101642.62,2009756.11,2009756.11,21390778.74,32373150.39,28160177.51,13869282.85,17979696.79,2183027.93,0.0,2009756.11,0.006,0.006,61591244.56,395471911.25,19796598.27,50000000.0,23786327.84,356405759.8,12359457.48,919411299.2,0.0,0.0,0.0,55811930.43,0.0,1070211871.46,360887.24,57336567.81,0.0,0.0,1247699717.21,2167111016.41,573573685.0,874838563.81,0.0,0.0,5177272.7,5177272.7,880015836.51,1287095179.9,0.0,1287095179.9,31615024.73,41972520.34,7419000.0,-98978652.31,446817777.06,30511555.5,19989452.9,0.13045272797606702,0.0022169219652085565,0.00283650914393326,0.028212510787228414,0.0015614665810155133,0.000927389549857639,1.050949669154823,0.6294259360514325,0.12755638488775595,0.40607787503559445,1.6838880898085864,1.1117791992531147,-2938495.610000003,0.044620492151319364,0.036138124264108513,-0.09294617464624716,335452976.0,381148789.23,402508164.95,413582936.47,1013829942.55,1014108927.37,2180811727.03,2195884161.62,1286841923.79,1305175589.91,893969803.24,890708571.71,1.7810041580456404,1.7758125352553757,0.6799590165004245,0.32591724964249125,767661408.17,12873051.0,-0.07702601230268634,-0.8438788046439031,-0.013852856389420175,-0.013103216332127843,0.055322404305716895,-0.06491698289265481,2049707841.4199998,306442151.50999975,1743265689.91,1819694047.6399999,1812806566.15,0.0009244672587765054,0.0015616202176182243,0.01799992270194825,0.3977207508874113
2019-03-31,373620070.52,371797485.52,1314491.73,1749826.64,326528301.6,1749826.64,1749826.64,9275907.54,15905347.97,13104534.06,3603289.95,10376860.63,1959116.99,0.0,1749826.64,0.005,0.005,83624901.66,420977358.06,13063250.71,50000000.0,15146037.71,353916598.82,15929756.86,952657903.82,0.0,0.0,0.0,55943619.01,0.0,988530543.7,114157457.04,57603700.86,0.0,0.0,1280282908.38,2232940812.2,607877757.01,935005122.44,4166666.63,0.0,5177272.7,9343939.33,944349061.77,1288591750.43,0.0,1288591750.43,37570057.93,22796626.49,0.0,-87015213.76,263207896.72,39080978.02,12126687.270000001,0.12604186079847957,0.003518257807110057,0.004683438546448032,0.03245726936757499,0.001357937173985544,0.0007836421952787844,1.018879876651299,0.6233244440619623,0.14291355036782144,0.42291719359976326,1.734030920346859,1.1686277480629514,14773431.440000001,0.10055685144995138,0.04000339274160178,0.39322354699387607,335452976.0,369795092.6,402508164.95,441439354.59,1013829942.55,1033187203.41,2180811727.03,2171645502.5,1286841923.79,1302183225.52,893969803.24,869462276.98,0.9473243773059153,0.9074113875234767,0.37317962782986375,0.16929815036036425,379136702.55,6367686.61,-0.014550509072047715,-0.7252021421324314,-0.010437452137023528,0.028225283375871706,-0.0432222346179009,-0.04293862762850528,2093372291.53,332304638.12999964,1761067653.4000003,1819694047.6399999,1765247323.3399997,0.0007928974832400846,0.0013588597971019036,0.012372123926853355,0.20868189603987633
2018-12-31,1517894687.08,1532768460.42,8242040.84,8909227.97,1298041180.25,8845822.15,8845822.15,54298292.44,71844923.03,58512439.33,31665320.81,29935301.11,307586.57,63405.82,8829174.7,0.03,0.03,95521701.03,402508164.95,13437000.11,0.0,17191869.18,335452976.0,21542233.75,885653945.02,0.0,0.0,0.0,57357921.17,0.0,1013829942.55,112775824.41,47077378.61,0.0,0.0,1295157782.01,2180811727.03,677398412.75,880459197.24,8333333.3,0.0,5177272.7,13510606.0,893969803.24,1286841923.79,0.0,1286841923.79,78674351.2,47712401.71,1675674.31,-44236727.4,902834664.73,-37560184.46,38844529.08,0.1448410806766416,0.0054299161266947674,0.005827691621358041,0.025591056751589195,0.006874054991888461,0.004056206246674458,1.0059000437456773,0.6004352466612891,0.10849077541518623,0.4099252549680104,1.6888122087627555,1.2976161134061164,32637623.800000004,0.0518312316853465,0.08851824075546647,0.41484452432319524,345626040.82,345626040.82,510424295.05,510424295.05,1053761756.92,1053761756.92,2234663159.35,2234663159.35,1295815538.91,1295815538.91,938847620.44,938847620.44,3.8117197805054532,3.325316501682939,1.4682731483871718,0.6875340597053815,1609577439.75,18423587.45,-0.05696075902023096,-0.5198642949421883,-0.0069250713936865205,-0.024098232476192763,-0.03789453745855722,-0.029433733626853843,2027932104.8300002,208238057.1900003,1819694047.6399999,1712446688.9499998,1712446688.9499998,0.004006736479143331,0.006850170630643578,0.04002028862556163,0.8594757685365653
2018-09-30,1146688419.67,1142687414.31,17796250.14,17916110.33,968397722.58,17957633.64,17957633.64,40552728.8,53456825.74,42291985.41,28389511.28,23893015.03,380799.38,-41523.31,17957633.64,0.054,0.054,68965476.19,414837354.92,15523811.92,0.0,15274701.39,364646291.46,3742.75,879251378.63,0.0,0.0,0.0,51150570.06,0.0,990068578.47,128059417.42,47077378.61,0.0,0.0,1280972659.83,2160224038.46,634306374.18,831489320.51,12499999.97,0.0,5974545.43,18474545.4,849963865.91,1294451627.97,15808544.58,1310260172.55,98350300.53,54663633.84,301904.0,-52561729.84,730990467.9,-70863734.34,41809125.36,0.15548312342886436,0.015519691168697333,0.015660429923211348,0.03646075485094028,0.013705395322404742,0.008312857055697705,1.0574415773502717,0.6188911050647837,0.08294210699867982,0.39346097940652947,1.6578367458478627,1.7498471962414364,43988570.69,0.08576898383460065,0.11653026660819057,0.4472642224065403,345626040.82,335610176.15,510424295.05,574600091.75,1053761756.92,1079288098.06,2234663159.35,2280708256.08,1295815538.91,1292542558.28,938847620.44,988165697.8,2.7268349858748073,2.4786251968990163,1.1220974655425018,0.5218283737709593,1199183897.66,14612012.72,-0.04377600307378698,0.2289637289612214,0.013707567427084953,-0.05282754482025854,-0.08266515655122142,0.08651738646036286,2040107992.21,203157491.76000014,1836950500.4499998,1712446688.9499998,1762247072.3400004,0.008172056679383446,0.013781359889916328,0.04115453160566492,0.6461313617391125
2018-06-30,767661408.17,756196285.43,13270979.61,12873051.0,643061607.78,12873051.0,12873051.0,26450728.35,36988821.34,27952339.04,13559774.29,16201385.76,171534.85,0.0,12873051.0,0.038,0.038,95000323.96,413582936.47,20113049.9,0.0,17185378.74,381148789.23,14971.03,927045449.33,0.0,0.0,0.0,39097323.9,0.0,1014108927.37,103938367.14,47077378.61,0.0,0.0,1268838712.29,2195884161.62,625061957.46,868067359.64,16666666.64,0.0,5974545.43,22641212.07,890708571.71,1288932784.26,16242805.65,1305175589.91,62510878.53,36176227.57,62208.0,-36114019.57,615341267.52,-34729716.95,29074436.759999998,0.16231088219874035,0.01728754300888487,0.016769178264005216,0.03787403723903418,0.009863079802839153,0.0058623543195024394,1.0679418354290606,0.628847154553058,0.109438885018552,0.405626392902659,1.6884980016184934,1.794564810115354,26396858.96,0.08143027363980353,0.07065499536944067,0.42227624344347864,345626040.82,382867348.78,510424295.05,503009156.37,1053761756.92,1107248734.64,2234663159.35,2317553610.74,1295815538.91,1287294385.75,938847620.44,1030259224.99,1.7696309260896095,1.661591775439225,0.7424655845281498,0.3465311856784017,793535818.34,9363840.19,-0.03260648047888605,0.3747619287381282,0.01389053223407184,-0.05249908720823531,-0.08411823319923022,-0.004488655288773283,2061786513.7599998,248979947.60999975,1812806566.15,1712446688.9499998,1784977836.75,0.005811043226678209,0.009898573553259413,0.028360764449638864,0.435521281802617
2018-03-31,379136702.55,371707055.48,6529369.38,6367686.61,310781493.81,6367686.61,6367686.61,12633494.86,19019991.55,13529762.64,4962308.39,8121284.3,83905.3,0.0,6367686.61,0.019,0.019,74615063.16,441439354.59,32518568.88,0.0,15376223.36,369795092.6,26199.31,933770501.9,0.0,0.0,0.0,40159964.64,0.0,1033187203.41,48403356.59,47077378.61,0.0,0.0,1237875000.6,2171645502.5,557005792.31,841002639.31,20833333.31,0.0,5974545.43,28459637.67,869462276.98,1285689990.35,16493235.17,1302183225.52,-36814367.48,22692291.84,0.0,-22692291.84,254876518.68,31242674.61,14488970.91,0.18029172137716057,0.0172216758126679,0.016795226015239816,0.03821569057427041,0.004890008168748446,0.0029321943211585476,1.1103062680827154,0.6705677052960164,0.08872155647599142,0.400370261158681,1.6717833220189833,1.7840738453153278,-59506659.31999999,-0.09710051079833129,-0.04271621126243261,1.616397710821134,345626040.82,360818911.41,510424295.05,488171721.07,1053761756.92,1136945647.43,2234663159.35,2302668199.54,1295815538.91,1284556400.66,938847620.44,1018111798.88,0.868807138319607,0.7966197736270139,0.3633406563906084,0.17208812711310081,390267582.68,6625855.1,-0.028521149652152286,-0.038963799555471614,0.01372211048961595,-0.05690038063937051,-0.09126068977399233,0.02487724702378564,2056870474.6999998,291623151.3600002,1765247323.3399997,1712446688.9499998,1834027619.0900002,0.002890258989403847,0.004901993563031635,0.01319076987918143,0.2180391381243718
2017-12-31,1609577439.75,1599949804.13,17309025.28,18474764.85,1342836645.77,18423587.45,18423587.45,55982702.25,87447853.44,59054754.9,35273428.96,33568418.61,859657.66,51177.4,17884993.35,0.05,0.05,99525851.72,510424295.05,11118075.13,0.0,17910234.2,345626040.82,1143624.62,985748121.54,0.0,0.0,0.0,41071296.18,0.0,1053761756.92,36612466.55,48145910.81,0.0,0.0,1248915037.81,2234663159.35,532228297.96,806221316.1,24999999.98,0.0,5974545.43,132626304.34,938847620.44,1279065078.32,16750460.59,1295815538.91,72553545.81,33221526.78,608306.94,-20952849.23,991635072.65,-108006940.84,52043183.46,0.16572100688826147,0.010753769810968799,0.011446226192671759,0.032333444899726824,0.014217754685591555,0.008244458397640072,1.2226768281300717,0.7925596152567418,0.12344730873830588,0.42012936782520915,1.7365063110413037,1.5503614890126634,39940325.97,0.04507614484287816,0.0872854730821378,0.550494473069503,364604201.47,364604201.47,402704831.62,402704831.62,1164101728.09,1164101728.09,2292869829.31,2292869829.31,1277930545.56,1277930545.56,1014939283.75,1014939283.75,3.781412183858246,3.525410355969715,1.4514666485369752,0.7110174321342192,1468229547.13,10063630.75,0.0962709767667444,0.8307098012315286,0.013995278078405105,-0.02538594612565352,-0.09478550586042019,-0.05205140416233403,2094066011.4499998,381619322.49999994,1712446688.9499998,1739613056.9800003,1739613056.9800003,0.008138466355140914,0.014316554038619457,0.044031770116467146,0.9325316235605144
2017-09-30,1199183897.66,1191727364.13,14668907.69,14621724.15,997500326.51,14612012.72,14612012.72,40018476.49,71144155.29,41863293.94,27806233.61,25478836.21,638681.08,9711.43,14612012.72,0.045,0.045,85791473.97,574600091.75,12966008.61,0.0,6913116.9,335610176.15,4011.13,1015884878.51,0.0,0.0,0.0,42263249.43,0.0,1079288098.06,30232894.0,48975440.81,0.0,0.0,1264823377.57,2280708256.08,597759237.46,835560546.31,0.0,0.0,52605151.49,152605151.49,988165697.8,1276307304.83,16235253.45,1292542558.28,13762744.46,44033833.04,0.0,-33977418.95,760766171.17,-56403791.92,40100560.36,0.16818402210332434,0.012232408822886828,0.012184964081416384,0.0334398756006058,0.011304860042244458,0.006406787313128163,1.215812406409503,0.8141488899089473,0.10267535290993819,0.43327141696694865,1.7745435676201988,1.5738772379352721,-30271088.58,0.011476758891489133,0.016471271316936868,-2.1994950693141035,364604201.47,335610176.15,402704831.62,574600091.75,1164101728.09,1079288098.06,2292869829.31,2280708256.08,1277930545.56,1292542558.28,1014939283.75,988165697.8,2.8491283766564828,2.4540629418399,1.0690820504593117,0.5243963808077163,1199183897.66,14612012.72,0.0,0.0,0.0,0.0,0.0,0.0,2152653532.6800003,390406460.34,1762247072.3400004,1739613056.9800003,1762247072.3400004,0.00638975106456677,0.011369123215622279,0.03279387779199477,0.6848839493157372
2017-06-30,793535818.34,792745915.71,8912202.15,9363840.19,661251003.58,9363840.19,9363840.19,26735740.81,73588253.63,0.0,20811870.78,0.0,0.0,0.0,9363840.19,0.03,0.03,130653098.62,503009156.37,7770255.34,0.0,7041868.04,382867348.78,1016044.67,1032357771.82,0.0,0.0,0.0,43182561.13,0.0,1107248734.64,21725407.07,48975440.81,0.0,0.0,1285195838.92,2317553610.74,636519110.75,838487406.83,35000000.0,0.0,56771818.16,191771818.16,1030259224.99,1270856471.35,16437914.4,1287294385.75,10158099.45,33740929.0,0.0,-24693901.25,552384342.65,-16032588.83,9363840.19,0.16670301667885262,0.01123100173177244,0.011800148113777957,0.011800148113777957,0.007274047252637138,0.004040398524809144,1.231214402757639,0.7733859484206609,0.15581998913251346,0.4445460162024196,1.8069008939161368,inf,-23582829.55,0.012801059782341973,0.011629359931890798,-2.321578919962238,364604201.47,382867348.78,402704831.62,503009156.37,1164101728.09,1107248734.64,2292869829.31,2317553610.74,1277930545.56,1287294385.75,1014939283.75,1030259224.99,1.7693007937461631,1.7522878720269062,0.6987348111715239,0.3442355474105408,793535818.34,9363840.19,0.0,0.0,0.0,0.0,0.0,0.0,2143717950.9899998,358740114.2399999,1784977836.75,1739613056.9800003,1784977836.75,0.004062030445471816,0.007300599706255082,0.007678794461851807,0.4502853478692489
2017-03-31,390267582.68,382894893.42,6550892.55,6625855.1,327710936.51,6625855.1,6625855.1,12891476.25,28378827.98,0.0,8330013.0,0.0,0.0,0.0,6625855.1,0.02,0.02,93081484.02,488171721.07,6267236.56,0.0,7710972.41,360818911.41,38207177.41,994257502.88,0.0,0.0,0.0,44265854.02,0.0,1136945647.43,14188189.98,48947309.96,0.0,0.0,1308410696.66,2302668199.54,637959008.47,862480432.72,48859548.0,0.0,6771818.16,155631366.16,1018111798.88,1267558173.16,16998227.5,1284556400.66,-26898022.13,12598658.91,0.0,-50779020.28,221734037.19,10828254.2,6625855.1,0.1602916792125503,0.01678564359615645,0.016977723475005792,0.016977723475005792,0.005158088112437617,0.0028774684521737154,1.15278847514768,0.690139035598549,0.10792300959970698,0.442144378023454,1.797213603711608,inf,-39496681.04,-0.0689219994786373,-0.0295148053405375,1.4683860712549723,364604201.47,360818911.41,402704831.62,488171721.07,1164101728.09,1136945647.43,2292869829.31,2302668199.54,1277930545.56,1284556400.66,1014939283.75,1018111798.88,0.9035028818118458,0.8761428988148533,0.3392086463163808,0.16984630754003863,390267582.68,6625855.1,0.0,0.0,0.0,0.0,0.0,0.0,2165320861.5,331293242.40999985,1834027619.0900002,1739613056.9800003,1834027619.0900002,0.002883603642665567,0.005171425446497586,0.005410678660197411,0.2184145626578129
2016-12-31,1468229547.13,1451041015.68,12523312.75,13678219.48,1191913275.08,10063630.75,10063630.75,55795123.84,136828410.47,0.0,46757328.81,0.0,0.0,3614588.73,10277064.89,0.04,0.04,159602198.39,402704831.62,10549664.89,0.0,10717327.98,364604201.47,15424520.5,963602744.85,0.0,0.0,0.0,45607287.36,0.0,1164101728.09,6279930.73,49214443.01,0.0,0.0,1329267084.46,2292869829.31,618155213.17,859430681.59,48736784.0,0.0,6771818.16,155508602.16,1014939283.75,1260395970.78,17534574.78,1277930545.56,236205929.1,35110028.89,1011611.65,53765743.66,1093367175.45,-246581630.22,13678219.48,0.1881969155232745,0.008529533256213076,0.00685426251615201,0.009316131463732832,0.007874943427062409,0.004389098160460543,1.1212105472744762,0.6790239578139704,0.1857068892336099,0.44265019792049365,1.7942053558984656,inf,202107511.85999998,0.16087806539632718,0.2600907190025206,0.8556411459698621,364604201.47,364604201.47,402704831.62,402704831.62,1164101728.09,1164101728.09,2292869829.31,2292869829.31,1277930545.56,1277930545.56,1014939283.75,1014939283.75,3.269060724683041,3.645919869457761,1.2612553625695564,0.6403457921428705,1468229547.13,10063630.75,0.0,0.0,0.0,0.0,0.0,0.0,2087660343.5600002,348047286.5799999,1739613056.9800003,1739613056.9800003,1739613056.9800003,0.004389098160460543,0.007874943427062409,0.01178401420548569,0.8439977736651811
