timestamp,volume,open,high,low,close,chg,percent,turnoverrate,amount,volume_post,amount_post,pe,pb,ps,pcf,market_capital,balance,hold_volume_cn,hold_ratio_cn,net_volume_cn,hold_volume_hk,hold_ratio_hk,net_volume_hk
2010-07-27,18749243,2.5343,2.56,2.5087,2.5215,-0.0128,-0.51,1.4,73975905,,,16.5567,1.5972,5.4636,8.8307,10785492000,,,,,,,
2010-07-28,38332562,2.5215,2.5664,2.5022,2.56,0.0385,1.53,2.86,152068298,,,16.8095,1.6216,5.547,8.9655,10950156000,,,,,,,
2010-07-29,36669970,2.5664,2.5857,2.5343,2.5728,0.0128,0.5,2.74,146274230,,,16.8937,1.6297,5.5749,9.0104,11005044000,,,,,,,
2010-07-30,28966142,2.5664,2.6049,2.5536,2.5792,0.0064,0.25,2.16,116258812,,,16.9359,1.6337,5.5888,9.0329,11032488000,,,,,,,
2010-08-02,33191134,2.5792,2.6306,2.5728,2.6241,0.0449,1.74,2.48,134599314,,,17.2308,1.6622,5.6861,9.1902,11224596000,,,,,,,
2010-08-03,56571449,2.6241,2.6883,2.5792,2.6049,-0.0192,-0.73,4.22,232484845,,,17.1044,1.65,5.6444,9.1228,11142264000,,,,,,,
2010-08-04,28925601,2.6049,2.6241,2.5536,2.6049,0,0,2.16,116663489,,,17.1044,1.65,5.6444,9.1228,11142264000,,,,,,,
2010-08-05,20633191,2.6113,2.6241,2.5792,2.5985,-0.0064,-0.25,1.54,83625521,,,17.0623,1.6459,5.6305,9.1003,11114820000,,,,,,,
2010-08-06,30405677,2.5921,2.6177,2.5407,2.6177,0.0192,0.74,2.27,122605034,,,17.1886,1.6581,5.6722,9.1677,11197152000,,,,,,,
2010-08-09,24181132,2.6177,2.6241,2.5985,2.6049,-0.0128,-0.49,1.8,98284219,,,17.1044,1.65,5.6444,9.1228,11142264000,,,,,,,
2010-08-10,29483690,2.6049,2.6177,2.5215,2.5279,-0.077,-2.96,2.2,118054916,,,16.5988,1.6012,5.4775,8.8532,10812936000,,,,,,,
2010-08-11,18164835,2.5279,2.5472,2.5151,2.5407,0.0128,0.51,1.36,71575038,,,16.6831,1.6094,5.5053,8.8981,10867824000,,,,,,,
2010-08-12,19895030,2.5151,2.5407,2.4894,2.4958,-0.0449,-1.77,1.49,77923228,,,16.3882,1.5809,5.408,8.7408,10675716000,,,,,,,
2010-08-13,16283845,2.4894,2.5215,2.4702,2.5215,0.0257,1.03,1.22,63379975,,,16.5567,1.5972,5.4636,8.8307,10785492000,,,,,,,
2010-08-16,26204009,2.5215,2.5664,2.5022,2.56,0.0385,1.53,1.96,103768217,,,16.8095,1.6216,5.547,8.9655,10950156000,,,,,,,
2010-08-17,93982062,2.56,2.7525,2.5472,2.7204,0.1604,6.27,7.01,388457165,,,17.8627,1.7232,5.8946,9.5273,11636256000,,,,,,,
2010-08-18,68525710,2.6947,2.7717,2.6562,2.6755,-0.0449,-1.65,5.11,287693612,,,17.5678,1.6947,5.7973,9.37,11444148000,,,,,,,
2010-08-19,31021137,2.6819,2.6883,2.6177,2.6434,-0.0321,-1.2,2.32,128024383,,,17.3572,1.6744,5.7278,9.2576,11306928000,,,,,,,
2010-08-20,23098183,2.6306,2.6691,2.5985,2.6113,-0.0321,-1.21,1.72,94518832,,,17.1465,1.6541,5.6583,9.1453,11169708000,,,,,,,
2010-08-23,16223712,2.6177,2.6241,2.5857,2.5921,-0.0192,-0.74,1.21,65752620,,,17.0201,1.6419,5.6166,9.0779,11087376000,,,,,,,
2010-08-24,20889201,2.6049,2.6498,2.6049,2.6177,0.0256,0.99,1.56,85367604,,,17.1886,1.6581,5.6722,9.1677,11197152000,,,,,,,
2010-08-25,24071320,2.6049,2.6049,2.5279,2.5407,-0.077,-2.94,1.8,96315114,,,16.6831,1.6094,5.5053,8.8981,10867824000,,,,,,,
2010-08-26,14193818,2.5407,2.5664,2.5279,2.5472,0.0065,0.26,1.06,56284363,,,16.7252,1.6134,5.5192,8.9206,10895268000,,,,,,,
2010-08-27,10705048,2.5536,2.5536,2.5151,2.5343,-0.0129,-0.51,0.8,42198995,,,16.641,1.6053,5.4914,8.8756,10840380000,,,,,,,
2010-08-30,16813796,2.5472,2.5728,2.5407,2.56,0.0257,1.01,1.25,67049487,,,16.8095,1.6216,5.547,8.9655,10950156000,,,,,,,
2010-08-31,20073376,2.6049,2.6049,2.5215,2.5536,-0.0064,-0.25,1.5,80085956,,,16.7673,1.6175,5.5331,8.943,10922712000,,,,,,,
2010-09-01,19718762,2.56,2.56,2.5022,2.5215,-0.0321,-1.26,1.47,77706755,,,16.5567,1.5972,5.4636,8.8307,10785492000,,,,,,,
2010-09-02,19799315,2.5343,2.5407,2.5087,2.5343,0.0128,0.51,1.48,77908809,,,16.641,1.6053,5.4914,8.8756,10840380000,,,,,,,
2010-09-03,23168302,2.5343,2.5343,2.4958,2.5215,-0.0128,-0.51,1.73,90645141,,,16.5567,1.5972,5.4636,8.8307,10785492000,,,,,,,
2010-09-06,26220834,2.5215,2.5664,2.5151,2.5664,0.0449,1.78,1.96,103981735,,,16.8516,1.6256,5.561,8.988,10977600000,,,,,,,
2010-09-07,20019214,2.5664,2.5857,2.5472,2.56,-0.0064,-0.25,1.49,79973727,,,16.8095,1.6216,5.547,8.9655,10950156000,,,,,,,
2010-09-08,18601294,2.5472,2.5536,2.5151,2.5407,-0.0193,-0.75,1.39,73359510,,,16.6831,1.6094,5.5053,8.8981,10867824000,,,,,,,
2010-09-09,22939931,2.5407,2.5407,2.4894,2.4958,-0.0449,-1.77,1.71,89695387,,,16.3882,1.5809,5.408,8.7408,10675716000,,,,,,,
2010-09-10,15161109,2.4958,2.5151,2.4637,2.4894,-0.0064,-0.26,1.13,58662519,,,16.3461,1.5769,5.3941,8.7183,10648272000,,,,,,,
2010-09-13,15190745,2.4894,2.5087,2.4894,2.5087,0.0193,0.78,1.13,59201943,,,16.4724,1.589,5.4358,8.7857,10730604000,,,,,,,
2010-09-14,16062983,2.5087,2.5151,2.4766,2.4894,-0.0193,-0.77,1.2,62324020,,,16.3461,1.5769,5.3941,8.7183,10648272000,,,,,,,
2010-09-15,16548450,2.4894,2.4894,2.4445,2.4573,-0.0321,-1.29,1.24,63520921,,,16.1354,1.5565,5.3246,8.606,10511052000,,,,,,,
2010-09-16,19119698,2.4573,2.4702,2.3932,2.4188,-0.0385,-1.57,1.43,72437096,,,15.8826,1.5321,5.2412,8.4712,10346388000,,,,,,,
2010-09-17,11342581,2.4188,2.4317,2.3932,2.3996,-0.0192,-0.79,0.85,42480388,,,15.7563,1.52,5.1995,8.4038,10264056000,,,,,,,
2010-09-20,10814299,2.3996,2.4124,2.3803,2.3868,-0.0128,-0.53,0.81,40367092,,,15.672,1.5118,5.1717,8.3588,10209168000,,,,,,,
2010-09-21,8195657,2.3932,2.3996,2.3739,2.3932,0.0064,0.27,0.61,30481805,,,15.7141,1.5159,5.1856,8.3813,10236612000,,,,,,,
2010-09-27,8881549,2.3996,2.4188,2.3996,2.4124,0.0192,0.8,0.66,33312987,,,15.8405,1.5281,5.2273,8.4487,10318944000,,,,,,,
2010-09-28,9538987,2.4124,2.4124,2.3803,2.3868,-0.0256,-1.06,0.71,35605056,,,15.672,1.5118,5.1717,8.3588,10209168000,,,,,,,
2010-09-29,12705525,2.3803,2.3932,2.3611,2.3675,-0.0193,-0.81,0.95,47083886,,,15.5456,1.4996,5.13,8.2914,10126836000,,,,,,,
2010-09-30,10803974,2.3675,2.406,2.3611,2.406,0.0385,1.63,0.81,40265353,,,17.1188,1.493,5.3076,8.2509,10291500000,,,,,,,
2010-10-08,17495414,2.4188,2.4573,2.4124,2.4573,0.0513,2.13,1.31,66544645,,,17.484,1.5248,5.4208,8.4269,10511052000,,,,,,,
2010-10-11,26317188,2.4573,2.5022,2.4509,2.4958,0.0385,1.57,1.96,101678824,,,17.7579,1.5487,5.5057,8.5589,10675716000,,,,,,,
2010-10-12,20301192,2.4958,2.5022,2.4637,2.483,-0.0128,-0.51,1.52,78477997,,,17.6666,1.5407,5.4774,8.5149,10620828000,,,,,,,
2010-10-13,29207982,2.4894,2.5279,2.4702,2.5279,0.0449,1.81,2.18,113825569,,,17.9862,1.5686,5.5765,8.6689,10812936000,,,,,,,
2010-10-14,51512800,2.5343,2.5792,2.5087,2.5472,0.0193,0.76,3.85,204070504,,,18.1231,1.5806,5.6189,8.7349,10895268000,,,,,,,
2010-10-15,56019237,2.5728,2.5985,2.5472,2.5985,0.0513,2.01,4.18,224539557,,,18.4883,1.6124,5.7322,8.911,11114820000,,,,,,,
2010-10-18,86597618,2.6241,2.7268,2.6177,2.6498,0.0513,1.97,6.46,360051919,,,18.8535,1.6443,5.8454,9.087,11334372000,,,,,,,
2010-10-19,42000332,2.637,2.6434,2.5857,2.637,-0.0128,-0.48,3.13,171039581,,,18.7622,1.6363,5.8171,9.043,11279484000,,,,,,,
2010-10-20,42195158,2.5921,2.6049,2.5536,2.5664,-0.0706,-2.68,3.15,169457634,,,18.2601,1.5925,5.6614,8.8009,10977600000,,,,,,,
2010-10-21,25161636,2.5664,2.5857,2.5407,2.5664,0,0,1.88,100496134,,,18.2601,1.5925,5.6614,8.8009,10977600000,,,,,,,
2010-10-22,20807652,2.5664,2.5728,2.5343,2.5472,-0.0192,-0.75,1.55,82664694,,,18.1231,1.5806,5.6189,8.7349,10895268000,,,,,,,
2010-10-25,31876190,2.5472,2.5985,2.5407,2.5921,0.0449,1.76,2.38,128156286,,,18.4427,1.6084,5.718,8.889,11087376000,,,,,,,
2010-10-26,27005234,2.5985,2.5985,2.5536,2.5728,-0.0193,-0.74,2.02,108199406,,,18.3057,1.5965,5.6755,8.8229,11005044000,,,,,,,
2010-10-28,28424017,2.56,2.56,2.5151,2.5407,-0.0321,-1.25,2.12,112316126,,,18.0775,1.5766,5.6048,8.7129,10867824000,,,,,,,
2010-10-29,28618887,2.5343,2.5472,2.4958,2.5343,-0.0064,-0.25,2.14,112258892,,,18.0318,1.5726,5.5906,8.6909,10840380000,,,,,,,
2010-11-01,30906382,2.5279,2.56,2.5151,2.56,0.0257,1.01,2.31,122504612,,,18.2144,1.5885,5.6472,8.7789,10950156000,,,,,,,
2010-11-02,29639790,2.5664,2.5664,2.5215,2.5472,-0.0128,-0.5,2.21,117359527,,,18.1231,1.5806,5.6189,8.7349,10895268000,,,,,,,
2010-11-03,36912314,2.5472,2.6113,2.5472,2.5664,0.0192,0.75,2.76,148688808,,,18.2601,1.5925,5.6614,8.8009,10977600000,,,,,,,
2010-11-04,31328215,2.5728,2.5921,2.5472,2.5857,0.0193,0.75,2.34,125587997,,,18.397,1.6044,5.7039,8.867,11059932000,,,,,,,
2010-11-05,34350059,2.5985,2.6049,2.5728,2.5985,0.0128,0.5,2.56,138467098,,,18.4883,1.6124,5.7322,8.911,11114820000,,,,,,,
2010-11-08,53158674,2.6049,2.6691,2.5985,2.6498,0.0513,1.97,3.97,217833257,,,18.8535,1.6443,5.8454,9.087,11334372000,,,,,,,
2010-11-09,46341805,2.6434,2.6755,2.6113,2.6626,0.0128,0.48,3.46,191066563,,,18.9448,1.6522,5.8737,9.131,11389260000,,,,,,,
2010-11-10,37126567,2.6498,2.6626,2.6049,2.6177,-0.0449,-1.69,2.77,151961347,,,18.6253,1.6243,5.7746,8.977,11197152000,,,,,,,
2010-11-11,36538933,2.6049,2.6241,2.5857,2.5985,-0.0192,-0.73,2.73,148461234,,,18.4883,1.6124,5.7322,8.911,11114820000,,,,,,,
2010-11-12,47940574,2.5728,2.6241,2.4702,2.483,-0.1155,-4.44,3.58,190628580,,,17.6666,1.5407,5.4774,8.5149,10620828000,,,,,,,
2010-11-15,23988129,2.483,2.5087,2.4573,2.5087,0.0257,1.04,1.79,92947302,,,17.8492,1.5567,5.534,8.6029,10730604000,,,,,,,
2010-11-16,27577875,2.5151,2.5215,2.4381,2.4445,-0.0642,-2.56,2.06,106265570,,,17.3927,1.5169,5.3925,8.3829,10456164000,,,,,,,
2010-11-17,20147843,2.4253,2.4445,2.3932,2.3996,-0.0449,-1.84,1.5,75991643,,,17.0732,1.489,5.2934,8.2289,10264056000,,,,,,,
2010-11-18,11982942,2.3996,2.4253,2.3932,2.4124,0.0128,0.53,0.89,45034528,,,17.1645,1.4969,5.3217,8.2729,10318944000,,,,,,,
2010-11-19,18917362,2.4124,2.4317,2.3803,2.4253,0.0129,0.53,1.41,70860043,,,17.2558,1.5049,5.35,8.3169,10373832000,,,,,,,
2010-11-22,28846267,2.406,2.5215,2.3932,2.483,0.0577,2.38,2.15,111714077,,,17.6666,1.5407,5.4774,8.5149,10620828000,,,,,,,
2010-11-23,20647801,2.4894,2.4894,2.3996,2.4188,-0.0642,-2.59,1.54,77983357,,,17.2101,1.5009,5.3359,8.2949,10346388000,,,,,,,
2010-11-24,13581016,2.406,2.4381,2.3932,2.4381,0.0193,0.8,1.01,51296212,,,17.3471,1.5129,5.3783,8.3609,10428720000,,,,,,,
2010-11-25,19732521,2.4509,2.4573,2.4253,2.4573,0.0192,0.79,1.47,75024656,,,17.484,1.5248,5.4208,8.4269,10511052000,,,,,,,
2010-11-26,14467626,2.4509,2.4509,2.4124,2.4253,-0.032,-1.3,1.08,54665039,,,17.2558,1.5049,5.35,8.3169,10373832000,,,,,,,
2010-11-29,10767047,2.4253,2.4317,2.3996,2.4253,0,0,0.8,40514829,,,17.2558,1.5049,5.35,8.3169,10373832000,,,,,,,
2010-11-30,24340368,2.4253,2.4253,2.3483,2.3675,-0.0578,-2.38,1.82,89871293,,,16.8449,1.4691,5.2226,8.1189,10126836000,,,,,,,
2010-12-01,12507225,2.3611,2.3996,2.3483,2.3803,0.0128,0.54,0.93,46245530,,,16.9362,1.477,5.2509,8.1629,10181724000,,,,,,,
2010-12-02,13360184,2.3932,2.406,2.3611,2.3739,-0.0064,-0.27,1,49720242,,,16.8906,1.4731,5.2368,8.1409,10154280000,,,,,,,
2010-12-03,9969042,2.3803,2.3868,2.3483,2.3803,0.0064,0.27,0.74,36767058,,,16.9362,1.477,5.2509,8.1629,10181724000,,,,,,,
2010-12-06,9832842,2.3803,2.3868,2.3483,2.3675,-0.0128,-0.54,0.73,36280260,,,16.8449,1.4691,5.2226,8.1189,10126836000,,,,,,,
2010-12-07,12180339,2.3611,2.3739,2.3354,2.3675,0,0,0.91,44605979,,,16.8449,1.4691,5.2226,8.1189,10126836000,,,,,,,
2010-12-08,8798980,2.3675,2.3739,2.3418,2.3483,-0.0192,-0.81,0.66,32307891,,,16.708,1.4571,5.1802,8.0529,10044504000,,,,,,,
2010-12-09,17637095,2.3483,2.3868,2.3418,2.3739,0.0256,1.09,1.32,65087715,,,16.8906,1.4731,5.2368,8.1409,10154280000,,,,,,,
2010-12-10,10399290,2.3739,2.3932,2.3547,2.3868,0.0129,0.54,0.78,38440897,,,16.9819,1.481,5.2651,8.1849,10209168000,,,,,,,
2010-12-13,17597274,2.3868,2.4253,2.3739,2.4253,0.0385,1.61,1.31,65941024,,,17.2558,1.5049,5.35,8.3169,10373832000,,,,,,,
2010-12-14,14701804,2.4253,2.4253,2.3996,2.4188,-0.0065,-0.27,1.1,55272745,,,17.2101,1.5009,5.3359,8.2949,10346388000,,,,,,,
2010-12-15,12699447,2.4188,2.4253,2.3868,2.3932,-0.0256,-1.06,0.95,47521113,,,17.0275,1.485,5.2792,8.2069,10236612000,,,,,,,
2010-12-16,9069246,2.3932,2.4124,2.3868,2.3996,0.0064,0.27,0.68,33866756,,,17.0732,1.489,5.2934,8.2289,10264056000,,,,,,,
2010-12-17,8322769,2.3932,2.3996,2.3739,2.3803,-0.0193,-0.8,0.62,30884395,,,16.9362,1.477,5.2509,8.1629,10181724000,,,,,,,
2010-12-20,16751731,2.3803,2.3932,2.2969,2.3354,-0.0449,-1.89,1.25,61150496,,,16.6167,1.4492,5.1519,8.0089,9989616000,,,,,,,
2010-12-21,13403642,2.329,2.3675,2.3162,2.3611,0.0257,1.1,1,48943875,,,16.7993,1.4651,5.2085,8.0969,10099392000,,,,,,,
2010-12-22,7982754,2.3611,2.3675,2.3354,2.3418,-0.0193,-0.82,0.6,29199331,,,16.6623,1.4532,5.166,8.0309,10017060000,,,,,,,
2010-12-23,10160005,2.3418,2.3418,2.3162,2.3162,-0.0256,-1.09,0.76,36848587,,,16.4797,1.4372,5.1094,7.9429,9907284000,,,,,,,
2010-12-24,9936470,2.3226,2.329,2.3033,2.329,0.0128,0.55,0.74,35877631,,,16.571,1.4452,5.1377,7.9869,9962172000,,,,,,,
2010-12-27,11971768,2.3226,2.3354,2.2841,2.2905,-0.0385,-1.65,0.89,43125003,,,16.2971,1.4213,5.0528,7.8548,9797508000,,,,,,,
2010-12-28,13225240,2.2777,2.2841,2.2264,2.2264,-0.0641,-2.8,0.99,46344931,,,15.8406,1.3815,4.9113,7.6348,9523068000,,,,,,,
2010-12-29,7405585,2.2199,2.2328,2.2135,2.2264,0,0,0.55,25648134,,,15.8406,1.3815,4.9113,7.6348,9523068000,,,,,,,
2010-12-30,9070380,2.2135,2.2328,2.1814,2.2071,-0.0193,-0.87,0.68,31219440,,,15.7037,1.3695,4.8688,7.5688,9440736000,,,,,,,
2010-12-31,12725308,2.2007,2.2841,2.2007,2.2777,0.0706,3.2,0.95,44545424,,,18.422,1.4098,5.0337,7.5556,9742620000,,,,,,,
2011-01-04,10086596,2.2777,2.2905,2.2456,2.2713,-0.0064,-0.28,0.75,35619664,,,18.3701,1.4059,5.0195,7.5343,9715176000,,,,,,,
2011-01-05,6603877,2.2713,2.2713,2.2456,2.2584,-0.0129,-0.57,0.49,23200969,,,18.2663,1.3979,4.9912,7.4918,9660288000,,,,,,,
2011-01-06,6862429,2.2456,2.2649,2.2328,2.2328,-0.0256,-1.13,0.51,24018293,,,18.0587,1.382,4.9345,7.4066,9550512000,,,,,,,
2011-01-07,9376826,2.2392,2.2713,2.2264,2.2456,0.0128,0.57,0.7,32942814,,,18.1625,1.39,4.9628,7.4492,9605400000,,,,,,,
2011-01-10,7050700,2.252,2.2649,2.2264,2.2328,-0.0128,-0.57,0.53,24671802,,,18.0587,1.382,4.9345,7.4066,9550512000,,,,,,,
2011-01-11,5896672,2.2264,2.2456,2.2199,2.2456,0.0128,0.57,0.44,20516324,,,18.1625,1.39,4.9628,7.4492,9605400000,,,,,,,
2011-01-12,7939074,2.252,2.2649,2.2456,2.2649,0.0193,0.86,0.59,27885099,,,18.3182,1.4019,5.0054,7.5131,9687732000,,,,,,,
2011-01-13,10423594,2.252,2.2649,2.2328,2.2392,-0.0257,-1.13,0.78,36501984,,,18.1106,1.386,4.9486,7.4279,9577956000,,,,,,,
2011-01-14,7256677,2.2392,2.2392,2.2135,2.2199,-0.0193,-0.86,0.54,25130038,,,17.9549,1.3741,4.9061,7.3641,9495624000,,,,,,,
2011-01-17,11576968,2.2135,2.2199,2.1686,2.175,-0.0449,-2.02,0.86,39562767,,,17.5917,1.3463,4.8068,7.2151,9303516000,,,,,,,
2011-01-18,5999541,2.1686,2.1879,2.1622,2.175,0,0,0.45,20335070,,,17.5917,1.3463,4.8068,7.2151,9303516000,,,,,,,
2011-01-19,7721669,2.1814,2.2135,2.1686,2.2071,0.0321,1.48,0.58,26402484,,,17.8511,1.3662,4.8777,7.3215,9440736000,,,,,,,
2011-01-20,8227777,2.2071,2.2135,2.1494,2.1558,-0.0513,-2.32,0.61,27829287,,,17.436,1.3344,4.7643,7.1512,9221184000,,,,,,,
2011-01-21,7899916,2.1494,2.1943,2.1365,2.1686,0.0128,0.59,0.59,26685871,,,17.5398,1.3423,4.7927,7.1938,9276072000,,,,,,,
2011-01-24,6582220,2.1622,2.2007,2.1558,2.1879,0.0193,0.89,0.49,22349962,,,17.6955,1.3542,4.8352,7.2577,9358404000,,,,,,,
2011-01-25,10572264,2.1879,2.2264,2.175,2.2264,0.0385,1.76,0.79,36292542,,,18.0068,1.3781,4.9203,7.3854,9523068000,,,,,,,
2011-01-26,6075449,2.2264,2.2264,2.2071,2.2264,0,0,0.45,21010556,,,18.0068,1.3781,4.9203,7.3854,9523068000,,,,,,,
2011-01-27,7803825,2.2135,2.2392,2.2007,2.2264,0,0,0.58,27003663,,,18.0068,1.3781,4.9203,7.3854,9523068000,,,,,,,
2011-01-28,5000140,2.2264,2.2264,2.2071,2.2135,-0.0129,-0.58,0.37,17271761,,,17.903,1.3701,4.8919,7.3428,9468180000,,,,,,,
2011-01-31,5767936,2.2135,2.2264,2.2007,2.2199,0.0064,0.29,0.43,19941437,,,17.9549,1.3741,4.9061,7.3641,9495624000,,,,,,,
2011-02-01,5146042,2.2264,2.2392,2.2199,2.2328,0.0129,0.58,0.38,17899349,,,18.0587,1.382,4.9345,7.4066,9550512000,,,,,,,
2011-02-09,5929172,2.2264,2.2328,2.2007,2.2071,-0.0257,-1.15,0.44,20446683,,,17.8511,1.3662,4.8777,7.3215,9440736000,,,,,,,
2011-02-10,7839009,2.2007,2.2264,2.1879,2.2264,0.0193,0.87,0.59,26968600,,,18.0068,1.3781,4.9203,7.3854,9523068000,,,,,,,
2011-02-11,12467202,2.2264,2.252,2.2135,2.2456,0.0192,0.86,0.93,43286079,,,18.1625,1.39,4.9628,7.4492,9605400000,,,,,,,
2011-02-14,97188475,2.3226,2.4702,2.3226,2.4637,0.2181,9.71,7.25,367965151,,,19.9268,1.525,5.4449,8.1728,10538496000,,,,,,,
2011-02-15,51882425,2.4317,2.4317,2.3739,2.3996,-0.0641,-2.6,3.87,194351733,,,19.4079,1.4853,5.3031,7.96,10264056000,,,,,,,
2011-02-16,37567790,2.3739,2.3932,2.3098,2.3868,-0.0128,-0.53,2.8,137647764,,,19.3041,1.4774,5.2748,7.9174,10209168000,,,,,,,
2011-02-17,22545883,2.3675,2.3675,2.329,2.3483,-0.0385,-1.61,1.68,82389815,,,18.9928,1.4535,5.1897,7.7897,10044504000,,,,,,,
2011-02-18,13649686,2.3226,2.3675,2.3226,2.3418,-0.0065,-0.28,1.02,49876323,,,18.9409,1.4496,5.1755,7.7685,10017060000,,,,,,,
2011-02-21,12968533,2.3226,2.3483,2.3226,2.3483,0.0065,0.28,0.97,47282824,,,18.9928,1.4535,5.1897,7.7897,10044504000,,,,,,,
2011-02-22,20612153,2.3547,2.3611,2.2713,2.2777,-0.0706,-3.01,1.54,74079029,,,18.422,1.4098,5.0337,7.5556,9742620000,,,,,,,
2011-02-23,10864084,2.2649,2.2969,2.2649,2.2905,0.0128,0.56,0.81,38608132,,,18.5257,1.4178,5.0621,7.5982,9797508000,,,,,,,
2011-02-24,10662051,2.2905,2.3098,2.2713,2.3033,0.0128,0.56,0.8,38000216,,,18.6295,1.4257,5.0904,7.6408,9852396000,,,,,,,
2011-02-25,9556031,2.3098,2.3226,2.2841,2.3162,0.0129,0.56,0.71,34315918,,,18.7333,1.4337,5.1188,7.6833,9907284000,,,,,,,
2011-02-28,11399685,2.3098,2.3226,2.2841,2.3226,0.0064,0.28,0.85,40989392,,,18.7852,1.4376,5.133,7.7046,9934728000,,,,,,,
2011-03-01,15246423,2.3226,2.3418,2.3033,2.329,0.0064,0.28,1.14,55153163,,,18.8371,1.4416,5.1472,7.7259,9962172000,,,,,,,
2011-03-02,10822900,2.3226,2.3226,2.2969,2.3162,-0.0128,-0.55,0.81,38943963,,,18.7333,1.4337,5.1188,7.6833,9907284000,,,,,,,
2011-03-03,16113227,2.3162,2.3483,2.3098,2.3162,0,0,1.2,58419553,,,18.7333,1.4337,5.1188,7.6833,9907284000,,,,,,,
2011-03-04,11785019,2.3162,2.3354,2.3098,2.329,0.0128,0.55,0.88,42687699,,,18.8371,1.4416,5.1472,7.7259,9962172000,,,,,,,
2011-03-07,34241023,2.3547,2.3932,2.3483,2.3547,0.0257,1.1,2.56,126312653,,,19.0447,1.4575,5.2039,7.811,10071948000,,,,,,,
2011-03-08,15351358,2.3611,2.3675,2.3418,2.3675,0.0128,0.54,1.15,56293131,,,19.1485,1.4654,5.2322,7.8536,10126836000,,,,,,,
2011-03-09,12708372,2.3675,2.3675,2.3418,2.3483,-0.0192,-0.81,0.95,46574215,,,18.9928,1.4535,5.1897,7.7897,10044504000,,,,,,,
2011-03-10,15058910,2.3483,2.3483,2.3098,2.3162,-0.0321,-1.37,1.12,54424073,,,18.7333,1.4337,5.1188,7.6833,9907284000,,,,,,,
2011-03-11,12148229,2.3162,2.3418,2.3098,2.3162,0,0,0.91,44032816,,,18.7333,1.4337,5.1188,7.6833,9907284000,,,,,,,
2011-03-14,10924952,2.3098,2.3162,2.2905,2.3098,-0.0064,-0.28,0.82,39172758,,,18.6814,1.4297,5.1046,7.662,9879840000,,,,,,,
2011-03-15,18077591,2.3033,2.3033,2.2392,2.2713,-0.0385,-1.67,1.35,63768065,,,18.3701,1.4059,5.0195,7.5343,9715176000,,,,,,,
2011-03-16,12741305,2.2713,2.3098,2.2584,2.3098,0.0385,1.7,0.95,45445509,,,18.6814,1.4297,5.1046,7.662,9879840000,,,,,,,
2011-03-17,11987032,2.2969,2.3033,2.2649,2.2713,-0.0385,-1.67,0.89,42630085,,,18.3701,1.4059,5.0195,7.5343,9715176000,,,,,,,
2011-03-18,6786347,2.2777,2.2969,2.2713,2.2777,0.0064,0.28,0.51,24124759,,,18.422,1.4098,5.0337,7.5556,9742620000,,,,,,,
2011-03-21,8246196,2.2777,2.2841,2.2649,2.2777,0,0,0.62,29213218,,,18.422,1.4098,5.0337,7.5556,9742620000,,,,,,,
2011-03-22,9039991,2.2777,2.2841,2.2456,2.2649,-0.0128,-0.56,0.67,31868334,,,18.3182,1.4019,5.0054,7.5131,9687732000,,,,,,,
2011-03-23,9822950,2.2584,2.2841,2.252,2.2777,0.0128,0.57,0.73,34736572,,,18.422,1.4098,5.0337,7.5556,9742620000,,,,,,,
2011-03-24,8638444,2.2777,2.2841,2.2649,2.2713,-0.0064,-0.28,0.64,30581171,,,18.3701,1.4059,5.0195,7.5343,9715176000,,,,,,,
2011-03-25,13486070,2.2777,2.2905,2.2649,2.2905,0.0192,0.85,1.01,47957222,,,18.5257,1.4178,5.0621,7.5982,9797508000,,,,,,,
2011-03-28,15823904,2.2905,2.3033,2.2841,2.3033,0.0128,0.56,1.18,56610087,,,18.6295,1.4257,5.0904,7.6408,9852396000,,,,,,,
2011-03-29,18881283,2.3033,2.329,2.2841,2.3098,0.0065,0.28,1.41,67888566,,,18.6814,1.4297,5.1046,7.662,9879840000,,,,,,,
2011-03-30,21952654,2.3033,2.3354,2.2969,2.3354,0.0256,1.11,1.64,79344672,,,18.889,1.4456,5.1613,7.7472,9989616000,,,,,,,
2011-03-31,13844698,2.329,2.3354,2.2841,2.2905,-0.0449,-1.92,1.03,49692725,,,20.022,1.3873,4.921,7.6974,9797508000,,,,,,,
2011-04-01,9959339,2.2841,2.3033,2.2777,2.3033,0.0128,0.56,0.74,35513495,,,20.1342,1.395,4.9485,7.7405,9852396000,,,,,,,
2011-04-06,13834418,2.2969,2.3226,2.2777,2.3162,0.0129,0.56,1.03,49660378,,,20.2463,1.4028,4.9761,7.7836,9907284000,,,,,,,
2011-04-07,13769199,2.3226,2.3226,2.3033,2.3098,-0.0064,-0.28,1.03,49618422,,,20.1903,1.3989,4.9623,7.7621,9879840000,,,,,,,
2011-04-08,14904445,2.3162,2.329,2.3033,2.329,0.0192,0.83,1.11,53826657,,,20.3585,1.4106,5.0037,7.8268,9962172000,,,,,,,
2011-04-11,32295735,2.329,2.3547,2.3162,2.3483,0.0193,0.83,2.41,117589172,,,20.5268,1.4222,5.045,7.8914,10044504000,,,,,,,
2011-04-12,75496306,2.3354,2.4637,2.3226,2.406,0.0577,2.46,5.64,282780258,,,21.0315,1.4572,5.1691,8.0855,10291500000,,,,,,,
2011-04-13,37077029,2.3932,2.4253,2.3803,2.4124,0.0064,0.27,2.77,139024524,,,21.0876,1.4611,5.1829,8.1071,10318944000,,,,,,,
2011-04-14,25827990,2.4253,2.4317,2.3739,2.3932,-0.0192,-0.8,1.93,96554068,,,20.9193,1.4494,5.1415,8.0424,10236612000,,,,,,,
2011-04-15,19520859,2.3868,2.4124,2.3675,2.4124,0.0192,0.8,1.46,72565686,,,21.0876,1.4611,5.1829,8.1071,10318944000,,,,,,,
2011-04-18,20579063,2.406,2.4253,2.3932,2.4188,0.0064,0.27,1.54,77190374,,,21.1437,1.465,5.1967,8.1286,10346388000,,,,,,,
2011-04-19,17371894,2.406,2.4124,2.3739,2.3868,-0.032,-1.32,1.3,64599790,,,20.8633,1.4455,5.1277,8.0208,10209168000,,,,,,,
2011-04-20,16699084,2.3868,2.4188,2.3803,2.3996,0.0128,0.54,1.25,62506115,,,20.9754,1.4533,5.1553,8.0639,10264056000,,,,,,,
2011-04-21,24081813,2.3932,2.3996,2.3675,2.3739,-0.0257,-1.07,1.8,89389074,,,20.7511,1.4378,5.1002,7.9777,10154280000,,,,,,,
2011-04-22,19508958,2.3739,2.406,2.3483,2.3739,0,0,1.46,72252471,,,20.7511,1.4378,5.1002,7.9777,10154280000,,,,,,,
2011-04-25,16028817,2.3739,2.3803,2.329,2.3354,-0.0385,-1.62,1.2,58795390,,,20.4146,1.4145,5.0175,7.8483,9989616000,,,,,,,
2011-04-26,12833409,2.3354,2.3354,2.3033,2.3098,-0.0256,-1.1,0.96,46349431,,,20.1903,1.3989,4.9623,7.7621,9879840000,,,,,,,
2011-04-27,11229621,2.3098,2.3226,2.2969,2.3033,-0.0065,-0.28,0.84,40455187,,,20.1342,1.395,4.9485,7.7405,9852396000,,,,,,,
2011-04-28,12385341,2.3098,2.3226,2.2584,2.2649,-0.0384,-1.67,0.92,44237265,,,19.7977,1.3717,4.8658,7.6111,9687732000,,,,,,,
2011-04-29,9263948,2.2649,2.3098,2.2649,2.3033,0.0384,1.7,0.69,33031631,,,20.1342,1.395,4.9485,7.7405,9852396000,,,,,,,
2011-05-03,32011812,2.2969,2.4188,2.2905,2.3932,0.0899,3.9,2.39,118424737,,,20.9193,1.4494,5.1415,8.0424,10236612000,,,,,,,
2011-05-04,28780489,2.3739,2.406,2.3418,2.3739,-0.0193,-0.81,2.15,106529380,,,20.7511,1.4378,5.1002,7.9777,10154280000,,,,,,,
2011-05-05,27673052,2.3675,2.4124,2.3547,2.3932,0.0193,0.81,2.07,103176928,,,20.9193,1.4494,5.1415,8.0424,10236612000,,,,,,,
2011-05-06,16538390,2.3803,2.406,2.3611,2.3739,-0.0193,-0.81,1.23,61386547,,,20.7511,1.4378,5.1002,7.9777,10154280000,,,,,,,
2011-05-09,13760055,2.3868,2.406,2.3611,2.3868,0.0129,0.54,1.03,51036517,,,20.8633,1.4455,5.1277,8.0208,10209168000,,,,,,,
2011-05-10,15202065,2.3996,2.406,2.3675,2.3803,-0.0065,-0.27,1.13,56543627,,,20.8072,1.4417,5.114,7.9993,10181724000,,,,,,,
2011-05-11,21051666,2.3739,2.3803,2.3354,2.3418,-0.0385,-1.62,1.57,77165090,,,20.4707,1.4183,5.0312,7.8699,10017060000,,,,,,,
2011-05-12,16891463,2.3226,2.3483,2.3098,2.3098,-0.032,-1.37,1.26,61127147,,,20.1903,1.3989,4.9623,7.7621,9879840000,,,,,,,
2011-05-13,11871932,2.3162,2.3226,2.2905,2.3226,0.0128,0.55,0.89,42688381,,,20.3024,1.4067,4.9899,7.8052,9934728000,,,,,,,
2011-05-16,11742554,2.3162,2.3226,2.2905,2.2969,-0.0257,-1.11,0.88,42170798,,,20.0781,1.3911,4.9348,7.719,9824952000,,,,,,,
2011-05-17,9994162,2.2969,2.3098,2.2713,2.2905,-0.0064,-0.28,0.75,35702129,,,20.022,1.3873,4.921,7.6974,9797508000,,,,,,,
2011-05-18,7837272,2.2969,2.3162,2.2841,2.3098,0.0193,0.84,0.58,28163105,,,20.1903,1.3989,4.9623,7.7621,9879840000,,,,,,,
2011-05-19,7559633,2.3162,2.3226,2.2777,2.2841,-0.0257,-1.11,0.56,27112056,,,19.9659,1.3834,4.9072,7.6758,9770064000,,,,,,,
2011-05-20,6719648,2.2905,2.2969,2.2713,2.2841,0,0,0.5,23902431,,,19.9659,1.3834,4.9072,7.6758,9770064000,,,,,,,
2011-05-23,14101042,2.2777,2.2841,2.2071,2.2135,-0.0706,-3.09,1.05,49207030,,,19.349,1.3406,4.7556,7.4387,9468180000,,,,,,,
2011-05-24,8860119,2.2135,2.2135,2.1814,2.2071,-0.0064,-0.29,0.66,30376299,,,19.2929,1.3367,4.7418,7.4171,9440736000,,,,,,,
2011-05-25,8874569,2.2135,2.2135,2.1686,2.175,-0.0321,-1.45,0.66,30255587,,,19.0125,1.3173,4.6729,7.3093,9303516000,,,,,,,
2011-05-26,7184782,2.1814,2.2007,2.1686,2.175,0,0,0.54,24468477,,,19.0125,1.3173,4.6729,7.3093,9303516000,,,,,,,
2011-05-27,7111696,2.175,2.1879,2.1558,2.175,0,0,0.53,24095274,,,19.0125,1.3173,4.6729,7.3093,9303516000,,,,,,,
2011-05-30,6111118,2.1686,2.1879,2.1494,2.1686,-0.0064,-0.29,0.46,20650294,,,18.9564,1.3134,4.6591,7.2877,9276072000,,,,,,,
2011-05-31,5892574,2.175,2.1943,2.1622,2.1943,0.0257,1.19,0.44,20019537,,,19.1807,1.329,4.7142,7.374,9385848000,,,,,,,
2011-06-01,5480715,2.1943,2.1943,2.175,2.1879,-0.0064,-0.29,0.41,18630472,,,19.1247,1.3251,4.7004,7.3524,9358404000,,,,,,,
2011-06-02,6733566,2.175,2.175,2.1429,2.1558,-0.0321,-1.47,0.5,22631768,,,18.8442,1.3057,4.6315,7.2446,9221184000,,,,,,,
2011-06-03,4856673,2.1494,2.1879,2.1429,2.1814,0.0256,1.19,0.36,16431403,,,19.0686,1.3212,4.6866,7.3309,9330960000,,,,,,,
2011-06-07,4426676,2.175,2.1879,2.1622,2.1879,0.0065,0.3,0.33,15007196,,,19.1247,1.3251,4.7004,7.3524,9358404000,,,,,,,
2011-06-08,5371517,2.1814,2.1879,2.1558,2.1879,0,0,0.4,18186818,,,19.1247,1.3251,4.7004,7.3524,9358404000,,,,,,,
2011-06-09,5585996,2.1814,2.1814,2.1494,2.1558,-0.0321,-1.47,0.42,18853609,,,18.8442,1.3057,4.6315,7.2446,9221184000,,,,,,,
2011-06-10,6302264,2.1558,2.1686,2.1429,2.1622,0.0064,0.3,0.47,21170522,,,18.9003,1.3095,4.6453,7.2662,9248628000,,,,,,,
2011-06-13,7506902,2.1622,2.1622,2.1301,2.1365,-0.0257,-1.19,0.56,25039711,,,18.676,1.294,4.5901,7.1799,9138852000,,,,,,,
2011-06-14,7230230,2.1429,2.1622,2.1301,2.1558,0.0193,0.9,0.54,24258237,,,18.8442,1.3057,4.6315,7.2446,9221184000,,,,,,,
2011-06-16,11056012,2.1429,2.1429,2.0916,2.098,-0.0578,-2.68,0.83,36390004,,,18.3395,1.2707,4.5074,7.0506,8974188000,,,,,,,
2011-06-17,7579653,2.098,2.1301,2.0916,2.0916,-0.0064,-0.31,0.57,24869333,,,18.2834,1.2668,4.4937,7.029,8946744000,,,,,,,
2011-06-20,9914368,2.0852,2.0916,2.0339,2.0531,-0.0385,-1.84,0.74,31800538,,,17.9469,1.2435,4.411,6.8996,8782080000,,,,,,,
2011-06-21,9049451,2.0531,2.0595,2.0339,2.0531,0,0,0.68,28828255,,,17.9469,1.2435,4.411,6.8996,8782080000,,,,,,,
2011-06-22,5514088,2.0531,2.0595,2.0275,2.0403,-0.0128,-0.62,0.41,17556870,,,17.8347,1.2357,4.3834,6.8565,8727192000,,,,,,,
2011-06-23,7665961,2.0403,2.066,2.021,2.0531,0.0128,0.63,0.57,24370424,,,17.9469,1.2435,4.411,6.8996,8782080000,,,,,,,
2011-06-24,14313355,2.0467,2.0916,2.0403,2.0916,0.0385,1.88,1.07,46302099,,,18.2834,1.2668,4.4937,7.029,8946744000,,,,,,,
2011-06-27,10119706,2.0852,2.098,2.0724,2.0788,-0.0128,-0.61,0.76,32853685,,,18.1712,1.259,4.4661,6.9859,8891856000,,,,,,,
2011-06-28,9415976,2.0852,2.0916,2.0724,2.0852,0.0064,0.31,0.7,30517984,,,18.2273,1.2629,4.4799,7.0074,8919300000,,,,,,,
2011-06-29,8547442,2.0852,2.0916,2.066,2.0724,-0.0128,-0.61,0.64,27674848,,,18.1151,1.2551,4.4523,6.9643,8864412000,,,,,,,
2011-06-30,14723014,2.066,2.0916,2.0531,2.0788,0.0064,0.31,1.1,47593039,,,21.1997,1.2891,4.2668,6.6636,8891856000,,,,,,,
2011-07-01,45357142,2.0788,2.2456,2.0595,2.1879,0.1091,5.25,3.39,151045907,,,22.312,1.3567,4.4906,7.0132,9358404000,,,,,,,
2011-07-04,43843073,2.1622,2.2199,2.1558,2.1879,0,0,3.27,149087210,,,22.312,1.3567,4.4906,7.0132,9358404000,,,,,,,
2011-07-05,12156286,2.1814,2.1814,2.1494,2.1622,-0.0257,-1.17,0.91,40972509,,,22.0503,1.3408,4.438,6.9309,9248628000,,,,,,,
2011-07-06,9805927,2.1622,2.175,2.1301,2.1622,0,0,0.73,32840183,,,22.0503,1.3408,4.438,6.9309,9248628000,,,,,,,
2011-07-07,29065706,2.1558,2.2328,2.1429,2.2199,0.0577,2.67,2.17,98833733,,,22.6392,1.3766,4.5565,7.116,9495624000,,,,,,,
2011-07-08,28560541,2.1943,2.2199,2.175,2.2199,0,0,2.13,97984145,,,22.6392,1.3766,4.5565,7.116,9495624000,,,,,,,
2011-07-11,39120868,2.2135,2.2392,2.1879,2.2071,-0.0128,-0.58,2.92,134497417,,,22.5083,1.3686,4.5302,7.0749,9440736000,,,,,,,
2011-07-12,18504942,2.1814,2.1814,2.1237,2.1301,-0.077,-3.49,1.38,61927354,,,21.7232,1.3209,4.3721,6.8281,9111408000,,,,,,,
2011-07-13,8537321,2.1301,2.1558,2.1301,2.1494,0.0193,0.91,0.64,28529132,,,21.9194,1.3328,4.4116,6.8898,9193740000,,,,,,,
2011-07-14,8011716,2.1494,2.1558,2.1365,2.1558,0.0064,0.3,0.6,26784923,,,21.9849,1.3368,4.4248,6.9104,9221184000,,,,,,,
2011-07-15,9183503,2.1494,2.1558,2.1301,2.1494,-0.0064,-0.3,0.69,30652912,,,21.9194,1.3328,4.4116,6.8898,9193740000,,,,,,,
2011-07-18,10344411,2.1494,2.175,2.1365,2.1622,0.0128,0.6,0.77,34675511,,,22.0503,1.3408,4.438,6.9309,9248628000,,,,,,,
2011-07-19,4638331,2.1558,2.1558,2.1365,2.1429,-0.0193,-0.89,0.35,15504766,,,21.854,1.3289,4.3985,6.8692,9166296000,,,,,,,
2011-07-20,5608388,2.1494,2.1558,2.1301,2.1365,-0.0064,-0.3,0.42,18686327,,,21.7886,1.3249,4.3853,6.8487,9138852000,,,,,,,
2011-07-21,6726887,2.1365,2.1429,2.098,2.1045,-0.032,-1.5,0.5,22187489,,,21.4614,1.305,4.3194,6.7458,9001632000,,,,,,,
2011-07-22,3746116,2.1045,2.1237,2.1045,2.1173,0.0128,0.61,0.28,12336682,,,21.5923,1.3129,4.3458,6.787,9056520000,,,,,,,
2011-07-25,8355825,2.1301,2.1301,2.0531,2.0595,-0.0578,-2.73,0.62,27122929,,,21.0034,1.2771,4.2273,6.6019,8809524000,,,,,,,
2011-07-26,11797187,2.0595,2.1173,2.0467,2.098,0.0385,1.87,0.88,38402651,,,21.396,1.301,4.3063,6.7253,8974188000,,,,,,,
2011-07-27,4638419,2.0916,2.098,2.066,2.0916,-0.0064,-0.31,0.35,15080310,,,21.3306,1.297,4.2931,6.7047,8946744000,,,,,,,
2011-07-28,4792918,2.0852,2.0852,2.066,2.066,-0.0256,-1.22,0.36,15470156,,,21.0688,1.2811,4.2404,6.6224,8836968000,,,,,,,
2011-07-29,5207508,2.066,2.0788,2.0467,2.066,0,0,0.39,16726345,,,21.0688,1.2811,4.2404,6.6224,8836968000,,,,,,,
2011-08-01,8262417,2.066,2.098,2.0595,2.0788,0.0128,0.62,0.62,26695945,,,21.1997,1.2891,4.2668,6.6636,8891856000,,,,,,,
2011-08-02,8128829,2.0724,2.0852,2.0467,2.0724,-0.0064,-0.31,0.61,26127245,,,21.1343,1.2851,4.2536,6.643,8864412000,,,,,,,
2011-08-03,7967336,2.066,2.0916,2.0531,2.0788,0.0064,0.31,0.59,25790618,,,21.1997,1.2891,4.2668,6.6636,8891856000,,,,,,,
2011-08-04,5145681,2.0852,2.0916,2.066,2.0852,0.0064,0.31,0.38,16681704,,,21.2651,1.2931,4.2799,6.6841,8919300000,,,,,,,
2011-08-05,8857566,2.0467,2.066,2.0275,2.0531,-0.0321,-1.54,0.66,28325790,,,20.938,1.2732,4.2141,6.5813,8782080000,,,,,,,
2011-08-08,9798758,2.0466,2.0466,1.8942,1.9406,-0.1125,-5.48,0.73,29271233,,,19.1713,1.214,3.8585,6.026,8041092000,,,,,,,
2011-08-09,11201125,1.9141,1.934,1.8611,1.9207,-0.0199,-1.03,0.84,32081298,,,18.975,1.2016,3.819,5.9643,7958760000,,,,,,,
2011-08-10,6656812,1.9472,1.9605,1.9274,1.934,0.0133,0.69,0.5,19525398,,,19.1059,1.2099,3.8454,6.0054,8013648000,,,,,,,
2011-08-11,12610724,1.9009,2.0201,1.8942,1.9804,0.0464,2.4,0.94,37336473,,,19.5639,1.2389,3.9375,6.1494,8205756000,,,,,,,
2011-08-12,22817749,1.987,2.1062,1.9737,2.04,0.0596,3.01,1.7,70726977,,,20.1528,1.2762,4.0561,6.3345,8452752000,,,,,,,
2011-08-15,12991606,2.0333,2.0333,1.9936,2.0201,-0.0199,-0.98,0.97,39433480,,,19.9565,1.2638,4.0166,6.2728,8370420000,,,,,,,
2011-08-16,6823731,2.0201,2.0201,1.9936,2.0002,-0.0199,-0.99,0.51,20653686,,,19.7602,1.2513,3.9771,6.2111,8288088000,,,,,,,
2011-08-17,5004331,2.0002,2.0068,1.987,1.987,-0.0132,-0.66,0.37,15062743,,,19.6294,1.243,3.9507,6.17,8233200000,,,,,,,
2011-08-18,4704704,1.9737,1.987,1.9539,1.9605,-0.0265,-1.33,0.35,14022884,,,19.3676,1.2265,3.898,6.0877,8123424000,,,,,,,
2011-08-19,6615047,1.9406,1.9539,1.9141,1.9406,-0.0199,-1.02,0.49,19327086,,,19.1713,1.214,3.8585,6.026,8041092000,,,,,,,
2011-08-22,3396936,1.9472,1.9605,1.934,1.9472,0.0066,0.34,0.25,9984774,,,19.2368,1.2182,3.8717,6.0466,8068536000,,,,,,,
2011-08-23,3890642,1.9472,1.9737,1.9406,1.9671,0.0199,1.02,0.29,11504269,,,19.4331,1.2306,3.9112,6.1083,8150868000,,,,,,,
2011-08-24,3064721,1.9671,1.9804,1.9472,1.9539,-0.0132,-0.67,0.23,9106115,,,19.3022,1.2223,3.8849,6.0671,8095980000,,,,,,,
2011-08-25,7000545,1.9539,2.0068,1.9539,2.0002,0.0463,2.37,0.52,21035886,,,19.7602,1.2513,3.9771,6.2111,8288088000,,,,,,,
2011-08-26,4017581,1.9936,2.0002,1.9804,1.9936,-0.0066,-0.33,0.3,12075775,,,19.6948,1.2472,3.9639,6.1905,8260644000,,,,,,,
2011-08-29,4218282,1.987,1.987,1.9605,1.9671,-0.0265,-1.33,0.31,12550356,,,19.4331,1.2306,3.9112,6.1083,8150868000,,,,,,,
2011-08-30,3183570,1.9737,2.0002,1.9671,1.9671,0,0,0.24,9538739,,,19.4331,1.2306,3.9112,6.1083,8150868000,,,,,,,
2011-08-31,4163128,1.9671,1.987,1.9472,1.9605,-0.0066,-0.34,0.31,12331907,,,19.3676,1.2265,3.898,6.0877,8123424000,,,,,,,
2011-09-01,2991684,1.9605,1.9737,1.9472,1.9472,-0.0133,-0.68,0.22,8831890,,,19.2368,1.2182,3.8717,6.0466,8068536000,,,,,,,
2011-09-02,3108030,1.9472,1.9539,1.9274,1.934,-0.0132,-0.68,0.23,9072631,,,19.1059,1.2099,3.8454,6.0054,8013648000,,,,,,,
2011-09-05,4249250,1.9274,1.9274,1.8942,1.9009,-0.0331,-1.71,0.32,12236518,,,18.7788,1.1892,3.7795,5.9026,7876428000,,,,,,,
2011-09-06,3384270,1.8942,1.9075,1.881,1.8942,-0.0067,-0.35,0.25,9676887,,,18.7133,1.185,3.7663,5.882,7848984000,,,,,,,
2011-09-07,3667266,1.9009,1.9274,1.8942,1.9274,0.0332,1.75,0.27,10594863,,,19.0405,1.2058,3.8322,5.9849,7986204000,,,,,,,
2011-09-08,2486541,1.9274,1.934,1.9075,1.9075,-0.0199,-1.03,0.19,7206735,,,18.8442,1.1933,3.7927,5.9232,7903872000,,,,,,,
2011-09-09,2320330,1.9075,1.9274,1.9075,1.9141,0.0066,0.35,0.17,6716092,,,18.9096,1.1975,3.8059,5.9437,7931316000,,,,,,,
2011-09-13,3404622,1.8942,1.9009,1.881,1.9009,-0.0132,-0.69,0.25,9711618,,,18.7788,1.1892,3.7795,5.9026,7876428000,,,,,,,
2011-09-14,3225705,1.9075,1.9207,1.8876,1.9075,0.0066,0.35,0.24,9270750,,,18.8442,1.1933,3.7927,5.9232,7903872000,,,,,,,
2011-09-15,2777920,1.9141,1.9207,1.9009,1.9075,0,0,0.21,8022264,,,18.8442,1.1933,3.7927,5.9232,7903872000,,,,,,,
2011-09-16,2471311,1.9141,1.9274,1.9009,1.9075,0,0,0.18,7147259,,,18.8442,1.1933,3.7927,5.9232,7903872000,,,,,,,
2011-09-19,3285540,1.9075,1.9141,1.8744,1.8744,-0.0331,-1.74,0.25,9358484,,,18.517,1.1726,3.7268,5.8203,7766652000,,,,,,,
2011-09-20,2224354,1.8744,1.8942,1.8678,1.881,0.0066,0.35,0.17,6313395,,,18.5825,1.1767,3.74,5.8409,7794096000,,,,,,,
2011-09-21,5177817,1.881,1.934,1.8744,1.9207,0.0397,2.11,0.39,14939256,,,18.975,1.2016,3.819,5.9643,7958760000,,,,,,,
2011-09-22,4077017,1.9075,1.9141,1.8744,1.881,-0.0397,-2.07,0.3,11676068,,,18.5825,1.1767,3.74,5.8409,7794096000,,,,,,,
2011-09-23,3858852,1.8678,1.8744,1.8479,1.8678,-0.0132,-0.7,0.29,10851738,,,18.4516,1.1685,3.7137,5.7998,7739208000,,,,,,,
2011-09-26,3146394,1.8744,1.8876,1.8479,1.8479,-0.0199,-1.07,0.23,8858469,,,18.2553,1.156,3.6742,5.7381,7656876000,,,,,,,
2011-09-28,3608925,1.8678,1.8744,1.8346,1.8479,0,0,0.27,10112549,,,18.2553,1.156,3.6742,5.7381,7656876000,,,,,,,
2011-09-29,4378999,1.8479,1.8479,1.8081,1.8148,-0.0331,-1.79,0.33,12045361,,,17.9281,1.1353,3.6083,5.6352,7519656000,,,,,,,
2011-09-30,4106899,1.8214,1.828,1.7684,1.7949,-0.0199,-1.1,0.31,11144168,,,18.1056,1.058,3.3803,5.4873,7437324000,,,,,,,
2011-10-10,6396694,1.7883,1.8214,1.775,1.7949,0,0,0.48,17434638,,,18.1056,1.058,3.3803,5.4873,7437324000,,,,,,,
2011-10-11,4979648,1.828,1.8346,1.7817,1.7949,0,0,0.37,13582787,,,18.1056,1.058,3.3803,5.4873,7437324000,,,,,,,
2011-10-12,6101672,1.7883,1.8346,1.7817,1.8346,0.0397,2.21,0.46,16782257,,,18.5065,1.0814,3.4551,5.6088,7601988000,,,,,,,
2011-10-13,6824075,1.8346,1.8611,1.8214,1.8545,0.0199,1.08,0.51,19030611,,,18.7069,1.0931,3.4925,5.6695,7684320000,,,,,,,
2011-10-14,5438693,1.8479,1.8611,1.828,1.8545,0,0,0.41,15128674,,,18.7069,1.0931,3.4925,5.6695,7684320000,,,,,,,
2011-10-17,3437925,1.8545,1.8611,1.828,1.8479,-0.0066,-0.36,0.26,9576628,,,18.6401,1.0892,3.48,5.6493,7656876000,,,,,,,
2011-10-18,4680679,1.8346,1.8413,1.8015,1.8081,-0.0398,-2.15,0.35,12822111,,,18.2392,1.0658,3.4052,5.5278,7492212000,,,,,,,
2011-10-19,3065492,1.8015,1.828,1.8015,1.8081,0,0,0.23,8383310,,,18.2392,1.0658,3.4052,5.5278,7492212000,,,,,,,
2011-10-20,4764810,1.8081,1.8081,1.7618,1.7817,-0.0264,-1.46,0.36,12791875,,,17.972,1.0502,3.3553,5.4468,7382436000,,,,,,,
2011-10-21,3465133,1.775,1.7883,1.7485,1.7684,-0.0133,-0.75,0.26,9247742,,,17.8384,1.0424,3.3304,5.4063,7327548000,,,,,,,
2011-10-24,6648605,1.7684,1.7949,1.7485,1.7949,0.0265,1.5,0.5,17799415,,,18.1056,1.058,3.3803,5.4873,7437324000,,,,,,,
2011-10-25,6610895,1.7949,1.8214,1.775,1.8148,0.0199,1.11,0.49,17989547,,,18.306,1.0697,3.4177,5.5481,7519656000,,,,,,,
2011-10-26,8147805,1.8081,1.8346,1.7949,1.8148,0,0,0.61,22338620,,,18.306,1.0697,3.4177,5.5481,7519656000,,,,,,,
2011-10-27,9831678,1.8413,1.8479,1.828,1.8346,0.0198,1.09,0.73,27297904,,,18.5065,1.0814,3.4551,5.6088,7601988000,,,,,,,
2011-10-28,9971731,1.8479,1.8545,1.828,1.8413,0.0067,0.37,0.74,27765367,,,18.5733,1.0853,3.4676,5.629,7629432000,,,,,,,
2011-10-31,5441376,1.8479,1.8479,1.828,1.8479,0.0066,0.36,0.41,15097441,,,18.6401,1.0892,3.48,5.6493,7656876000,,,,,,,
2011-11-01,7297073,1.8346,1.8545,1.828,1.8413,-0.0066,-0.36,0.54,20299889,,,18.5733,1.0853,3.4676,5.629,7629432000,,,,,,,
2011-11-02,8731572,1.8214,1.8545,1.8015,1.8545,0.0132,0.72,0.65,24098016,,,18.7069,1.0931,3.4925,5.6695,7684320000,,,,,,,
2011-11-03,10994354,1.8545,1.881,1.8413,1.8611,0.0066,0.36,0.82,30939169,,,18.7737,1.097,3.505,5.6898,7711764000,,,,,,,
2011-11-04,8795238,1.8678,1.8744,1.8479,1.8744,0.0133,0.71,0.66,24719902,,,18.9073,1.1048,3.5299,5.7303,7766652000,,,,,,,
2011-11-07,6849346,1.8678,1.881,1.8479,1.8545,-0.0199,-1.06,0.51,19284412,,,18.7069,1.0931,3.4925,5.6695,7684320000,,,,,,,
2011-11-08,9696610,1.8545,1.8744,1.8413,1.8611,0.0066,0.36,0.72,27179579,,,18.7737,1.097,3.505,5.6898,7711764000,,,,,,,
2011-11-09,7106233,1.8611,1.8678,1.8346,1.8611,0,0,0.53,19863305,,,18.7737,1.097,3.505,5.6898,7711764000,,,,,,,
2011-11-10,7388938,1.8479,1.8545,1.828,1.8346,-0.0265,-1.42,0.55,20560031,,,18.5065,1.0814,3.4551,5.6088,7601988000,,,,,,,
2011-11-11,4808097,1.8346,1.8479,1.8214,1.828,-0.0066,-0.36,0.36,13325633,,,18.4397,1.0775,3.4426,5.5886,7574544000,,,,,,,
2011-11-14,8364507,1.8346,1.8611,1.8346,1.8611,0.0331,1.81,0.62,23351399,,,18.7737,1.097,3.505,5.6898,7711764000,,,,,,,
2011-11-15,6018892,1.8545,1.8611,1.8479,1.8545,-0.0066,-0.35,0.45,16837962,,,18.7069,1.0931,3.4925,5.6695,7684320000,,,,,,,
2011-11-16,9076773,1.8545,1.8611,1.8214,1.828,-0.0265,-1.43,0.68,25245163,,,18.4397,1.0775,3.4426,5.5886,7574544000,,,,,,,
2011-11-18,7958081,1.8148,1.8214,1.775,1.7883,-0.0397,-2.17,0.59,21568685,,,18.0388,1.0541,3.3678,5.4671,7409880000,,,,,,,
2011-11-21,3275215,1.7883,1.8015,1.7817,1.7949,0.0066,0.37,0.24,8852998,,,18.1056,1.058,3.3803,5.4873,7437324000,,,,,,,
2011-11-22,4215013,1.7883,1.8015,1.775,1.8015,0.0066,0.37,0.31,11398615,,,18.1724,1.0619,3.3927,5.5076,7464768000,,,,,,,
2011-11-23,3708519,1.8015,1.8015,1.775,1.7817,-0.0198,-1.1,0.28,9995898,,,17.972,1.0502,3.3553,5.4468,7382436000,,,,,,,
2011-11-24,3924889,1.7817,1.7883,1.7618,1.775,-0.0067,-0.38,0.29,10515719,,,17.9052,1.0463,3.3428,5.4266,7354992000,,,,,,,
2011-11-25,3242454,1.775,1.7817,1.7618,1.7684,-0.0066,-0.37,0.24,8659213,,,17.8384,1.0424,3.3304,5.4063,7327548000,,,,,,,
2011-11-28,2030820,1.7684,1.775,1.7618,1.7684,0,0,0.15,5418936,,,17.8384,1.0424,3.3304,5.4063,7327548000,,,,,,,
2011-11-29,3535993,1.775,1.7883,1.7618,1.7817,0.0133,0.75,0.26,9475650,,,17.972,1.0502,3.3553,5.4468,7382436000,,,,,,,
2011-11-30,6013664,1.7817,1.7817,1.7088,1.722,-0.0597,-3.35,0.45,15774126,,,17.3707,1.015,3.2431,5.2646,7135440000,,,,,,,
2011-12-01,5544253,1.7485,1.775,1.7419,1.7485,0.0265,1.54,0.41,14712096,,,17.6379,1.0307,3.2929,5.3456,7245216000,,,,,,,
2011-12-02,3170293,1.7419,1.7485,1.7154,1.7287,-0.0198,-1.13,0.24,8267828,,,17.4375,1.019,3.2555,5.2848,7162884000,,,,,,,
2011-12-05,4342950,1.7287,1.7353,1.6823,1.6889,-0.0398,-2.3,0.32,11145785,,,17.0366,0.9955,3.1807,5.1633,6998220000,,,,,,,
2011-12-06,3498712,1.6889,1.7022,1.6691,1.6823,-0.0066,-0.39,0.26,8905092,,,16.9698,0.9916,3.1682,5.1431,6970776000,,,,,,,
2011-12-07,2137264,1.6889,1.6956,1.6757,1.6889,0.0066,0.39,0.16,5453695,,,17.0366,0.9955,3.1807,5.1633,6998220000,,,,,,,
2011-12-08,3585676,1.6956,1.6956,1.6691,1.6889,0,0,0.27,9126100,,,17.0366,0.9955,3.1807,5.1633,6998220000,,,,,,,
2011-12-09,2198907,1.6823,1.6889,1.6757,1.6757,-0.0132,-0.78,0.16,5575626,,,16.903,0.9877,3.1557,5.1228,6943332000,,,,,,,
2011-12-12,2356307,1.6757,1.6889,1.6757,1.6823,0.0066,0.39,0.18,5992370,,,16.9698,0.9916,3.1682,5.1431,6970776000,,,,,,,
2011-12-13,5816864,1.6757,1.6823,1.6293,1.6426,-0.0397,-2.36,0.43,14527738,,,16.569,0.9682,3.0934,5.0216,6806112000,,,,,,,
2011-12-14,3381648,1.6359,1.6492,1.6161,1.6227,-0.0199,-1.21,0.25,8336755,,,16.3685,0.9565,3.056,4.9609,6723780000,,,,,,,
2011-12-15,5086729,1.6161,1.6227,1.583,1.5896,-0.0331,-2.04,0.38,12282593,,,16.0345,0.937,2.9936,4.8596,6586560000,,,,,,,
2011-12-16,4730955,1.5896,1.6293,1.5631,1.6227,0.0331,2.08,0.35,11403224,,,16.3685,0.9565,3.056,4.9609,6723780000,,,,,,,
2011-12-19,3605625,1.6094,1.6227,1.583,1.6094,-0.0133,-0.82,0.27,8692952,,,16.2349,0.9487,3.031,4.9204,6668892000,,,,,,,
2011-12-20,2334014,1.6094,1.6293,1.5962,1.5962,-0.0132,-0.82,0.17,5686618,,,16.1013,0.9409,3.0061,4.8799,6614004000,,,,,,,
2011-12-21,2975407,1.6094,1.6161,1.5896,1.5896,-0.0066,-0.41,0.22,7209755,,,16.0345,0.937,2.9936,4.8596,6586560000,,,,,,,
2011-12-22,4656932,1.583,1.5896,1.5498,1.5697,-0.0199,-1.25,0.35,11042637,,,15.834,0.9253,2.9562,4.7989,6504228000,,,,,,,
2011-12-23,3145330,1.5697,1.6028,1.5631,1.5962,0.0265,1.69,0.23,7545638,,,16.1013,0.9409,3.0061,4.8799,6614004000,,,,,,,
2011-12-26,3306114,1.5896,1.6094,1.5763,1.5962,0,0,0.25,7965945,,,16.1013,0.9409,3.0061,4.8799,6614004000,,,,,,,
2011-12-27,2438064,1.5962,1.6028,1.5565,1.5697,-0.0265,-1.66,0.18,5825826,,,15.834,0.9253,2.9562,4.7989,6504228000,,,,,,,
2011-12-28,2856111,1.5697,1.5763,1.5432,1.5697,0,0,0.21,6726009,,,15.834,0.9253,2.9562,4.7989,6504228000,,,,,,,
2011-12-29,2542800,1.5631,1.583,1.5498,1.5631,-0.0066,-0.42,0.19,6019700,,,15.7672,0.9214,2.9437,4.7786,6476784000,,,,,,,
2011-12-30,3845544,1.5697,1.583,1.5631,1.5763,0.0132,0.84,0.29,9121941,,,15.9009,0.9292,2.9686,4.8191,6531672000,,,,,,,
2012-01-04,4074708,1.583,1.6028,1.5697,1.5697,-0.0066,-0.42,0.3,9759993,,,14.8502,0.9195,2.8132,3.8917,6504228000,,,,,,,
2012-01-05,6432868,1.5763,1.6028,1.5631,1.5763,0.0066,0.42,0.48,15392824,,,14.9128,0.9233,2.825,3.9081,6531672000,,,,,,,
2012-01-06,4212929,1.5631,1.583,1.5498,1.583,0.0067,0.43,0.31,9973936,,,14.9755,0.9272,2.8369,3.9245,6559116000,,,,,,,
2012-01-09,7491758,1.583,1.6293,1.5763,1.6227,0.0397,2.51,0.56,18201482,,,15.3514,0.9505,2.9081,4.023,6723780000,,,,,,,
2012-01-10,12058138,1.6227,1.6624,1.6161,1.6558,0.0331,2.04,0.9,29937090,,,15.6647,0.9699,2.9675,4.1051,6861000000,,,,,,,
2012-01-11,6314295,1.6492,1.6624,1.6359,1.6492,-0.0066,-0.4,0.47,15710600,,,15.6021,0.966,2.9556,4.0887,6833556000,,,,,,,
2012-01-12,5155018,1.6492,1.6558,1.6359,1.6426,-0.0066,-0.4,0.38,12818071,,,15.5394,0.9621,2.9437,4.0723,6806112000,,,,,,,
2012-01-13,5225541,1.6359,1.6426,1.6028,1.6161,-0.0265,-1.61,0.39,12766283,,,15.2888,0.9466,2.8963,4.0066,6696336000,,,,,,,
2012-01-16,8252024,1.6094,1.6558,1.6094,1.6161,0,0,0.62,20385335,,,15.2888,0.9466,2.8963,4.0066,6696336000,,,,,,,
2012-01-17,11134362,1.6094,1.6757,1.5962,1.6757,0.0596,3.69,0.83,27665795,,,15.8527,0.9815,3.0031,4.1544,6943332000,,,,,,,
2012-01-18,8100211,1.6691,1.6757,1.6359,1.6492,-0.0265,-1.58,0.6,20265150,,,15.6021,0.966,2.9556,4.0887,6833556000,,,,,,,
2012-01-19,6585943,1.6426,1.6691,1.6359,1.6624,0.0132,0.8,0.49,16469613,,,15.7274,0.9738,2.9794,4.1215,6888444000,,,,,,,
2012-01-20,4204308,1.6624,1.6691,1.6492,1.6624,0,0,0.31,10550302,,,15.7274,0.9738,2.9794,4.1215,6888444000,,,,,,,
2012-01-30,4626380,1.6691,1.6757,1.6492,1.6492,-0.0132,-0.79,0.35,11603134,,,15.6021,0.966,2.9556,4.0887,6833556000,,,,,,,
2012-01-31,3587330,1.6492,1.6558,1.6293,1.6359,-0.0133,-0.81,0.27,8876519,,,15.4767,0.9583,2.9319,4.0559,6778668000,,,,,,,
2012-02-01,3723782,1.6359,1.6492,1.6227,1.6227,-0.0132,-0.81,0.28,9188532,,,15.3514,0.9505,2.9081,4.023,6723780000,,,,,,,
2012-02-02,3623758,1.6227,1.6492,1.6227,1.6426,0.0199,1.23,0.27,8944357,,,15.5394,0.9621,2.9437,4.0723,6806112000,,,,,,,
2012-02-03,5804505,1.6426,1.6624,1.6359,1.6558,0.0132,0.8,0.43,14510275,,,15.6647,0.9699,2.9675,4.1051,6861000000,,,,,,,
2012-02-06,5032716,1.6558,1.6691,1.6492,1.6624,0.0066,0.4,0.38,12616769,,,15.7274,0.9738,2.9794,4.1215,6888444000,,,,,,,
2012-02-07,3754636,1.6624,1.6624,1.6293,1.6359,-0.0265,-1.59,0.28,9296009,,,15.4767,0.9583,2.9319,4.0559,6778668000,,,,,,,
2012-02-08,5239181,1.6359,1.6691,1.6293,1.6624,0.0265,1.62,0.39,13083046,,,15.7274,0.9738,2.9794,4.1215,6888444000,,,,,,,
2012-02-09,7442986,1.6624,1.6691,1.6492,1.6691,0.0067,0.4,0.56,18682358,,,15.79,0.9777,2.9912,4.138,6915888000,,,,,,,
2012-02-10,9885325,1.6624,1.6889,1.6624,1.6757,0.0066,0.4,0.74,25037339,,,15.8527,0.9815,3.0031,4.1544,6943332000,,,,,,,
2012-02-13,5634412,1.6691,1.6889,1.6558,1.6757,0,0,0.42,14246410,,,15.8527,0.9815,3.0031,4.1544,6943332000,,,,,,,
2012-02-14,11888043,1.6757,1.6823,1.6492,1.6691,-0.0066,-0.39,0.89,29829183,,,15.79,0.9777,2.9912,4.138,6915888000,,,,,,,
2012-02-15,15011817,1.6624,1.7022,1.6558,1.6956,0.0265,1.59,1.12,38156754,,,16.0407,0.9932,3.0387,4.2036,7025664000,,,,,,,
2012-02-16,9758089,1.6889,1.7022,1.6823,1.6889,-0.0067,-0.4,0.73,24933687,,,15.978,0.9893,3.0268,4.1872,6998220000,,,,,,,
2012-02-17,7825531,1.6956,1.6956,1.6691,1.6757,-0.0132,-0.78,0.58,19852521,,,15.8527,0.9815,3.0031,4.1544,6943332000,,,,,,,
2012-02-20,10623330,1.6889,1.7022,1.6757,1.6889,0.0132,0.79,0.79,27123377,,,15.978,0.9893,3.0268,4.1872,6998220000,,,,,,,
2012-02-21,6217028,1.6889,1.6956,1.6691,1.6889,0,0,0.46,15794154,,,15.978,0.9893,3.0268,4.1872,6998220000,,,,,,,
2012-02-22,12129151,1.6889,1.7154,1.6823,1.7088,0.0199,1.18,0.91,31158306,,,16.166,1.0009,3.0624,4.2365,7080552000,,,,,,,
2012-02-23,13246800,1.7088,1.7353,1.7022,1.7154,0.0066,0.39,0.99,34323534,,,16.2287,1.0048,3.0743,4.2529,7107996000,,,,,,,
2012-02-24,19573976,1.7154,1.7552,1.7088,1.7552,0.0398,2.32,1.46,51334565,,,16.6046,1.0281,3.1455,4.3514,7272660000,,,,,,,
2012-02-27,25668995,1.7618,1.8081,1.7552,1.7684,0.0132,0.75,1.92,68866262,,,16.7299,1.0358,3.1693,4.3843,7327548000,,,,,,,
2012-02-28,16514978,1.7684,1.7883,1.7353,1.7684,0,0,1.23,43879755,,,16.7299,1.0358,3.1693,4.3843,7327548000,,,,,,,
2012-02-29,9445375,1.7618,1.7618,1.7287,1.7353,-0.0331,-1.87,0.7,24846698,,,16.4166,1.0164,3.1099,4.3022,7190328000,,,,,,,
2012-03-01,5915176,1.7154,1.7485,1.7154,1.7353,0,0,0.44,15459321,,,16.4166,1.0164,3.1099,4.3022,7190328000,,,,,,,
2012-03-02,12122235,1.7353,1.7618,1.7287,1.7618,0.0265,1.53,0.9,32013307,,,16.6673,1.032,3.1574,4.3678,7300104000,,,,,,,
2012-03-05,10657288,1.7618,1.775,1.7353,1.7485,-0.0133,-0.75,0.8,28249656,,,16.5419,1.0242,3.1337,4.335,7245216000,,,,,,,
2012-03-06,9665657,1.7419,1.7485,1.7088,1.7154,-0.0331,-1.89,0.72,25112761,,,16.2287,1.0048,3.0743,4.2529,7107996000,,,,,,,
2012-03-07,6814533,1.7022,1.722,1.6956,1.7022,-0.0132,-0.77,0.51,17595818,,,16.1033,0.9971,3.0506,4.2201,7053108000,,,,,,,
2012-03-08,5469722,1.7088,1.7287,1.7088,1.722,0.0198,1.16,0.41,14195650,,,16.2913,1.0087,3.0862,4.2693,7135440000,,,,,,,
2012-03-09,8741482,1.7287,1.7353,1.7088,1.7353,0.0133,0.77,0.65,22733484,,,16.4166,1.0164,3.1099,4.3022,7190328000,,,,,,,
2012-03-12,5417427,1.7353,1.7353,1.7088,1.7287,-0.0066,-0.38,0.4,14084221,,,16.354,1.0126,3.0981,4.2857,7162884000,,,,,,,
2012-03-13,8898485,1.722,1.7419,1.7088,1.7419,0.0132,0.76,0.66,23211262,,,16.4793,1.0203,3.1218,4.3186,7217772000,,,,,,,
2012-03-14,15668744,1.7419,1.7552,1.6823,1.6889,-0.053,-3.04,1.17,40855919,,,15.978,0.9893,3.0268,4.1872,6998220000,,,,,,,
2012-03-15,9920020,1.6823,1.6956,1.6558,1.6624,-0.0265,-1.57,0.74,25047686,,,15.7274,0.9738,2.9794,4.1215,6888444000,,,,,,,
2012-03-16,6936689,1.6624,1.6889,1.6558,1.6889,0.0265,1.59,0.52,17536599,,,15.978,0.9893,3.0268,4.1872,6998220000,,,,,,,
2012-03-19,4543594,1.6823,1.6889,1.6691,1.6823,-0.0066,-0.39,0.34,11503752,,,15.9154,0.9854,3.015,4.1708,6970776000,,,,,,,
2012-03-20,5302434,1.6823,1.6823,1.6558,1.6624,-0.0199,-1.18,0.4,13322836,,,15.7274,0.9738,2.9794,4.1215,6888444000,,,,,,,
2012-03-21,7085346,1.6691,1.6823,1.6492,1.6757,0.0133,0.8,0.53,17815544,,,15.8527,0.9815,3.0031,4.1544,6943332000,,,,,,,
2012-03-22,4350881,1.6691,1.6757,1.6624,1.6691,-0.0066,-0.39,0.32,10962380,,,15.79,0.9777,2.9912,4.138,6915888000,,,,,,,
2012-03-23,5134312,1.6691,1.6691,1.6426,1.6492,-0.0199,-1.19,0.38,12822272,,,15.6021,0.966,2.9556,4.0887,6833556000,,,,,,,
2012-03-26,4100341,1.6492,1.6624,1.6426,1.6558,0.0066,0.4,0.31,10229466,,,15.6647,0.9699,2.9675,4.1051,6861000000,,,,,,,
2012-03-27,4599278,1.6624,1.6691,1.6426,1.6426,-0.0132,-0.8,0.34,11477790,,,15.5394,0.9621,2.9437,4.0723,6806112000,,,,,,,
2012-03-28,6625409,1.6426,1.6492,1.5896,1.5962,-0.0464,-2.82,0.49,16157114,,,15.1008,0.935,2.8607,3.9573,6614004000,,,,,,,
2012-03-29,5567114,1.5962,1.5962,1.5697,1.5763,-0.0199,-1.25,0.42,13289560,,,14.9128,0.9233,2.825,3.9081,6531672000,,,,,,,
2012-03-30,4246967,1.5763,1.583,1.5697,1.583,0.0067,0.43,0.32,10111420,,,14.9755,0.9272,2.8369,3.9245,6559116000,,,,,,,
2012-04-05,5609254,1.5896,1.6094,1.5763,1.6094,0.0264,1.67,0.42,13502032,,,15.7602,0.9211,2.8139,3.5365,6668892000,,,,,,,
2012-04-06,4212286,1.6028,1.6094,1.5896,1.6028,-0.0066,-0.41,0.31,10189245,,,15.6953,0.9173,2.8023,3.522,6641448000,,,,,,,
2012-04-09,13802648,1.6028,1.6624,1.5962,1.6293,0.0265,1.65,1.03,34213149,,,15.9547,0.9325,2.8486,3.5802,6751224000,,,,,,,
2012-04-10,6568101,1.6161,1.6293,1.5896,1.6293,0,0,0.49,15949581,,,15.9547,0.9325,2.8486,3.5802,6751224000,,,,,,,
2012-04-11,4589724,1.6028,1.6293,1.6028,1.6293,0,0,0.34,11205655,,,15.9547,0.9325,2.8486,3.5802,6751224000,,,,,,,
2012-04-12,7960909,1.6227,1.6492,1.6161,1.6426,0.0133,0.82,0.59,19683067,,,16.0845,0.94,2.8718,3.6093,6806112000,,,,,,,
2012-04-13,5882090,1.6426,1.6624,1.6359,1.6492,0.0066,0.4,0.44,14644121,,,16.1493,0.9438,2.8834,3.6239,6833556000,,,,,,,
2012-04-16,12124262,1.6558,1.7022,1.6426,1.6757,0.0265,1.61,0.9,30649003,,,16.4087,0.959,2.9297,3.6821,6943332000,,,,,,,
2012-04-17,11563088,1.6691,1.7088,1.6624,1.6691,-0.0066,-0.39,0.86,29447002,,,16.3439,0.9552,2.9181,3.6675,6915888000,,,,,,,
2012-04-18,9263369,1.6691,1.7088,1.6558,1.7022,0.0331,1.98,0.69,23581624,,,16.6682,0.9741,2.976,3.7403,7053108000,,,,,,,
2012-04-19,7677178,1.6889,1.7022,1.6624,1.6757,-0.0265,-1.56,0.57,19481266,,,16.4087,0.959,2.9297,3.6821,6943332000,,,,,,,
2012-04-20,6296991,1.6691,1.6956,1.6624,1.6889,0.0132,0.79,0.47,16010230,,,16.5385,0.9666,2.9528,3.7112,6998220000,,,,,,,
2012-04-23,5366790,1.6956,1.6956,1.6691,1.6691,-0.0198,-1.17,0.4,13636322,,,16.3439,0.9552,2.9181,3.6675,6915888000,,,,,,,
2012-04-24,19481813,1.6691,1.7088,1.6624,1.7088,0.0397,2.38,1.45,49759545,,,16.733,0.9779,2.9876,3.7548,7080552000,,,,,,,
2012-04-25,14748770,1.6956,1.722,1.6889,1.722,0.0132,0.77,1.1,38060646,,,16.8627,0.9855,3.0107,3.784,7135440000,,,,,,,
2012-04-26,8182154,1.7154,1.722,1.6956,1.7088,-0.0132,-0.77,0.61,21093775,,,16.733,0.9779,2.9876,3.7548,7080552000,,,,,,,
2012-04-27,5030222,1.7088,1.7154,1.6889,1.6956,-0.0132,-0.77,0.38,12876810,,,16.6033,0.9704,2.9644,3.7257,7025664000,,,,,,,
2012-05-02,9765263,1.7088,1.7287,1.7022,1.7154,0.0198,1.17,0.73,25300332,,,16.7979,0.9817,2.9992,3.7694,7107996000,,,,,,,
2012-05-03,7451965,1.7154,1.7287,1.7022,1.7088,-0.0066,-0.38,0.56,19277562,,,16.733,0.9779,2.9876,3.7548,7080552000,,,,,,,
2012-05-04,6140157,1.7088,1.722,1.6956,1.7154,0.0066,0.39,0.46,15837718,,,16.7979,0.9817,2.9992,3.7694,7107996000,,,,,,,
2012-05-07,7694208,1.7088,1.7088,1.6889,1.7022,-0.0132,-0.77,0.57,19741955,,,16.6682,0.9741,2.976,3.7403,7053108000,,,,,,,
2012-05-08,5486872,1.7022,1.7022,1.6823,1.6956,-0.0066,-0.39,0.41,14002661,,,16.6033,0.9704,2.9644,3.7257,7025664000,,,,,,,
2012-05-09,8382444,1.6823,1.6889,1.6558,1.6624,-0.0332,-1.96,0.63,21143397,,,16.279,0.9514,2.9065,3.653,6888444000,,,,,,,
2012-05-10,3382146,1.6558,1.6691,1.6558,1.6624,0,0,0.25,8484374,,,16.279,0.9514,2.9065,3.653,6888444000,,,,,,,
2012-05-11,4352496,1.6624,1.6624,1.6492,1.6492,-0.0132,-0.79,0.32,10884083,,,16.1493,0.9438,2.8834,3.6239,6833556000,,,,,,,
2012-05-14,3597343,1.6624,1.6691,1.6492,1.6558,0.0066,0.4,0.27,8993646,,,16.2142,0.9476,2.8949,3.6384,6861000000,,,,,,,
2012-05-15,4355831,1.6492,1.6492,1.6293,1.6426,-0.0132,-0.8,0.33,10784861,,,16.0845,0.94,2.8718,3.6093,6806112000,,,,,,,
2012-05-16,4896342,1.6359,1.6624,1.6293,1.6426,0,0,0.37,12179217,,,16.0845,0.94,2.8718,3.6093,6806112000,,,,,,,
2012-05-17,15893457,1.6426,1.7154,1.6359,1.7022,0.0596,3.63,1.19,40491949,,,16.6682,0.9741,2.976,3.7403,7053108000,,,,,,,
2012-05-18,37422233,1.6823,1.7684,1.6757,1.7287,0.0265,1.56,2.79,97712660,,,16.9276,0.9893,3.0223,3.7985,7162884000,,,,,,,
2012-05-21,12167412,1.7154,1.7353,1.6889,1.7022,-0.0265,-1.53,0.91,31273495,,,16.6682,0.9741,2.976,3.7403,7053108000,,,,,,,
2012-05-23,7483836,1.7022,1.7022,1.6757,1.6889,-0.0133,-0.78,0.56,19077110,,,16.5385,0.9666,2.9528,3.7112,6998220000,,,,,,,
2012-05-24,5293122,1.6823,1.7022,1.6757,1.6823,-0.0066,-0.39,0.4,13492434,,,16.4736,0.9628,2.9413,3.6966,6970776000,,,,,,,
2012-05-25,8110750,1.6823,1.6889,1.6492,1.6558,-0.0265,-1.58,0.61,20384225,,,16.2142,0.9476,2.8949,3.6384,6861000000,,,,,,,
2012-05-28,5877740,1.6558,1.6823,1.6359,1.6757,0.0199,1.2,0.44,14750225,,,16.4087,0.959,2.9297,3.6821,6943332000,,,,,,,
2012-05-29,9821084,1.6757,1.7022,1.6691,1.7022,0.0265,1.58,0.73,24985889,,,16.6682,0.9741,2.976,3.7403,7053108000,,,,,,,
2012-05-30,6036810,1.6956,1.7022,1.6823,1.6889,-0.0133,-0.78,0.45,15423625,,,16.5385,0.9666,2.9528,3.7112,6998220000,,,,,,,
2012-05-31,4566370,1.6889,1.6889,1.6624,1.6691,-0.0198,-1.17,0.34,11548933,,,16.3439,0.9552,2.9181,3.6675,6915888000,,,,,,,
2012-06-01,3848994,1.6757,1.6889,1.6691,1.6757,0.0066,0.4,0.29,9756833,,,16.4087,0.959,2.9297,3.6821,6943332000,,,,,,,
2012-06-04,7955984,1.6691,1.6691,1.6293,1.6293,-0.0464,-2.77,0.59,19773503,,,15.9547,0.9325,2.8486,3.5802,6751224000,,,,,,,
2012-06-05,8082358,1.6293,1.6691,1.6293,1.6558,0.0265,1.63,0.6,20190817,,,16.2142,0.9476,2.8949,3.6384,6861000000,,,,,,,
2012-06-06,5086579,1.6558,1.6757,1.6558,1.6624,0.0066,0.4,0.38,12780318,,,16.279,0.9514,2.9065,3.653,6888444000,,,,,,,
2012-06-07,4984595,1.6691,1.6823,1.6624,1.6757,0.0133,0.8,0.37,12585927,,,16.4087,0.959,2.9297,3.6821,6943332000,,,,,,,
2012-06-08,6960699,1.6889,1.6889,1.6624,1.6757,0,0,0.52,17592878,,,16.4087,0.959,2.9297,3.6821,6943332000,,,,,,,
2012-06-11,4323137,1.6758,1.6896,1.662,1.6827,0.007,0.42,0.32,10488076,,,15.825,0.9613,2.8255,3.5511,6696336000,,,,,,,
2012-06-12,2673950,1.6827,1.6827,1.6551,1.662,-0.0207,-1.23,0.2,6460583,,,15.6305,0.9495,2.7907,3.5074,6614004000,,,,,,,
2012-06-13,3359842,1.6689,1.6758,1.662,1.6758,0.0138,0.83,0.25,8128210,,,15.7602,0.9574,2.8139,3.5365,6668892000,,,,,,,
2012-06-14,3448565,1.6758,1.6827,1.662,1.6689,-0.0069,-0.41,0.26,8370329,,,15.6953,0.9534,2.8023,3.522,6641448000,,,,,,,
2012-06-15,3698067,1.6758,1.6827,1.662,1.6689,0,0,0.28,8971842,,,15.6953,0.9534,2.8023,3.522,6641448000,,,,,,,
2012-06-18,3480183,1.6758,1.6827,1.6689,1.6758,0.0069,0.41,0.26,8462828,,,15.7602,0.9574,2.8139,3.5365,6668892000,,,,,,,
2012-06-19,2389360,1.6758,1.6758,1.662,1.662,-0.0138,-0.82,0.18,5786388,,,15.6305,0.9495,2.7907,3.5074,6614004000,,,,,,,
2012-06-20,4142316,1.662,1.6758,1.6551,1.662,0,0,0.31,9988590,,,15.6305,0.9495,2.7907,3.5074,6614004000,,,,,,,
2012-06-21,3220559,1.662,1.662,1.6482,1.6482,-0.0138,-0.83,0.24,7716273,,,15.5008,0.9416,2.7676,3.4783,6559116000,,,,,,,
2012-06-25,3456450,1.6551,1.6551,1.6275,1.6275,-0.0207,-1.26,0.26,8217910,,,15.3062,0.9298,2.7328,3.4347,6476784000,,,,,,,
2012-06-26,4453822,1.6275,1.6344,1.6137,1.6275,0,0,0.33,10487400,,,15.3062,0.9298,2.7328,3.4347,6476784000,,,,,,,
2012-06-27,3696998,1.6275,1.6413,1.6137,1.6275,0,0,0.28,8734578,,,15.3062,0.9298,2.7328,3.4347,6476784000,,,,,,,
2012-06-28,3173885,1.6275,1.6413,1.6068,1.6137,-0.0138,-0.85,0.24,7491951,,,15.1765,0.9219,2.7097,3.4056,6421896000,,,,,,,
2012-06-29,3422200,1.6137,1.6275,1.593,1.6275,0.0138,0.86,0.26,7989668,,,15.3062,0.9298,2.7328,3.4347,6476784000,,,,,,,
2012-07-02,2309662,1.6275,1.6344,1.6137,1.6275,0,0,0.17,5441462,,,15.6313,0.9165,2.7012,3.6247,6476784000,,,,,,,
2012-07-03,3084507,1.6275,1.6344,1.6137,1.6275,0,0,0.23,7269214,,,15.6313,0.9165,2.7012,3.6247,6476784000,,,,,,,
2012-07-04,1705306,1.6275,1.6344,1.6137,1.6206,-0.0069,-0.42,0.13,4007321,,,15.5651,0.9126,2.6898,3.6094,6449340000,,,,,,,
2012-07-05,2921194,1.6206,1.6206,1.593,1.5999,-0.0207,-1.28,0.22,6781749,,,15.3664,0.901,2.6554,3.5633,6367008000,,,,,,,
2012-07-06,2739656,1.6137,1.6206,1.593,1.6206,0.0207,1.29,0.2,6369821,,,15.5651,0.9126,2.6898,3.6094,6449340000,,,,,,,
2012-07-09,3082417,1.6137,1.6137,1.593,1.593,-0.0276,-1.7,0.23,7161248,,,15.3002,0.8971,2.644,3.5479,6339564000,,,,,,,
2012-07-10,2605463,1.5861,1.5999,1.5792,1.5861,-0.0069,-0.43,0.19,5994616,,,15.2339,0.8932,2.6325,3.5326,6312120000,,,,,,,
2012-07-11,2066094,1.5861,1.593,1.5792,1.593,0.0069,0.44,0.15,4756432,,,15.3002,0.8971,2.644,3.5479,6339564000,,,,,,,
2012-07-12,3207328,1.593,1.5999,1.5723,1.5999,0.0069,0.43,0.24,7378704,,,15.3664,0.901,2.6554,3.5633,6367008000,,,,,,,
2012-07-13,2895569,1.593,1.5999,1.5792,1.5861,-0.0138,-0.86,0.22,6666871,,,15.2339,0.8932,2.6325,3.5326,6312120000,,,,,,,
2012-07-16,4013500,1.5861,1.5861,1.5447,1.5516,-0.0345,-2.18,0.3,9098060,,,14.9028,0.8738,2.5753,3.4558,6174900000,,,,,,,
2012-07-17,3762498,1.5516,1.5792,1.5447,1.5723,0.0207,1.33,0.28,8534100,,,15.1015,0.8854,2.6096,3.5018,6257232000,,,,,,,
2012-07-18,2608450,1.5723,1.5792,1.5585,1.5723,0,0,0.19,5931770,,,15.1015,0.8854,2.6096,3.5018,6257232000,,,,,,,
2012-07-19,4767742,1.5654,1.593,1.5654,1.5792,0.0069,0.44,0.36,10951045,,,15.1677,0.8893,2.6211,3.5172,6284676000,,,,,,,
2012-07-20,1789174,1.5861,1.5861,1.5723,1.5792,0,0,0.13,4100220,,,15.1677,0.8893,2.6211,3.5172,6284676000,,,,,,,
2012-07-23,3604980,1.5792,1.5999,1.5585,1.5861,0.0069,0.44,0.27,8256660,,,15.2339,0.8932,2.6325,3.5326,6312120000,,,,,,,
2012-07-24,6301918,1.5723,1.5861,1.5585,1.5723,-0.0138,-0.87,0.47,14350980,,,15.1015,0.8854,2.6096,3.5018,6257232000,,,,,,,
2012-07-25,4281990,1.5723,1.5792,1.5585,1.5723,0,0,0.32,9754724,,,15.1015,0.8854,2.6096,3.5018,6257232000,,,,,,,
2012-07-26,2706486,1.5723,1.5792,1.5585,1.5654,-0.0069,-0.44,0.2,6153836,,,15.0352,0.8816,2.5982,3.4865,6229788000,,,,,,,
2012-07-27,2077180,1.5654,1.5723,1.5585,1.5585,-0.0069,-0.44,0.16,4707394,,,14.969,0.8777,2.5867,3.4711,6202344000,,,,,,,
2012-07-30,3353717,1.5585,1.5654,1.5447,1.5585,0,0,0.25,7555282,,,14.969,0.8777,2.5867,3.4711,6202344000,,,,,,,
2012-07-31,3384436,1.5516,1.5516,1.5378,1.5447,-0.0138,-0.89,0.25,7574110,,,14.8365,0.8699,2.5639,3.4404,6147456000,,,,,,,
2012-08-01,2681276,1.5447,1.5654,1.5378,1.5585,0.0138,0.89,0.2,6046658,,,14.969,0.8777,2.5867,3.4711,6202344000,,,,,,,
2012-08-02,3308400,1.5516,1.5654,1.5447,1.5585,0,0,0.25,7463116,,,14.969,0.8777,2.5867,3.4711,6202344000,,,,,,,
2012-08-03,3090427,1.5516,1.5654,1.5447,1.5654,0.0069,0.44,0.23,6978027,,,15.0352,0.8816,2.5982,3.4865,6229788000,,,,,,,
2012-08-06,3581579,1.5654,1.5792,1.5516,1.5792,0.0138,0.88,0.27,8141344,,,15.1677,0.8893,2.6211,3.5172,6284676000,,,,,,,
2012-08-07,3961879,1.5792,1.5861,1.5654,1.5861,0.0069,0.44,0.3,9053243,,,15.2339,0.8932,2.6325,3.5326,6312120000,,,,,,,
2012-08-08,8524723,1.5861,1.6068,1.5654,1.5999,0.0138,0.87,0.64,19684794,,,15.3664,0.901,2.6554,3.5633,6367008000,,,,,,,
2012-08-09,7381676,1.593,1.5999,1.5654,1.593,-0.0069,-0.43,0.55,16947925,,,15.3002,0.8971,2.644,3.5479,6339564000,,,,,,,
2012-08-10,8888703,1.5861,1.6137,1.5792,1.5999,0.0069,0.43,0.66,20649329,,,15.3664,0.901,2.6554,3.5633,6367008000,,,,,,,
2012-08-13,4675181,1.593,1.5999,1.5654,1.5654,-0.0345,-2.16,0.35,10707046,,,15.0352,0.8816,2.5982,3.4865,6229788000,,,,,,,
2012-08-14,7613978,1.5654,1.5723,1.5516,1.5585,-0.0069,-0.44,0.57,17195543,,,14.969,0.8777,2.5867,3.4711,6202344000,,,,,,,
2012-08-15,5697240,1.5585,1.5723,1.5516,1.5585,0,0,0.43,12914450,,,14.969,0.8777,2.5867,3.4711,6202344000,,,,,,,
2012-08-16,3216636,1.5585,1.5654,1.5516,1.5516,-0.0069,-0.44,0.24,7270851,,,14.9028,0.8738,2.5753,3.4558,6174900000,,,,,,,
2012-08-17,4105021,1.5516,1.5723,1.5516,1.5654,0.0138,0.89,0.31,9288312,,,15.0352,0.8816,2.5982,3.4865,6229788000,,,,,,,
2012-08-20,3078214,1.5585,1.5585,1.5447,1.5585,-0.0069,-0.44,0.23,6926862,,,14.969,0.8777,2.5867,3.4711,6202344000,,,,,,,
2012-08-21,2703678,1.5516,1.5723,1.5516,1.5585,0,0,0.2,6124051,,,14.969,0.8777,2.5867,3.4711,6202344000,,,,,,,
2012-08-22,3057024,1.5585,1.5654,1.5447,1.5516,-0.0069,-0.44,0.23,6882109,,,14.9028,0.8738,2.5753,3.4558,6174900000,,,,,,,
2012-08-23,3710759,1.5516,1.5585,1.5447,1.5516,0,0,0.28,8353405,,,14.9028,0.8738,2.5753,3.4558,6174900000,,,,,,,
2012-08-24,3639967,1.5516,1.5585,1.5378,1.5447,-0.0069,-0.44,0.27,8164250,,,14.8365,0.8699,2.5639,3.4404,6147456000,,,,,,,
2012-08-27,4095740,1.5447,1.5447,1.5171,1.524,-0.0207,-1.34,0.31,9070336,,,14.6378,0.8583,2.5295,3.3943,6065124000,,,,,,,
2012-08-28,4586202,1.524,1.5378,1.5103,1.524,0,0,0.34,10114573,,,14.6378,0.8583,2.5295,3.3943,6065124000,,,,,,,
2012-08-29,4386975,1.5309,1.5378,1.5171,1.5309,0.0069,0.45,0.33,9715659,,,14.7041,0.8621,2.541,3.4097,6092568000,,,,,,,
2012-08-30,3693332,1.524,1.5309,1.5034,1.5103,-0.0206,-1.35,0.28,8107956,,,14.5054,0.8505,2.5066,3.3636,6010236000,,,,,,,
2012-08-31,1607900,1.5103,1.5171,1.5034,1.5103,0,0,0.12,3525379,,,14.5054,0.8505,2.5066,3.3636,6010236000,,,,,,,
2012-09-03,2096685,1.5171,1.524,1.5034,1.524,0.0137,0.91,0.16,4608019,,,14.6378,0.8583,2.5295,3.3943,6065124000,,,,,,,
2012-09-04,3242114,1.524,1.524,1.5034,1.5034,-0.0206,-1.35,0.24,7114467,,,14.4391,0.8466,2.4952,3.3483,5982792000,,,,,,,
2012-09-05,2860227,1.5034,1.5034,1.4896,1.4965,-0.0069,-0.46,0.21,6209023,,,14.3729,0.8427,2.4837,3.3329,5955348000,,,,,,,
2012-09-06,4002767,1.4965,1.5103,1.4965,1.5103,0.0138,0.92,0.3,8720468,,,14.5054,0.8505,2.5066,3.3636,6010236000,,,,,,,
2012-09-07,13872019,1.5171,1.5585,1.5103,1.5516,0.0413,2.73,1.04,30957624,,,14.9028,0.8738,2.5753,3.4558,6174900000,,,,,,,
2012-09-10,8022455,1.5516,1.5516,1.5309,1.5378,-0.0138,-0.89,0.6,17894154,,,14.7703,0.866,2.5524,3.4251,6120012000,,,,,,,
2012-09-11,4726509,1.5309,1.5378,1.5171,1.5309,-0.0069,-0.45,0.35,10456530,,,14.7041,0.8621,2.541,3.4097,6092568000,,,,,,,
2012-09-12,4722439,1.524,1.5447,1.524,1.5309,0,0,0.35,10501019,,,14.7041,0.8621,2.541,3.4097,6092568000,,,,,,,
2012-09-13,7473911,1.5309,1.5447,1.5171,1.524,-0.0069,-0.45,0.56,16578420,,,14.6378,0.8583,2.5295,3.3943,6065124000,,,,,,,
2012-09-14,4509470,1.524,1.5378,1.5171,1.5378,0.0138,0.91,0.34,9986620,,,14.7703,0.866,2.5524,3.4251,6120012000,,,,,,,
2012-09-17,3548775,1.5309,1.5309,1.4965,1.5103,-0.0275,-1.79,0.26,7778423,,,14.5054,0.8505,2.5066,3.3636,6010236000,,,,,,,
2012-09-18,3362175,1.5103,1.5103,1.4896,1.4965,-0.0138,-0.91,0.25,7290899,,,14.3729,0.8427,2.4837,3.3329,5955348000,,,,,,,
2012-09-19,2377724,1.4896,1.5034,1.4896,1.4965,0,0,0.18,5156986,,,14.3729,0.8427,2.4837,3.3329,5955348000,,,,,,,
2012-09-20,2536218,1.4965,1.4965,1.4689,1.4689,-0.0276,-1.84,0.19,5450098,,,14.1079,0.8272,2.4379,3.2715,5845572000,,,,,,,
2012-09-21,3089670,1.4689,1.4758,1.4551,1.4551,-0.0138,-0.94,0.23,6555715,,,13.9755,0.8194,2.4151,3.2407,5790684000,,,,,,,
2012-09-24,3075178,1.4482,1.4551,1.4344,1.4413,-0.0138,-0.95,0.23,6430363,,,13.843,0.8116,2.3922,3.21,5735796000,,,,,,,
2012-09-25,3992481,1.4413,1.4551,1.4344,1.4413,0,0,0.3,8374768,,,13.843,0.8116,2.3922,3.21,5735796000,,,,,,,
2012-09-26,3550190,1.4413,1.4482,1.4137,1.4206,-0.0207,-1.44,0.26,7364943,,,13.6443,0.8,2.3578,3.1639,5653464000,,,,,,,
2012-09-27,5951739,1.4137,1.4482,1.4137,1.4413,0.0207,1.46,0.44,12384313,,,13.843,0.8116,2.3922,3.21,5735796000,,,,,,,
2012-09-28,5407992,1.4344,1.4551,1.4275,1.4482,0.0069,0.48,0.4,11301320,,,13.9092,0.8155,2.4036,3.2254,5763240000,,,,,,,
2012-10-08,3362186,1.4482,1.4482,1.4344,1.4344,-0.0138,-0.95,0.25,7031177,,,14.4225,0.795,2.3513,3.478,5708352000,,,,,,,
2012-10-09,5278476,1.4344,1.4689,1.4344,1.4689,0.0345,2.41,0.39,11154044,,,14.7692,0.8141,2.4078,3.5616,5845572000,,,,,,,
2012-10-10,9730351,1.4551,1.5034,1.4551,1.4965,0.0276,1.88,0.73,20899536,,,15.0466,0.8294,2.453,3.6285,5955348000,,,,,,,
2012-10-11,6203550,1.4896,1.5034,1.4689,1.4758,-0.0207,-1.38,0.46,13385113,,,14.8386,0.818,2.4191,3.5784,5873016000,,,,,,,
2012-10-12,3743342,1.4758,1.4896,1.462,1.4758,0,0,0.28,8002484,,,14.8386,0.818,2.4191,3.5784,5873016000,,,,,,,
2012-10-15,2390230,1.4689,1.4758,1.4551,1.462,-0.0138,-0.94,0.18,5072265,,,14.6999,0.8103,2.3965,3.5449,5818128000,,,,,,,
2012-10-16,2448292,1.462,1.4758,1.4551,1.462,0,0,0.18,5202310,,,14.6999,0.8103,2.3965,3.5449,5818128000,,,,,,,
2012-10-17,3830090,1.4689,1.4689,1.4482,1.4689,0.0069,0.47,0.29,8102285,,,14.7692,0.8141,2.4078,3.5616,5845572000,,,,,,,
2012-10-18,11323980,1.4551,1.5171,1.4551,1.4896,0.0207,1.41,0.85,24568116,,,14.9772,0.8256,2.4417,3.6118,5927904000,,,,,,,
2012-10-19,6676460,1.4827,1.4965,1.4827,1.4896,0,0,0.5,14402001,,,14.9772,0.8256,2.4417,3.6118,5927904000,,,,,,,
2012-10-22,3320256,1.4827,1.4965,1.4758,1.4965,0.0069,0.46,0.25,7161417,,,15.0466,0.8294,2.453,3.6285,5955348000,,,,,,,
2012-10-23,5548633,1.4965,1.5034,1.4827,1.4965,0,0,0.41,12031698,,,15.0466,0.8294,2.453,3.6285,5955348000,,,,,,,
2012-10-24,19066995,1.4896,1.5378,1.4827,1.5378,0.0413,2.76,1.42,42138159,,,15.4626,0.8524,2.5208,3.7289,6120012000,,,,,,,
2012-10-25,20189512,1.5309,1.5792,1.524,1.5309,-0.0069,-0.45,1.51,45568030,,,15.3933,0.8485,2.5095,3.7121,6092568000,,,,,,,
2012-10-26,11442811,1.524,1.5309,1.4689,1.4896,-0.0413,-2.7,0.85,24802592,,,14.9772,0.8256,2.4417,3.6118,5927904000,,,,,,,
2012-10-29,8523648,1.4827,1.5309,1.4758,1.5103,0.0207,1.39,0.64,18605892,,,15.1853,0.8371,2.4756,3.662,6010236000,,,,,,,
2012-10-30,4115849,1.5034,1.5171,1.4827,1.4965,-0.0138,-0.91,0.31,8941593,,,15.0466,0.8294,2.453,3.6285,5955348000,,,,,,,
2012-10-31,4791500,1.4965,1.5034,1.4827,1.4965,0,0,0.36,10366616,,,15.0466,0.8294,2.453,3.6285,5955348000,,,,,,,
2012-11-01,7535700,1.4965,1.524,1.4965,1.5103,0.0138,0.92,0.56,16482898,,,15.1853,0.8371,2.4756,3.662,6010236000,,,,,,,
2012-11-02,7151028,1.5171,1.524,1.5034,1.524,0.0137,0.91,0.53,15696273,,,15.3239,0.8447,2.4982,3.6954,6065124000,,,,,,,
2012-11-05,4589135,1.5171,1.524,1.5034,1.5103,-0.0137,-0.9,0.34,10072647,,,15.1853,0.8371,2.4756,3.662,6010236000,,,,,,,
2012-11-06,4564185,1.5103,1.5103,1.4827,1.4965,-0.0138,-0.91,0.34,9895228,,,15.0466,0.8294,2.453,3.6285,5955348000,,,,,,,
2012-11-07,3199844,1.4896,1.5034,1.4896,1.4896,-0.0069,-0.46,0.24,6927182,,,14.9772,0.8256,2.4417,3.6118,5927904000,,,,,,,
2012-11-08,7427259,1.4827,1.4896,1.4551,1.4551,-0.0345,-2.32,0.55,15847139,,,14.6306,0.8065,2.3852,3.5282,5790684000,,,,,,,
2012-11-09,2812849,1.4551,1.4689,1.4551,1.462,0.0069,0.47,0.21,5959503,,,14.6999,0.8103,2.3965,3.5449,5818128000,,,,,,,
2012-11-12,2441536,1.4689,1.4758,1.462,1.4758,0.0138,0.94,0.18,5200578,,,14.8386,0.818,2.4191,3.5784,5873016000,,,,,,,
2012-11-13,4203284,1.4758,1.4896,1.4551,1.462,-0.0138,-0.94,0.31,8963500,,,14.6999,0.8103,2.3965,3.5449,5818128000,,,,,,,
2012-11-14,1829054,1.4551,1.4689,1.4551,1.462,0,0,0.14,3876648,,,14.6999,0.8103,2.3965,3.5449,5818128000,,,,,,,
2012-11-15,2520893,1.462,1.4689,1.4413,1.4413,-0.0207,-1.42,0.19,5315454,,,14.4919,0.7988,2.3626,3.4948,5735796000,,,,,,,
2012-11-16,3474521,1.4413,1.4482,1.4275,1.4413,0,0,0.26,7226696,,,14.4919,0.7988,2.3626,3.4948,5735796000,,,,,,,
2012-11-19,2263408,1.4344,1.4551,1.4275,1.4551,0.0138,0.96,0.17,4740139,,,14.6306,0.8065,2.3852,3.5282,5790684000,,,,,,,
2012-11-20,2826612,1.4551,1.462,1.4482,1.4482,-0.0069,-0.47,0.21,5953549,,,14.5612,0.8027,2.3739,3.5115,5763240000,,,,,,,
2012-11-21,3767717,1.4482,1.4758,1.4413,1.4689,0.0207,1.43,0.28,7965978,,,14.7692,0.8141,2.4078,3.5616,5845572000,,,,,,,
2012-11-22,1709837,1.462,1.4689,1.4551,1.462,-0.0069,-0.47,0.13,3619199,,,14.6999,0.8103,2.3965,3.5449,5818128000,,,,,,,
2012-11-23,2917027,1.462,1.4689,1.4482,1.4551,-0.0069,-0.47,0.22,6170718,,,14.6306,0.8065,2.3852,3.5282,5790684000,,,,,,,
2012-11-26,1805511,1.4551,1.462,1.4413,1.4413,-0.0138,-0.95,0.13,3789160,,,14.4919,0.7988,2.3626,3.4948,5735796000,,,,,,,
2012-11-27,2948797,1.4413,1.4482,1.4206,1.4206,-0.0207,-1.44,0.22,6109869,,,14.2839,0.7874,2.3286,3.4446,5653464000,,,,,,,
2012-11-28,3388594,1.4206,1.4206,1.3999,1.4137,-0.0069,-0.49,0.25,6938427,,,14.2145,0.7836,2.3173,3.4279,5626020000,,,,,,,
2012-11-29,4697657,1.4137,1.4551,1.4068,1.4206,0.0069,0.49,0.35,9699490,,,14.2839,0.7874,2.3286,3.4446,5653464000,,,,,,,
2012-11-30,3448419,1.4206,1.4413,1.4137,1.4413,0.0207,1.46,0.26,7153007,,,14.4919,0.7988,2.3626,3.4948,5735796000,,,,,,,
2012-12-03,3676400,1.4413,1.4482,1.4206,1.4275,-0.0138,-0.96,0.27,7647030,,,14.3532,0.7912,2.3399,3.4613,5680908000,,,,,,,
2012-12-04,3202619,1.4344,1.4413,1.4137,1.4344,0.0069,0.48,0.24,6621349,,,14.4225,0.795,2.3513,3.478,5708352000,,,,,,,
2012-12-05,8575477,1.4344,1.4758,1.4275,1.4689,0.0345,2.41,0.64,18202601,,,14.7692,0.8141,2.4078,3.5616,5845572000,,,,,,,
2012-12-06,3487328,1.4689,1.4689,1.4551,1.4551,-0.0138,-0.94,0.26,7388812,,,14.6306,0.8065,2.3852,3.5282,5790684000,,,,,,,
2012-12-07,5489607,1.4551,1.4827,1.4551,1.4689,0.0138,0.95,0.41,11708901,,,14.7692,0.8141,2.4078,3.5616,5845572000,,,,,,,
2012-12-10,8719375,1.4758,1.4896,1.4689,1.4827,0.0138,0.94,0.65,18738466,,,14.9079,0.8218,2.4304,3.5951,5900460000,,,,,,,
2012-12-11,4648890,1.4896,1.4896,1.4689,1.4689,-0.0138,-0.93,0.35,9937244,,,14.7692,0.8141,2.4078,3.5616,5845572000,,,,,,,
2012-12-12,3426983,1.4758,1.4827,1.462,1.4758,0.0069,0.47,0.26,7313807,,,14.8386,0.818,2.4191,3.5784,5873016000,,,,,,,
2012-12-13,10198477,1.4827,1.5034,1.4758,1.4827,0.0069,0.47,0.76,22064326,,,14.9079,0.8218,2.4304,3.5951,5900460000,,,,,,,
2012-12-14,19492176,1.4689,1.5378,1.4689,1.5171,0.0344,2.32,1.45,42709662,,,15.2546,0.8409,2.4869,3.6787,6037680000,,,,,,,
2012-12-17,12235501,1.524,1.5378,1.5103,1.5171,0,0,0.91,26969627,,,15.2546,0.8409,2.4869,3.6787,6037680000,,,,,,,
2012-12-18,7726472,1.5103,1.5309,1.5034,1.5171,0,0,0.58,16982238,,,15.2546,0.8409,2.4869,3.6787,6037680000,,,,,,,
2012-12-19,6145654,1.5171,1.5171,1.4965,1.5034,-0.0137,-0.9,0.46,13440724,,,15.1159,0.8332,2.4643,3.6453,5982792000,,,,,,,
2012-12-20,5708374,1.5034,1.5103,1.4896,1.5034,0,0,0.43,12419404,,,15.1159,0.8332,2.4643,3.6453,5982792000,,,,,,,
2012-12-21,6408166,1.5103,1.5171,1.4965,1.5034,0,0,0.48,13999162,,,15.1159,0.8332,2.4643,3.6453,5982792000,,,,,,,
2012-12-24,6298545,1.5034,1.5103,1.4896,1.5034,0,0,0.47,13695788,,,15.1159,0.8332,2.4643,3.6453,5982792000,,,,,,,
2012-12-25,26314259,1.4965,1.5378,1.4896,1.5309,0.0275,1.83,1.96,58089962,,,15.3933,0.8485,2.5095,3.7121,6092568000,,,,,,,
2012-12-26,11521055,1.5309,1.5309,1.5171,1.5309,0,0,0.86,25453476,,,15.3933,0.8485,2.5095,3.7121,6092568000,,,,,,,
2012-12-27,16085306,1.5309,1.5378,1.5171,1.524,-0.0069,-0.45,1.2,35566520,,,15.3239,0.8447,2.4982,3.6954,6065124000,,,,,,,
2012-12-28,7176397,1.5171,1.5309,1.5103,1.5309,0.0069,0.45,0.54,15834947,,,15.3933,0.8485,2.5095,3.7121,6092568000,,,,,,,
2012-12-31,18728742,1.5309,1.5447,1.5171,1.5378,0.0069,0.45,1.4,41578630,,,14.9017,0.8454,2.5233,3.7248,6120012000,,,,,,,
2013-01-04,10522346,1.5447,1.5516,1.524,1.5378,0,0,0.79,23463282,,,14.9017,0.8454,2.5233,3.7248,6120012000,,,,,,,
2013-01-07,9978991,1.5309,1.5447,1.524,1.5447,0.0069,0.45,0.74,22194216,,,14.9685,0.8492,2.5346,3.7415,6147456000,,,,,,,
2013-01-08,8903292,1.5378,1.5447,1.524,1.5309,-0.0138,-0.89,0.66,19771528,,,14.8349,0.8416,2.512,3.7081,6092568000,,,,,,,
2013-01-09,8280034,1.5309,1.5378,1.524,1.5309,0,0,0.62,18392935,,,14.8349,0.8416,2.512,3.7081,6092568000,,,,,,,
2013-01-10,9435124,1.5309,1.5378,1.524,1.5378,0.0069,0.45,0.7,20975431,,,14.9017,0.8454,2.5233,3.7248,6120012000,,,,,,,
2013-01-11,10117682,1.5378,1.5378,1.5034,1.5103,-0.0275,-1.79,0.76,22340771,,,14.6344,0.8302,2.478,3.658,6010236000,,,,,,,
2013-01-14,14818475,1.5103,1.5447,1.5034,1.5378,0.0275,1.82,1.11,32829328,,,14.9017,0.8454,2.5233,3.7248,6120012000,,,,,,,
2013-01-15,22610915,1.5378,1.5585,1.5309,1.5585,0.0207,1.35,1.69,50665108,,,15.1022,0.8568,2.5572,3.7749,6202344000,,,,,,,
2013-01-16,14110333,1.5585,1.5585,1.5309,1.5447,-0.0138,-0.89,1.05,31617232,,,14.9685,0.8492,2.5346,3.7415,6147456000,,,,,,,
2013-01-17,9436652,1.5378,1.5447,1.524,1.5309,-0.0138,-0.89,0.7,20994497,,,14.8349,0.8416,2.512,3.7081,6092568000,,,,,,,
2013-01-18,8311955,1.5378,1.5447,1.5309,1.5447,0.0138,0.9,0.62,18544717,,,14.9685,0.8492,2.5346,3.7415,6147456000,,,,,,,
2013-01-21,24288442,1.5447,1.5723,1.5378,1.5654,0.0207,1.34,1.81,54962321,,,15.169,0.8606,2.5685,3.7916,6229788000,,,,,,,
2013-01-22,13958289,1.5654,1.5723,1.5447,1.5516,-0.0138,-0.88,1.04,31500410,,,15.0354,0.853,2.5459,3.7582,6174900000,,,,,,,
2013-01-23,9797082,1.5516,1.5654,1.5378,1.5516,0,0,0.73,22013996,,,15.0354,0.853,2.5459,3.7582,6174900000,,,,,,,
2013-01-24,14044841,1.5447,1.5654,1.524,1.5309,-0.0207,-1.33,1.05,31510803,,,14.8349,0.8416,2.512,3.7081,6092568000,,,,,,,
2013-01-25,6974738,1.5309,1.5447,1.524,1.5378,0.0069,0.45,0.52,15511644,,,14.9017,0.8454,2.5233,3.7248,6120012000,,,,,,,
2013-01-28,10600305,1.5309,1.5516,1.5309,1.5516,0.0138,0.9,0.79,23736021,,,15.0354,0.853,2.5459,3.7582,6174900000,,,,,,,
2013-01-29,12071583,1.5516,1.5654,1.5378,1.5516,0,0,0.9,27194714,,,15.0354,0.853,2.5459,3.7582,6174900000,,,,,,,
2013-01-30,61197887,1.5585,1.662,1.5447,1.6344,0.0828,5.34,4.57,143196370,,,15.8373,0.8985,2.6817,3.9586,6504228000,,,,,,,
2013-01-31,27961172,1.6206,1.6482,1.593,1.6068,-0.0276,-1.69,2.09,65498258,,,15.57,0.8833,2.6364,3.8918,6394452000,,,,,,,
2013-02-01,25560982,1.5999,1.6137,1.5792,1.6068,0,0,1.91,59029367,,,15.57,0.8833,2.6364,3.8918,6394452000,,,,,,,
2013-02-04,22755632,1.6068,1.6206,1.593,1.6206,0.0138,0.86,1.7,53168020,,,15.7036,0.8909,2.6591,3.9252,6449340000,,,,,,,
2013-02-05,15435781,1.6137,1.6137,1.5861,1.6137,-0.0069,-0.43,1.15,35861506,,,15.6368,0.8871,2.6477,3.9085,6421896000,,,,,,,
2013-02-06,10011011,1.6137,1.6206,1.5999,1.6068,-0.0069,-0.43,0.75,23361520,,,15.57,0.8833,2.6364,3.8918,6394452000,,,,,,,
2013-02-07,11333806,1.6137,1.6206,1.5999,1.6137,0.0069,0.43,0.85,26428855,,,15.6368,0.8871,2.6477,3.9085,6421896000,,,,,,,
2013-02-08,11463998,1.6068,1.6344,1.6068,1.6275,0.0138,0.86,0.86,26982888,,,15.7704,0.8947,2.6704,3.9419,6476784000,,,,,,,
2013-02-18,9651718,1.6275,1.6344,1.6137,1.6206,-0.0069,-0.42,0.72,22716159,,,15.7036,0.8909,2.6591,3.9252,6449340000,,,,,,,
2013-02-19,10034256,1.6206,1.6275,1.593,1.6068,-0.0138,-0.85,0.75,23463015,,,15.57,0.8833,2.6364,3.8918,6394452000,,,,,,,
2013-02-20,7164294,1.5999,1.6137,1.593,1.6137,0.0069,0.43,0.53,16702350,,,15.6368,0.8871,2.6477,3.9085,6421896000,,,,,,,
2013-02-21,11245823,1.6068,1.6068,1.5723,1.5792,-0.0345,-2.14,0.84,25882672,,,15.3027,0.8681,2.5912,3.825,6284676000,,,,,,,
2013-02-22,6684577,1.5792,1.5792,1.5585,1.5654,-0.0138,-0.87,0.5,15249630,,,15.169,0.8606,2.5685,3.7916,6229788000,,,,,,,
2013-02-25,4193571,1.5654,1.5792,1.5654,1.5723,0.0069,0.44,0.31,9553218,,,15.2358,0.8643,2.5798,3.8083,6257232000,,,,,,,
2013-02-26,7647199,1.5654,1.5654,1.5309,1.5378,-0.0345,-2.19,0.57,17221577,,,14.9017,0.8454,2.5233,3.7248,6120012000,,,,,,,
2013-02-27,4500795,1.5309,1.5516,1.5309,1.5516,0.0138,0.9,0.34,10081696,,,15.0354,0.853,2.5459,3.7582,6174900000,,,,,,,
2013-02-28,4767413,1.5516,1.5723,1.5447,1.5723,0.0207,1.33,0.36,10795573,,,15.2358,0.8643,2.5798,3.8083,6257232000,,,,,,,
2013-03-01,8248907,1.5723,1.593,1.5654,1.5792,0.0069,0.44,0.62,18877705,,,15.3027,0.8681,2.5912,3.825,6284676000,,,,,,,
2013-03-04,8578618,1.5723,1.5792,1.5309,1.5447,-0.0345,-2.18,0.64,19270001,,,14.9685,0.8492,2.5346,3.7415,6147456000,,,,,,,
2013-03-05,6995675,1.5447,1.5654,1.5447,1.5585,0.0138,0.89,0.52,15754096,,,15.1022,0.8568,2.5572,3.7749,6202344000,,,,,,,
2013-03-06,9135977,1.5585,1.5861,1.5585,1.5792,0.0207,1.33,0.68,20823071,,,15.3027,0.8681,2.5912,3.825,6284676000,,,,,,,
2013-03-07,6938455,1.5723,1.5861,1.5585,1.5723,-0.0069,-0.44,0.52,15820013,,,15.2358,0.8643,2.5798,3.8083,6257232000,,,,,,,
2013-03-08,3489676,1.5723,1.5792,1.5654,1.5654,-0.0069,-0.44,0.26,7935846,,,15.169,0.8606,2.5685,3.7916,6229788000,,,,,,,
2013-03-11,5609276,1.5654,1.5792,1.5654,1.5723,0.0069,0.44,0.42,12780359,,,15.2358,0.8643,2.5798,3.8083,6257232000,,,,,,,
2013-03-12,8611591,1.5654,1.5792,1.5378,1.5516,-0.0207,-1.32,0.64,19427050,,,15.0354,0.853,2.5459,3.7582,6174900000,,,,,,,
2013-03-13,4563238,1.5516,1.5516,1.5309,1.5378,-0.0138,-0.89,0.34,10185753,,,14.9017,0.8454,2.5233,3.7248,6120012000,,,,,,,
2013-03-14,4170584,1.5378,1.5516,1.5309,1.5447,0.0069,0.45,0.31,9309508,,,14.9685,0.8492,2.5346,3.7415,6147456000,,,,,,,
2013-03-15,7225422,1.5447,1.5516,1.5309,1.5447,0,0,0.54,16164150,,,14.9685,0.8492,2.5346,3.7415,6147456000,,,,,,,
2013-03-18,4664097,1.5378,1.5378,1.5171,1.524,-0.0207,-1.34,0.35,10328046,,,14.7681,0.8378,2.5006,3.6914,6065124000,,,,,,,
2013-03-19,3898752,1.524,1.5309,1.5171,1.524,0,0,0.29,8610255,,,14.7681,0.8378,2.5006,3.6914,6065124000,,,,,,,
2013-03-20,4880238,1.524,1.5447,1.524,1.5447,0.0207,1.36,0.36,10879973,,,14.9685,0.8492,2.5346,3.7415,6147456000,,,,,,,
2013-03-21,6414000,1.5447,1.5447,1.5309,1.5447,0,0,0.48,14314814,,,14.9685,0.8492,2.5346,3.7415,6147456000,,,,,,,
2013-03-22,5274323,1.5447,1.5447,1.5309,1.5447,0,0,0.39,11775907,,,14.9685,0.8492,2.5346,3.7415,6147456000,,,,,,,
2013-03-25,4116284,1.5447,1.5516,1.5378,1.5447,0,0,0.31,9210189,,,14.9685,0.8492,2.5346,3.7415,6147456000,,,,,,,
2013-03-26,4576652,1.5378,1.5447,1.524,1.5309,-0.0138,-0.89,0.34,10167674,,,14.8349,0.8416,2.512,3.7081,6092568000,,,,,,,
2013-03-27,3932118,1.5309,1.5447,1.524,1.5378,0.0069,0.45,0.29,8767183,,,14.9017,0.8454,2.5233,3.7248,6120012000,,,,,,,
2013-03-28,6772172,1.5378,1.5378,1.5034,1.5034,-0.0344,-2.24,0.51,14854731,,,14.5676,0.8264,2.4667,3.6413,5982792000,,,,,,,
2013-03-29,2803000,1.5034,1.5103,1.4965,1.4965,-0.0069,-0.46,0.21,6111056,,,14.5008,0.8226,2.4554,3.6246,5955348000,,,,,,,
2013-04-01,3185364,1.4965,1.5103,1.4965,1.4965,0,0,0.24,6937349,,,13.9918,0.8057,2.4492,3.8298,5955348000,,,,,,,
2013-04-02,3237690,1.5034,1.5103,1.4965,1.5034,0.0069,0.46,0.24,7053277,,,14.0562,0.8094,2.4605,3.8474,5982792000,,,,,,,
2013-04-03,3363355,1.5034,1.5103,1.4965,1.5034,0,0,0.25,7327908,,,14.0562,0.8094,2.4605,3.8474,5982792000,,,,,,,
2013-04-08,3594534,1.5034,1.5034,1.4827,1.4965,-0.0069,-0.46,0.27,7773605,,,13.9918,0.8057,2.4492,3.8298,5955348000,,,,,,,
2013-04-09,2508234,1.4965,1.5034,1.4896,1.5034,0.0069,0.46,0.19,5452876,,,14.0562,0.8094,2.4605,3.8474,5982792000,,,,,,,
2013-04-10,3499567,1.5034,1.5171,1.4965,1.5171,0.0137,0.91,0.26,7649256,,,14.1852,0.8168,2.4831,3.8827,6037680000,,,,,,,
2013-04-11,3177975,1.5103,1.524,1.5103,1.5171,0,0,0.24,6991899,,,14.1852,0.8168,2.4831,3.8827,6037680000,,,,,,,
2013-04-12,3096835,1.5171,1.524,1.5034,1.5034,-0.0137,-0.9,0.23,6791926,,,14.0562,0.8094,2.4605,3.8474,5982792000,,,,,,,
2013-04-15,3426881,1.5034,1.5103,1.4827,1.4896,-0.0138,-0.92,0.26,7414249,,,13.9273,0.802,2.438,3.8121,5927904000,,,,,,,
2013-04-16,3131646,1.4827,1.5034,1.4827,1.5034,0.0138,0.93,0.23,6766510,,,14.0562,0.8094,2.4605,3.8474,5982792000,,,,,,,
2013-04-17,2253689,1.5034,1.5034,1.4896,1.4965,-0.0069,-0.46,0.17,4891675,,,13.9918,0.8057,2.4492,3.8298,5955348000,,,,,,,
2013-04-18,1815243,1.4965,1.5034,1.4896,1.5034,0.0069,0.46,0.14,3943899,,,14.0562,0.8094,2.4605,3.8474,5982792000,,,,,,,
2013-04-19,7944782,1.5034,1.524,1.4965,1.524,0.0206,1.37,0.59,17458730,,,14.2497,0.8206,2.4944,3.9003,6065124000,,,,,,,
2013-04-22,4471605,1.5171,1.524,1.5103,1.5171,-0.0069,-0.45,0.33,9826221,,,14.1852,0.8168,2.4831,3.8827,6037680000,,,,,,,
2013-04-23,4960987,1.5171,1.524,1.4896,1.4965,-0.0206,-1.36,0.37,10811689,,,13.9918,0.8057,2.4492,3.8298,5955348000,,,,,,,
2013-04-24,4000842,1.4965,1.5103,1.4896,1.5034,0.0069,0.46,0.3,8713283,,,14.0562,0.8094,2.4605,3.8474,5982792000,,,,,,,
2013-04-25,5917300,1.5034,1.5171,1.4965,1.4965,-0.0069,-0.46,0.44,12944351,,,13.9918,0.8057,2.4492,3.8298,5955348000,,,,,,,
2013-04-26,3332919,1.5034,1.5103,1.4965,1.4965,0,0,0.25,7259348,,,13.9918,0.8057,2.4492,3.8298,5955348000,,,,,,,
2013-05-02,3454700,1.4965,1.5034,1.4896,1.5034,0.0069,0.46,0.26,7488534,,,14.0562,0.8094,2.4605,3.8474,5982792000,,,,,,,
2013-05-03,5499444,1.5034,1.524,1.4965,1.5171,0.0137,0.91,0.41,12074651,,,14.1852,0.8168,2.4831,3.8827,6037680000,,,,,,,
2013-05-06,5319401,1.5171,1.524,1.5034,1.524,0.0069,0.45,0.4,11690816,,,14.2497,0.8206,2.4944,3.9003,6065124000,,,,,,,
2013-05-07,6003937,1.524,1.5309,1.5103,1.524,0,0,0.45,13250497,,,14.2497,0.8206,2.4944,3.9003,6065124000,,,,,,,
2013-05-08,5062058,1.524,1.5309,1.5171,1.5309,0.0069,0.45,0.38,11195114,,,14.3142,0.8243,2.5057,3.918,6092568000,,,,,,,
2013-05-09,4381402,1.5309,1.5309,1.5103,1.5103,-0.0206,-1.35,0.33,9635677,,,14.1207,0.8131,2.4718,3.865,6010236000,,,,,,,
2013-05-10,3957308,1.5103,1.524,1.5034,1.524,0.0137,0.91,0.3,8690016,,,14.2497,0.8206,2.4944,3.9003,6065124000,,,,,,,
2013-05-13,8034657,1.5171,1.5378,1.5171,1.5378,0.0138,0.91,0.6,17822764,,,14.3786,0.828,2.517,3.9356,6120012000,,,,,,,
2013-05-14,4887950,1.5309,1.5378,1.5171,1.524,-0.0138,-0.9,0.36,10790220,,,14.2497,0.8206,2.4944,3.9003,6065124000,,,,,,,
2013-05-15,2281217,1.524,1.524,1.5171,1.524,0,0,0.17,5029553,,,14.2497,0.8206,2.4944,3.9003,6065124000,,,,,,,
2013-05-16,7244376,1.524,1.5378,1.5171,1.5309,0.0069,0.45,0.54,16036909,,,14.3142,0.8243,2.5057,3.918,6092568000,,,,,,,
2013-05-17,6649292,1.5309,1.5447,1.524,1.5447,0.0138,0.9,0.5,14806563,,,14.4431,0.8317,2.5282,3.9533,6147456000,,,,,,,
2013-05-20,10810209,1.5447,1.5585,1.5378,1.5516,0.0069,0.45,0.81,24328116,,,14.5076,0.8354,2.5395,3.9709,6174900000,,,,,,,
2013-05-21,16093378,1.5516,1.5792,1.5447,1.5723,0.0207,1.33,1.2,36515430,,,14.701,0.8465,2.5734,4.0239,6257232000,,,,,,,
2013-05-22,9438985,1.5723,1.5723,1.5516,1.5585,-0.0138,-0.88,0.7,21348411,,,14.5721,0.8391,2.5508,3.9886,6202344000,,,,,,,
2013-05-23,9117412,1.5516,1.5654,1.5447,1.5516,-0.0069,-0.44,0.68,20539482,,,14.5076,0.8354,2.5395,3.9709,6174900000,,,,,,,
2013-05-24,4067683,1.5447,1.5585,1.5447,1.5585,0.0069,0.44,0.3,9152128,,,14.5721,0.8391,2.5508,3.9886,6202344000,,,,,,,
2013-05-27,4245172,1.5654,1.5654,1.5447,1.5516,-0.0069,-0.44,0.32,9574936,,,14.5076,0.8354,2.5395,3.9709,6174900000,,,,,,,
2013-05-28,6795989,1.5516,1.5654,1.5447,1.5585,0.0069,0.44,0.51,15314744,,,14.5721,0.8391,2.5508,3.9886,6202344000,,,,,,,
2013-05-29,4836237,1.5585,1.5654,1.5516,1.5654,0.0069,0.44,0.36,10951253,,,14.6365,0.8428,2.5621,4.0062,6229788000,,,,,,,
2013-05-30,4366579,1.5654,1.5654,1.5516,1.5516,-0.0138,-0.88,0.33,9856567,,,14.5076,0.8354,2.5395,3.9709,6174900000,,,,,,,
2013-05-31,6234683,1.5516,1.5654,1.5447,1.5447,-0.0069,-0.44,0.47,14053239,,,14.4431,0.8317,2.5282,3.9533,6147456000,,,,,,,
2013-06-03,5917078,1.5447,1.5654,1.5447,1.5585,0.0138,0.89,0.44,13344760,,,14.5721,0.8391,2.5508,3.9886,6202344000,,,,,,,
2013-06-04,7733286,1.5585,1.5654,1.5447,1.5585,0,0,0.58,17453550,,,14.5721,0.8391,2.5508,3.9886,6202344000,,,,,,,
2013-06-05,4052428,1.5585,1.5585,1.5516,1.5516,-0.0069,-0.44,0.3,9131212,,,14.5076,0.8354,2.5395,3.9709,6174900000,,,,,,,
2013-06-06,4275257,1.5585,1.5585,1.5447,1.5447,-0.0069,-0.44,0.32,9607486,,,14.4431,0.8317,2.5282,3.9533,6147456000,,,,,,,
2013-06-07,6583176,1.5447,1.5516,1.524,1.5447,0,0,0.49,14682948,,,14.4431,0.8317,2.5282,3.9533,6147456000,,,,,,,
2013-06-13,9338325,1.5378,1.5378,1.4965,1.5171,-0.0276,-1.79,0.7,20485752,,,14.1852,0.8168,2.4831,3.8827,6037680000,,,,,,,
2013-06-14,5391368,1.5171,1.5171,1.4954,1.5099,-0.0072,-0.47,0.4,11231571,,,13.4759,0.8059,2.3589,3.6886,5735796000,,,,,,,
2013-06-17,6145313,1.5099,1.5099,1.481,1.4954,-0.0145,-0.96,0.46,12715631,,,13.347,0.7982,2.3364,3.6533,5680908000,,,,,,,
2013-06-18,3527715,1.4954,1.4954,1.4738,1.4882,-0.0072,-0.48,0.26,7252961,,,13.2825,0.7944,2.3251,3.6356,5653464000,,,,,,,
2013-06-19,6908522,1.4882,1.5027,1.4738,1.4954,0.0072,0.48,0.52,14236787,,,13.347,0.7982,2.3364,3.6533,5680908000,,,,,,,
2013-06-20,5638200,1.4954,1.4954,1.4449,1.4593,-0.0361,-2.41,0.42,11503930,,,13.0246,0.7789,2.2799,3.565,5543688000,,,,,,,
2013-06-21,6758179,1.4593,1.4593,1.4377,1.4593,0,0,0.5,13544592,,,13.0246,0.7789,2.2799,3.565,5543688000,,,,,,,
2013-06-24,8585961,1.4593,1.4593,1.3871,1.3943,-0.065,-4.45,0.64,16861137,,,12.4443,0.7442,2.1784,3.4062,5296692000,,,,,,,
2013-06-25,10241205,1.3871,1.4015,1.3076,1.3726,-0.0217,-1.56,0.76,19287868,,,12.2509,0.7327,2.1445,3.3532,5214360000,,,,,,,
2013-06-26,5055466,1.3654,1.3726,1.351,1.3654,-0.0072,-0.52,0.38,9536746,,,12.1864,0.7288,2.1332,3.3356,5186916000,,,,,,,
2013-06-27,5815781,1.3726,1.3871,1.3582,1.3654,0,0,0.43,11052762,,,12.1864,0.7288,2.1332,3.3356,5186916000,,,,,,,
2013-06-28,4979857,1.351,1.3871,1.3437,1.3726,0.0072,0.53,0.37,9418378,,,12.2509,0.7327,2.1445,3.3532,5214360000,,,,,,,
2013-07-01,3863952,1.3726,1.3871,1.3582,1.3799,0.0073,0.53,0.29,7351393,,,11.2208,0.7221,2.1167,2.7271,5241804000,,,,,,,
2013-07-02,4683726,1.3799,1.3799,1.3582,1.3726,-0.0073,-0.53,0.35,8869595,,,11.162,0.7183,2.1057,2.7128,5214360000,,,,,,,
2013-07-03,5280180,1.3654,1.3799,1.351,1.3654,-0.0072,-0.52,0.39,9962475,,,11.1033,0.7145,2.0946,2.6985,5186916000,,,,,,,
2013-07-04,5080189,1.3726,1.3871,1.3582,1.3799,0.0145,1.06,0.38,9664409,,,11.2208,0.7221,2.1167,2.7271,5241804000,,,,,,,
2013-07-05,5426684,1.3799,1.3943,1.3726,1.3871,0.0072,0.52,0.41,10391138,,,11.2795,0.7258,2.1278,2.7413,5269248000,,,,,,,
2013-07-08,4510979,1.3654,1.3799,1.351,1.3582,-0.0289,-2.08,0.34,8494141,,,11.0445,0.7107,2.0835,2.6842,5159472000,,,,,,,
2013-07-09,2386368,1.3582,1.3654,1.351,1.3654,0.0072,0.53,0.18,4487657,,,11.1033,0.7145,2.0946,2.6985,5186916000,,,,,,,
2013-07-10,4466592,1.3654,1.3871,1.351,1.3799,0.0145,1.06,0.33,8500754,,,11.2208,0.7221,2.1167,2.7271,5241804000,,,,,,,
2013-07-11,9960052,1.3871,1.4232,1.3799,1.416,0.0361,2.62,0.74,19365894,,,11.5145,0.741,2.1722,2.7984,5379024000,,,,,,,
2013-07-12,5953199,1.4088,1.416,1.3871,1.3871,-0.0289,-2.04,0.44,11548586,,,11.2795,0.7258,2.1278,2.7413,5269248000,,,,,,,
2013-07-15,5095331,1.3871,1.4015,1.3799,1.3943,0.0072,0.52,0.38,9825660,,,11.3383,0.7296,2.1389,2.7556,5296692000,,,,,,,
2013-07-16,4349774,1.3943,1.4015,1.3799,1.4015,0.0072,0.52,0.32,8375786,,,11.397,0.7334,2.15,2.7699,5324136000,,,,,,,
2013-07-17,3728860,1.3943,1.4088,1.3871,1.3871,-0.0144,-1.03,0.28,7201165,,,11.2795,0.7258,2.1278,2.7413,5269248000,,,,,,,
2013-07-18,4562793,1.3871,1.3943,1.3726,1.3799,-0.0072,-0.52,0.34,8700275,,,11.2208,0.7221,2.1167,2.7271,5241804000,,,,,,,
2013-07-19,5670699,1.3726,1.3799,1.3582,1.3582,-0.0217,-1.57,0.42,10736246,,,11.0445,0.7107,2.0835,2.6842,5159472000,,,,,,,
2013-07-22,5790801,1.351,1.3582,1.3437,1.3582,0,0,0.43,10842480,,,11.0445,0.7107,2.0835,2.6842,5159472000,,,,,,,
2013-07-23,6973492,1.3582,1.3871,1.351,1.3799,0.0217,1.6,0.52,13278638,,,11.2208,0.7221,2.1167,2.7271,5241804000,,,,,,,
2013-07-24,3386641,1.3799,1.3871,1.3654,1.3726,-0.0073,-0.53,0.25,6433681,,,11.162,0.7183,2.1057,2.7128,5214360000,,,,,,,
2013-07-25,3296194,1.3726,1.3799,1.3654,1.3654,-0.0072,-0.52,0.25,6263311,,,11.1033,0.7145,2.0946,2.6985,5186916000,,,,,,,
2013-07-26,2946448,1.3654,1.3726,1.351,1.3654,0,0,0.22,5544424,,,11.1033,0.7145,2.0946,2.6985,5186916000,,,,,,,
2013-07-29,3055750,1.3654,1.3654,1.3437,1.351,-0.0144,-1.05,0.23,5716264,,,10.9858,0.7069,2.0724,2.6699,5132028000,,,,,,,
2013-07-30,2378881,1.351,1.3654,1.3437,1.3582,0.0072,0.53,0.18,4455782,,,11.0445,0.7107,2.0835,2.6842,5159472000,,,,,,,
2013-07-31,2994136,1.351,1.3654,1.351,1.351,-0.0072,-0.53,0.22,5627021,,,10.9858,0.7069,2.0724,2.6699,5132028000,,,,,,,
2013-08-01,4792378,1.351,1.3726,1.351,1.3726,0.0216,1.6,0.36,9040578,,,11.162,0.7183,2.1057,2.7128,5214360000,,,,,,,
2013-08-02,4617949,1.3726,1.3799,1.3654,1.3726,0,0,0.34,8767439,,,11.162,0.7183,2.1057,2.7128,5214360000,,,,,,,
2013-08-05,3648039,1.3726,1.3799,1.3654,1.3799,0.0073,0.53,0.27,6940088,,,11.2208,0.7221,2.1167,2.7271,5241804000,,,,,,,
2013-08-06,6821517,1.3799,1.3943,1.3654,1.3871,0.0072,0.52,0.51,13045614,,,11.2795,0.7258,2.1278,2.7413,5269248000,,,,,,,
2013-08-07,5025250,1.3871,1.3871,1.3726,1.3799,-0.0072,-0.52,0.38,9613909,,,11.2208,0.7221,2.1167,2.7271,5241804000,,,,,,,
2013-08-08,4039509,1.3799,1.3871,1.3726,1.3871,0.0072,0.52,0.3,7711030,,,11.2795,0.7258,2.1278,2.7413,5269248000,,,,,,,
2013-08-09,4539171,1.3799,1.3871,1.3726,1.3799,-0.0072,-0.52,0.34,8663195,,,11.2208,0.7221,2.1167,2.7271,5241804000,,,,,,,
2013-08-12,9215203,1.3799,1.4088,1.3726,1.4015,0.0216,1.57,0.69,17773251,,,11.397,0.7334,2.15,2.7699,5324136000,,,,,,,
2013-08-13,8619899,1.4015,1.416,1.3943,1.416,0.0145,1.03,0.64,16811382,,,11.5145,0.741,2.1722,2.7984,5379024000,,,,,,,
2013-08-14,8468045,1.416,1.4232,1.3943,1.4088,-0.0072,-0.51,0.63,16556150,,,11.4558,0.7372,2.1611,2.7842,5351580000,,,,,,,
2013-08-15,5170655,1.4015,1.416,1.3943,1.3943,-0.0145,-1.03,0.39,10047766,,,11.3383,0.7296,2.1389,2.7556,5296692000,,,,,,,
2013-08-16,9802537,1.3943,1.4449,1.3799,1.4015,0.0072,0.52,0.73,19108482,,,11.397,0.7334,2.15,2.7699,5324136000,,,,,,,
2013-08-19,6776978,1.3943,1.4088,1.3799,1.4015,0,0,0.51,13101964,,,11.397,0.7334,2.15,2.7699,5324136000,,,,,,,
2013-08-20,6133097,1.4015,1.4088,1.3871,1.4015,0,0,0.46,11866722,,,11.397,0.7334,2.15,2.7699,5324136000,,,,,,,
2013-08-21,3768053,1.3943,1.4015,1.3799,1.3943,-0.0072,-0.51,0.28,7263924,,,11.3383,0.7296,2.1389,2.7556,5296692000,,,,,,,
2013-08-22,4652867,1.3943,1.4015,1.3871,1.3943,0,0,0.35,9002749,,,11.3383,0.7296,2.1389,2.7556,5296692000,,,,,,,
2013-08-23,6078891,1.3943,1.4088,1.3799,1.3943,0,0,0.45,11734902,,,11.3383,0.7296,2.1389,2.7556,5296692000,,,,,,,
2013-08-26,10130148,1.3943,1.4232,1.3871,1.416,0.0217,1.56,0.76,19784924,,,11.5145,0.741,2.1722,2.7984,5379024000,,,,,,,
2013-08-27,22076814,1.416,1.4665,1.4088,1.4593,0.0433,3.06,1.65,44058652,,,11.867,0.7636,2.2386,2.8841,5543688000,,,,,,,
2013-08-28,13970341,1.4449,1.4738,1.4377,1.4449,-0.0144,-0.99,1.04,28072155,,,11.7495,0.7561,2.2165,2.8556,5488800000,,,,,,,
2013-08-29,24270885,1.4449,1.5171,1.4377,1.4882,0.0433,3,1.81,49828486,,,12.102,0.7788,2.283,2.9412,5653464000,,,,,,,
2013-08-30,45142671,1.4738,1.5605,1.4738,1.546,0.0578,3.88,3.37,95639309,,,12.572,0.809,2.3716,3.0554,5873016000,,,,,,,
2013-09-02,24661736,1.5532,1.5605,1.4882,1.4882,-0.0578,-3.74,1.84,51465821,,,12.102,0.7788,2.283,2.9412,5653464000,,,,,,,
2013-09-03,16684279,1.4882,1.5099,1.481,1.5099,0.0217,1.46,1.25,34679408,,,12.2782,0.7901,2.3162,2.9841,5735796000,,,,,,,
2013-09-04,13529111,1.5027,1.5316,1.5027,1.5171,0.0072,0.48,1.01,28354566,,,12.337,0.7939,2.3273,2.9983,5763240000,,,,,,,
2013-09-05,8126365,1.5171,1.5243,1.4882,1.4882,-0.0289,-1.9,0.61,16840038,,,12.102,0.7788,2.283,2.9412,5653464000,,,,,,,
2013-09-06,8324213,1.4882,1.5027,1.481,1.4954,0.0072,0.48,0.62,17194505,,,12.1607,0.7825,2.2941,2.9555,5680908000,,,,,,,
2013-09-09,13878908,1.4954,1.5316,1.4882,1.5243,0.0289,1.93,1.04,29200490,,,12.3957,0.7977,2.3384,3.0126,5790684000,,,,,,,
2013-09-10,20655265,1.5243,1.5749,1.5099,1.5605,0.0362,2.37,1.54,44251595,,,12.6894,0.8166,2.3938,3.084,5927904000,,,,,,,
2013-09-11,33383579,1.5605,1.5966,1.5605,1.5821,0.0216,1.38,2.49,72927388,,,12.8657,0.8279,2.427,3.1268,6010236000,,,,,,,
2013-09-12,57311489,1.5749,1.6761,1.5388,1.6327,0.0506,3.2,4.28,128999980,,,13.2769,0.8544,2.5046,3.2268,6202344000,,,,,,,
2013-09-13,28168063,1.611,1.6255,1.5821,1.5894,-0.0433,-2.65,2.1,62649826,,,12.9244,0.8317,2.4381,3.1411,6037680000,,,,,,,
2013-09-16,11877935,1.5894,1.6038,1.5677,1.5749,-0.0145,-0.91,0.89,25992528,,,12.8069,0.8241,2.416,3.1125,5982792000,,,,,,,
2013-09-17,13736611,1.5749,1.5966,1.546,1.546,-0.0289,-1.84,1.03,29850961,,,12.572,0.809,2.3716,3.0554,5873016000,,,,,,,
2013-09-18,10543399,1.546,1.5749,1.5316,1.5532,0.0072,0.47,0.79,22598781,,,12.6307,0.8128,2.3827,3.0697,5900460000,,,,,,,
2013-09-23,9032545,1.5605,1.5677,1.546,1.5677,0.0145,0.93,0.67,19474872,,,12.7482,0.8203,2.4049,3.0983,5955348000,,,,,,,
2013-09-24,11762272,1.5677,1.5677,1.5316,1.5532,-0.0145,-0.92,0.88,25133409,,,12.6307,0.8128,2.3827,3.0697,5900460000,,,,,,,
2013-09-25,15838801,1.546,1.5532,1.5243,1.5243,-0.0289,-1.86,1.18,33675254,,,12.3957,0.7977,2.3384,3.0126,5790684000,,,,,,,
2013-09-26,8006761,1.5243,1.5243,1.4882,1.4954,-0.0289,-1.9,0.6,16656340,,,12.1607,0.7825,2.2941,2.9555,5680908000,,,,,,,
2013-09-27,5906117,1.4882,1.5027,1.4882,1.4954,0,0,0.44,12219290,,,12.1607,0.7825,2.2941,2.9555,5680908000,,,,,,,
2013-09-30,4112542,1.5027,1.5099,1.4882,1.5099,0.0145,0.97,0.31,8540858,,,11.2831,0.7736,2.2637,2.7548,5735796000,,,,,,,
2013-10-08,4823526,1.5099,1.5243,1.4954,1.5243,0.0144,0.95,0.36,10108062,,,11.391,0.781,2.2853,2.7812,5790684000,,,,,,,
2013-10-09,13657290,1.5171,1.5605,1.5099,1.5605,0.0362,2.37,1.02,29125748,,,11.661,0.7995,2.3395,2.8471,5927904000,,,,,,,
2013-10-10,10097775,1.5605,1.5605,1.5171,1.5388,-0.0217,-1.39,0.75,21496010,,,11.499,0.7884,2.307,2.8076,5845572000,,,,,,,
2013-10-11,6751888,1.5388,1.5532,1.5316,1.546,0.0072,0.47,0.5,14421797,,,11.553,0.7921,2.3178,2.8207,5873016000,,,,,,,
2013-10-14,9750306,1.546,1.5677,1.5388,1.5605,0.0145,0.94,0.73,21012749,,,11.661,0.7995,2.3395,2.8471,5927904000,,,,,,,
2013-10-15,5859883,1.5605,1.5677,1.5388,1.5532,-0.0073,-0.47,0.44,12563159,,,11.607,0.7958,2.3287,2.8339,5900460000,,,,,,,
2013-10-16,6981719,1.546,1.546,1.5171,1.5243,-0.0289,-1.86,0.52,14776467,,,11.391,0.781,2.2853,2.7812,5790684000,,,,,,,
2013-10-17,5892159,1.5243,1.546,1.5243,1.5388,0.0145,0.95,0.44,12505839,,,11.499,0.7884,2.307,2.8076,5845572000,,,,,,,
2013-10-18,3606296,1.5388,1.5388,1.5243,1.5316,-0.0072,-0.47,0.27,7646902,,,11.445,0.7847,2.2962,2.7944,5818128000,,,,,,,
2013-10-21,6475559,1.5316,1.546,1.5243,1.546,0.0144,0.94,0.48,13769791,,,11.553,0.7921,2.3178,2.8207,5873016000,,,,,,,
2013-10-22,4366317,1.546,1.546,1.5243,1.5316,-0.0144,-0.93,0.33,9279268,,,11.445,0.7847,2.2962,2.7944,5818128000,,,,,,,
2013-10-23,11181947,1.5388,1.5532,1.5243,1.5532,0.0216,1.41,0.83,23853768,,,11.607,0.7958,2.3287,2.8339,5900460000,,,,,,,
2013-10-24,11109355,1.5532,1.5605,1.5171,1.5316,-0.0216,-1.39,0.83,23715848,,,11.445,0.7847,2.2962,2.7944,5818128000,,,,,,,
2013-10-25,8297217,1.5171,1.5316,1.4954,1.5099,-0.0217,-1.42,0.62,17357746,,,11.2831,0.7736,2.2637,2.7548,5735796000,,,,,,,
2013-10-28,3617456,1.5099,1.5099,1.4954,1.5027,-0.0072,-0.48,0.27,7523012,,,11.2291,0.7699,2.2528,2.7417,5708352000,,,,,,,
2013-10-29,9465591,1.5099,1.5243,1.4665,1.4882,-0.0145,-0.96,0.71,19544884,,,11.1211,0.7625,2.2312,2.7153,5653464000,,,,,,,
2013-10-30,5447812,1.4882,1.5099,1.4738,1.5099,0.0217,1.46,0.41,11265270,,,11.2831,0.7736,2.2637,2.7548,5735796000,,,,,,,
2013-10-31,4398558,1.5099,1.5099,1.4954,1.5027,-0.0072,-0.48,0.33,9161330,,,11.2291,0.7699,2.2528,2.7417,5708352000,,,,,,,
2013-11-01,3105008,1.5027,1.5099,1.4882,1.5027,0,0,0.23,6446212,,,11.2291,0.7699,2.2528,2.7417,5708352000,,,,,,,
2013-11-04,3471040,1.5027,1.5243,1.5027,1.5171,0.0144,0.96,0.26,7264599,,,11.337,0.7773,2.2745,2.768,5763240000,,,,,,,
2013-11-05,3979570,1.5099,1.5171,1.4954,1.5171,0,0,0.3,8286946,,,11.337,0.7773,2.2745,2.768,5763240000,,,,,,,
2013-11-06,3856273,1.5171,1.5171,1.4954,1.5027,-0.0144,-0.95,0.29,8028525,,,11.2291,0.7699,2.2528,2.7417,5708352000,,,,,,,
2013-11-07,2743000,1.4954,1.5027,1.4954,1.4954,-0.0073,-0.49,0.2,5682425,,,11.1751,0.7662,2.242,2.7285,5680908000,,,,,,,
2013-11-08,2777811,1.4954,1.5027,1.481,1.481,-0.0144,-0.96,0.21,5724198,,,11.0671,0.7588,2.2203,2.7021,5626020000,,,,,,,
2013-11-11,2502802,1.481,1.4882,1.4738,1.481,0,0,0.19,5131388,,,11.0671,0.7588,2.2203,2.7021,5626020000,,,,,,,
2013-11-12,2364705,1.481,1.4954,1.481,1.4882,0.0072,0.49,0.18,4871854,,,11.1211,0.7625,2.2312,2.7153,5653464000,,,,,,,
2013-11-13,4311003,1.4882,1.4954,1.4665,1.4738,-0.0144,-0.97,0.32,8838634,,,11.0131,0.7551,2.2095,2.6889,5598576000,,,,,,,
2013-11-14,4113546,1.4738,1.4738,1.4593,1.4665,-0.0073,-0.5,0.31,8344538,,,10.9591,0.7514,2.1987,2.6757,5571132000,,,,,,,
2013-11-15,6291432,1.4665,1.4954,1.4593,1.481,0.0145,0.99,0.47,12924509,,,11.0671,0.7588,2.2203,2.7021,5626020000,,,,,,,
2013-11-18,6293159,1.4882,1.5099,1.481,1.5099,0.0289,1.95,0.47,13041727,,,11.2831,0.7736,2.2637,2.7548,5735796000,,,,,,,
2013-11-19,4253515,1.5027,1.5099,1.4954,1.5099,0,0,0.32,8856399,,,11.2831,0.7736,2.2637,2.7548,5735796000,,,,,,,
2013-11-20,5117211,1.5027,1.5171,1.4954,1.5099,0,0,0.38,10673075,,,11.2831,0.7736,2.2637,2.7548,5735796000,,,,,,,
2013-11-21,15828109,1.5099,1.546,1.4954,1.5388,0.0289,1.91,1.18,33425935,,,11.499,0.7884,2.307,2.8076,5845572000,,,,,,,
2013-11-22,7665852,1.5388,1.546,1.5171,1.5243,-0.0145,-0.94,0.57,16273665,,,11.391,0.781,2.2853,2.7812,5790684000,,,,,,,
2013-11-25,11157860,1.5316,1.5532,1.5171,1.546,0.0217,1.42,0.83,23786231,,,11.553,0.7921,2.3178,2.8207,5873016000,,,,,,,
2013-11-26,10848303,1.546,1.5605,1.5316,1.546,0,0,0.81,23208920,,,11.553,0.7921,2.3178,2.8207,5873016000,,,,,,,
2013-11-27,5474108,1.546,1.5532,1.5316,1.5532,0.0072,0.47,0.41,11703379,,,11.607,0.7958,2.3287,2.8339,5900460000,,,,,,,
2013-11-28,11303689,1.5532,1.5677,1.5532,1.5605,0.0073,0.47,0.84,24388900,,,11.661,0.7995,2.3395,2.8471,5927904000,,,,,,,
2013-11-29,7689956,1.5605,1.5677,1.5532,1.5605,0,0,0.57,16591930,,,11.661,0.7995,2.3395,2.8471,5927904000,,,,,,,
2013-12-02,19707291,1.5532,1.5605,1.5388,1.546,-0.0145,-0.93,1.47,42287959,,,11.553,0.7921,2.3178,2.8207,5873016000,,,,,,,
2013-12-03,6574657,1.5388,1.5605,1.5316,1.5532,0.0072,0.47,0.49,14071837,,,11.607,0.7958,2.3287,2.8339,5900460000,,,,,,,
2013-12-04,15450726,1.5532,1.5821,1.5532,1.5749,0.0217,1.4,1.15,33596318,,,11.7689,0.8069,2.3611,2.8735,5982792000,,,,,,,
2013-12-05,9102527,1.5677,1.5821,1.5605,1.5749,0,0,0.68,19798978,,,11.7689,0.8069,2.3611,2.8735,5982792000,,,,,,,
2013-12-06,7755690,1.5749,1.5821,1.5677,1.5749,0,0,0.58,16909099,,,11.7689,0.8069,2.3611,2.8735,5982792000,,,,,,,
2013-12-09,11209959,1.5749,1.5894,1.5749,1.5821,0.0072,0.46,0.84,24521696,,,11.8229,0.8106,2.372,2.8866,6010236000,,,,,,,
2013-12-10,5137799,1.5821,1.5821,1.5677,1.5749,-0.0072,-0.46,0.38,11202183,,,11.7689,0.8069,2.3611,2.8735,5982792000,,,,,,,
2013-12-11,7818750,1.5749,1.5821,1.5532,1.5532,-0.0217,-1.38,0.58,16889408,,,11.607,0.7958,2.3287,2.8339,5900460000,,,,,,,
2013-12-12,3836859,1.5532,1.5677,1.546,1.5605,0.0073,0.47,0.29,8274160,,,11.661,0.7995,2.3395,2.8471,5927904000,,,,,,,
2013-12-13,4162711,1.5605,1.5677,1.5532,1.5677,0.0072,0.46,0.31,8987435,,,11.7149,0.8032,2.3503,2.8603,5955348000,,,,,,,
2013-12-16,6667721,1.5677,1.5677,1.5388,1.546,-0.0217,-1.38,0.5,14312134,,,11.553,0.7921,2.3178,2.8207,5873016000,,,,,,,
2013-12-17,5230318,1.5388,1.5605,1.5388,1.5532,0.0072,0.47,0.39,11224980,,,11.607,0.7958,2.3287,2.8339,5900460000,,,,,,,
2013-12-18,3404975,1.5532,1.5605,1.546,1.546,-0.0072,-0.46,0.25,7319765,,,11.553,0.7921,2.3178,2.8207,5873016000,,,,,,,
2013-12-19,4902981,1.546,1.5605,1.546,1.5532,0.0072,0.47,0.37,10529099,,,11.607,0.7958,2.3287,2.8339,5900460000,,,,,,,
2013-12-20,5340620,1.546,1.5532,1.5316,1.5388,-0.0144,-0.93,0.4,11397413,,,11.499,0.7884,2.307,2.8076,5845572000,,,,,,,
2013-12-23,3461230,1.5388,1.5388,1.5099,1.5171,-0.0217,-1.41,0.26,7283819,,,11.337,0.7773,2.2745,2.768,5763240000,,,,,,,
2013-12-24,2177900,1.5171,1.5316,1.5171,1.5171,0,0,0.16,4592451,,,11.337,0.7773,2.2745,2.768,5763240000,,,,,,,
2013-12-25,2423918,1.5171,1.5316,1.5099,1.5316,0.0145,0.96,0.18,5100148,,,11.445,0.7847,2.2962,2.7944,5818128000,,,,,,,
2013-12-26,4669830,1.5243,1.5243,1.4954,1.5171,-0.0145,-0.95,0.35,9769691,,,11.337,0.7773,2.2745,2.768,5763240000,,,,,,,
2013-12-27,3470448,1.5099,1.5316,1.5099,1.5171,0,0,0.26,7295441,,,11.337,0.7773,2.2745,2.768,5763240000,,,,,,,
2013-12-30,4063472,1.5243,1.5316,1.5171,1.5171,0,0,0.3,8570023,,,11.337,0.7773,2.2745,2.768,5763240000,,,,,,,
2013-12-31,8199986,1.5171,1.5532,1.5027,1.546,0.0289,1.9,0.61,17332243,,,10.7995,0.7821,2.2372,3.2157,5873016000,,,,,,,
2014-01-02,4835438,1.5388,1.5532,1.5243,1.546,0,0,0.36,10296372,,,10.7995,0.7821,2.2372,3.2157,5873016000,,,,,,,
2014-01-03,10474269,1.546,1.5532,1.5316,1.5532,0.0072,0.47,0.78,22377045,,,10.85,0.7858,2.2477,3.2307,5900460000,,,,,,,
2014-01-06,3293999,1.546,1.5532,1.5171,1.5171,-0.0361,-2.32,0.25,6960010,,,10.5977,0.7675,2.1954,3.1556,5763240000,,,,,,,
2014-01-07,2799445,1.5171,1.5316,1.5099,1.5243,0.0072,0.47,0.21,5886346,,,10.6481,0.7712,2.2059,3.1706,5790684000,,,,,,,
2014-01-08,2800150,1.5243,1.5316,1.5027,1.5027,-0.0216,-1.42,0.21,5867806,,,10.4967,0.7602,2.1745,3.1255,5708352000,,,,,,,
2014-01-09,5491394,1.5027,1.5243,1.4954,1.5171,0.0144,0.96,0.41,11483035,,,10.5977,0.7675,2.1954,3.1556,5763240000,,,,,,,
2014-01-10,2917394,1.5099,1.5171,1.481,1.4882,-0.0289,-1.9,0.22,6038508,,,10.3958,0.7529,2.1536,3.0955,5653464000,,,,,,,
2014-01-13,2092290,1.481,1.5027,1.4738,1.4882,0,0,0.16,4302059,,,10.3958,0.7529,2.1536,3.0955,5653464000,,,,,,,
2014-01-14,1974714,1.4882,1.4954,1.4738,1.4954,0.0072,0.48,0.15,4064188,,,10.4463,0.7566,2.1641,3.1105,5680908000,,,,,,,
2014-01-15,1408930,1.4954,1.5027,1.4882,1.4954,0,0,0.11,2909656,,,10.4463,0.7566,2.1641,3.1105,5680908000,,,,,,,
2014-01-16,1556151,1.4954,1.5027,1.4882,1.4882,-0.0072,-0.48,0.12,3211783,,,10.3958,0.7529,2.1536,3.0955,5653464000,,,,,,,
2014-01-17,1942253,1.4954,1.4954,1.4738,1.481,-0.0072,-0.48,0.14,3981532,,,10.3453,0.7492,2.1431,3.0804,5626020000,,,,,,,
2014-01-20,1585061,1.4738,1.481,1.4593,1.4738,-0.0072,-0.49,0.12,3229578,,,10.2949,0.7456,2.1327,3.0654,5598576000,,,,,,,
2014-01-21,1508330,1.4738,1.4882,1.4738,1.4738,0,0,0.11,3092169,,,10.2949,0.7456,2.1327,3.0654,5598576000,,,,,,,
2014-01-22,3123826,1.4738,1.5099,1.4738,1.5027,0.0289,1.96,0.23,6478237,,,10.4967,0.7602,2.1745,3.1255,5708352000,,,,,,,
2014-01-23,2777655,1.5027,1.5171,1.4954,1.5027,0,0,0.21,5787591,,,10.4967,0.7602,2.1745,3.1255,5708352000,,,,,,,
2014-01-24,3100156,1.4954,1.5243,1.4954,1.5099,0.0072,0.48,0.23,6467119,,,10.5472,0.7639,2.185,3.1405,5735796000,,,,,,,
2014-01-27,2553906,1.5099,1.5099,1.4882,1.4954,-0.0145,-0.96,0.19,5283892,,,10.4463,0.7566,2.1641,3.1105,5680908000,,,,,,,
2014-01-28,3897611,1.4954,1.5027,1.481,1.4882,-0.0072,-0.48,0.29,8039154,,,10.3958,0.7529,2.1536,3.0955,5653464000,,,,,,,
2014-01-29,1901351,1.4882,1.5027,1.4882,1.4954,0.0072,0.48,0.14,3928903,,,10.4463,0.7566,2.1641,3.1105,5680908000,,,,,,,
2014-01-30,1055736,1.4954,1.4954,1.4882,1.4882,-0.0072,-0.48,0.08,2178536,,,10.3958,0.7529,2.1536,3.0955,5653464000,,,,,,,
2014-02-07,2131030,1.4882,1.4954,1.4738,1.4954,0.0072,0.48,0.16,4389074,,,10.4463,0.7566,2.1641,3.1105,5680908000,,,,,,,
2014-02-10,5683390,1.4882,1.5243,1.4882,1.5243,0.0289,1.93,0.42,11917735,,,10.6481,0.7712,2.2059,3.1706,5790684000,,,,,,,
2014-02-11,4555655,1.5171,1.5316,1.5099,1.5243,0,0,0.34,9601719,,,10.6481,0.7712,2.2059,3.1706,5790684000,,,,,,,
2014-02-12,4032799,1.5316,1.5316,1.5171,1.5316,0.0073,0.48,0.3,8497126,,,10.6986,0.7748,2.2163,3.1856,5818128000,,,,,,,
2014-02-13,5202767,1.5243,1.5316,1.5099,1.5243,-0.0073,-0.48,0.39,10954301,,,10.6481,0.7712,2.2059,3.1706,5790684000,,,,,,,
2014-02-14,3735635,1.5171,1.5316,1.5099,1.5243,0,0,0.28,7862928,,,10.6481,0.7712,2.2059,3.1706,5790684000,,,,,,,
2014-02-17,7361156,1.5316,1.546,1.5243,1.546,0.0217,1.42,0.55,15639725,,,10.7995,0.7821,2.2372,3.2157,5873016000,,,,,,,
2014-02-18,5960907,1.546,1.546,1.5171,1.5243,-0.0217,-1.4,0.44,12621021,,,10.6481,0.7712,2.2059,3.1706,5790684000,,,,,,,
2014-02-19,5697243,1.5243,1.5388,1.5099,1.5316,0.0073,0.48,0.43,12056298,,,10.6986,0.7748,2.2163,3.1856,5818128000,,,,,,,
2014-02-20,15179957,1.5388,1.5677,1.5316,1.5532,0.0216,1.41,1.13,32663308,,,10.85,0.7858,2.2477,3.2307,5900460000,,,,,,,
2014-02-21,7408758,1.5532,1.5532,1.5243,1.5243,-0.0289,-1.86,0.55,15726279,,,10.6481,0.7712,2.2059,3.1706,5790684000,,,,,,,
2014-02-24,7726093,1.5243,1.5243,1.5027,1.5027,-0.0216,-1.42,0.58,16175858,,,10.4967,0.7602,2.1745,3.1255,5708352000,,,,,,,
2014-02-25,6143504,1.5027,1.5099,1.4738,1.481,-0.0217,-1.44,0.46,12687518,,,10.3453,0.7492,2.1431,3.0804,5626020000,,,,,,,
2014-02-26,4925752,1.4738,1.4954,1.4665,1.4954,0.0144,0.97,0.37,10092657,,,10.4463,0.7566,2.1641,3.1105,5680908000,,,,,,,
2014-02-27,2464246,1.4882,1.4954,1.481,1.4882,-0.0072,-0.48,0.18,5078571,,,10.3958,0.7529,2.1536,3.0955,5653464000,,,,,,,
2014-02-28,3710183,1.4882,1.5027,1.481,1.5027,0.0145,0.97,0.28,7656702,,,10.4967,0.7602,2.1745,3.1255,5708352000,,,,,,,
2014-03-03,5284058,1.4954,1.5171,1.4882,1.5027,0,0,0.39,10986354,,,10.4967,0.7602,2.1745,3.1255,5708352000,,,,,,,
2014-03-04,3766061,1.5027,1.5027,1.4882,1.4954,-0.0073,-0.49,0.28,7794743,,,10.4463,0.7566,2.1641,3.1105,5680908000,,,,,,,
2014-03-05,3349650,1.4954,1.5027,1.481,1.4882,-0.0072,-0.48,0.25,6907421,,,10.3958,0.7529,2.1536,3.0955,5653464000,,,,,,,
2014-03-06,5301739,1.481,1.5027,1.4738,1.4882,0,0,0.4,10899765,,,10.3958,0.7529,2.1536,3.0955,5653464000,,,,,,,
2014-03-07,3815689,1.4882,1.5027,1.481,1.4954,0.0072,0.48,0.28,7878656,,,10.4463,0.7566,2.1641,3.1105,5680908000,,,,,,,
2014-03-10,5680562,1.4882,1.4954,1.4593,1.4665,-0.0289,-1.93,0.42,11584042,,,10.2444,0.7419,2.1222,3.0504,5571132000,,,,,,,
2014-03-11,4164044,1.4593,1.4738,1.4521,1.4738,0.0073,0.5,0.31,8441665,,,10.2949,0.7456,2.1327,3.0654,5598576000,,,,,,,
2014-03-12,4029328,1.4738,1.4738,1.4377,1.4665,-0.0073,-0.5,0.3,8136445,,,10.2444,0.7419,2.1222,3.0504,5571132000,,,,,,,
2014-03-13,3538835,1.4665,1.481,1.4593,1.4738,0.0073,0.5,0.26,7203884,,,10.2949,0.7456,2.1327,3.0654,5598576000,,,,,,,
2014-03-14,3207426,1.4738,1.4738,1.4593,1.4738,0,0,0.24,6512938,,,10.2949,0.7456,2.1327,3.0654,5598576000,,,,,,,
2014-03-17,3117006,1.4665,1.4882,1.4665,1.481,0.0072,0.49,0.23,6372533,,,10.3453,0.7492,2.1431,3.0804,5626020000,,,,,,,
2014-03-18,3373950,1.481,1.4882,1.4738,1.481,0,0,0.25,6911369,,,10.3453,0.7492,2.1431,3.0804,5626020000,,,,,,,
2014-03-19,5566138,1.4738,1.4882,1.4665,1.481,0,0,0.42,11364468,,,10.3453,0.7492,2.1431,3.0804,5626020000,,,,,,,
2014-03-20,4693783,1.481,1.4954,1.4738,1.4738,-0.0072,-0.49,0.35,9642622,,,10.2949,0.7456,2.1327,3.0654,5598576000,,,,,,,
2014-03-21,5834804,1.4738,1.5027,1.4738,1.4954,0.0216,1.47,0.44,12020483,,,10.4463,0.7566,2.1641,3.1105,5680908000,,,,,,,
2014-03-24,10352463,1.4954,1.5316,1.4882,1.5243,0.0289,1.93,0.77,21710413,,,10.6481,0.7712,2.2059,3.1706,5790684000,,,,,,,
2014-03-25,4108354,1.5171,1.5243,1.5099,1.5171,-0.0072,-0.47,0.31,8615286,,,10.5977,0.7675,2.1954,3.1556,5763240000,,,,,,,
2014-03-26,3381503,1.5171,1.5243,1.5099,1.5099,-0.0072,-0.47,0.25,7084818,,,10.5472,0.7639,2.185,3.1405,5735796000,,,,,,,
2014-03-27,4714398,1.5099,1.5243,1.5027,1.5099,0,0,0.35,9869855,,,10.5472,0.7639,2.185,3.1405,5735796000,,,,,,,
2014-03-28,5911342,1.5099,1.5243,1.4954,1.5099,0,0,0.44,12353008,,,10.5472,0.7639,2.185,3.1405,5735796000,,,,,,,
2014-03-31,4705832,1.5027,1.5171,1.4954,1.5027,-0.0072,-0.48,0.35,9825181,,,10.5087,0.7452,2.1687,3.4635,5708352000,,,,,,,
2014-04-01,4426300,1.5027,1.5171,1.5027,1.5171,0.0144,0.96,0.33,9249783,,,10.6097,0.7523,2.1896,3.4968,5763240000,,,,,,,
2014-04-02,4815660,1.5171,1.5243,1.5099,1.5171,0,0,0.36,10114616,,,10.6097,0.7523,2.1896,3.4968,5763240000,,,,,,,
2014-04-03,5457900,1.5171,1.5316,1.5099,1.5171,0,0,0.41,11484823,,,10.6097,0.7523,2.1896,3.4968,5763240000,,,,,,,
2014-04-04,3348404,1.5099,1.5243,1.5027,1.5243,0.0072,0.47,0.25,7023129,,,10.6603,0.7559,2.2,3.5134,5790684000,,,,,,,
2014-04-08,5199310,1.5243,1.5316,1.5171,1.5316,0.0073,0.48,0.39,10993486,,,10.7108,0.7595,2.2104,3.5301,5818128000,,,,,,,
2014-04-09,18527114,1.5243,1.5605,1.5243,1.5532,0.0216,1.41,1.38,39622337,,,10.8624,0.7702,2.2417,3.58,5900460000,,,,,,,
2014-04-10,13613465,1.546,1.5749,1.5388,1.5749,0.0217,1.4,1.02,29377269,,,11.0139,0.781,2.273,3.63,5982792000,,,,,,,
2014-04-11,30964288,1.5677,1.6183,1.5605,1.5966,0.0217,1.38,2.31,68385482,,,11.1655,0.7917,2.3043,3.68,6065124000,,,,,,,
2014-04-14,7992264,1.5894,1.5966,1.5677,1.5749,-0.0217,-1.36,0.6,17455415,,,11.0139,0.781,2.273,3.63,5982792000,,,,,,,
2014-04-15,7574206,1.5749,1.5821,1.5532,1.5605,-0.0144,-0.91,0.57,16447383,,,10.9129,0.7738,2.2521,3.5967,5927904000,,,,,,,
2014-04-16,3882279,1.5677,1.5749,1.5605,1.5677,0.0072,0.46,0.29,8430135,,,10.9634,0.7774,2.2626,3.6133,5955348000,,,,,,,
2014-04-17,4921710,1.5749,1.5749,1.5532,1.5605,-0.0072,-0.46,0.37,10652716,,,10.9129,0.7738,2.2521,3.5967,5927904000,,,,,,,
2014-04-18,4960756,1.5532,1.5749,1.546,1.5677,0.0072,0.46,0.37,10725210,,,10.9634,0.7774,2.2626,3.6133,5955348000,,,,,,,
2014-04-21,4230730,1.5605,1.5677,1.5388,1.5388,-0.0289,-1.84,0.32,9093545,,,10.7613,0.7631,2.2208,3.5467,5845572000,,,,,,,
2014-04-22,4189714,1.5388,1.5532,1.5243,1.546,0.0072,0.47,0.31,8922939,,,10.8118,0.7667,2.2313,3.5634,5873016000,,,,,,,
2014-04-23,2325891,1.546,1.546,1.5316,1.5388,-0.0072,-0.47,0.17,4954309,,,10.7613,0.7631,2.2208,3.5467,5845572000,,,,,,,
2014-04-24,3115955,1.5388,1.546,1.5243,1.5388,0,0,0.23,6623496,,,10.7613,0.7631,2.2208,3.5467,5845572000,,,,,,,
2014-04-25,3897867,1.5316,1.546,1.5316,1.5316,-0.0072,-0.47,0.29,8288144,,,10.7108,0.7595,2.2104,3.5301,5818128000,,,,,,,
2014-04-28,5458373,1.5316,1.5316,1.5171,1.5171,-0.0145,-0.95,0.41,11515020,,,10.6097,0.7523,2.1896,3.4968,5763240000,,,,,,,
2014-04-29,4903642,1.5243,1.5388,1.5171,1.5316,0.0145,0.96,0.37,10357629,,,10.7108,0.7595,2.2104,3.5301,5818128000,,,,,,,
2014-04-30,4113544,1.5316,1.546,1.5243,1.5388,0.0072,0.47,0.31,8771009,,,10.7613,0.7631,2.2208,3.5467,5845572000,,,,,,,
2014-05-05,5453900,1.5388,1.546,1.5316,1.546,0.0072,0.47,0.41,11609650,,,10.8118,0.7667,2.2313,3.5634,5873016000,,,,,,,
2014-05-06,3403212,1.546,1.5532,1.5388,1.546,0,0,0.25,7284595,,,10.8118,0.7667,2.2313,3.5634,5873016000,,,,,,,
2014-05-07,4166254,1.5388,1.546,1.5171,1.5316,-0.0144,-0.93,0.31,8837111,,,10.7108,0.7595,2.2104,3.5301,5818128000,,,,,,,
2014-05-08,6091917,1.5316,1.5605,1.5243,1.5532,0.0216,1.41,0.45,13040466,,,10.8624,0.7702,2.2417,3.58,5900460000,,,,,,,
2014-05-09,3161649,1.546,1.5532,1.5316,1.5316,-0.0216,-1.39,0.24,6752471,,,10.7108,0.7595,2.2104,3.5301,5818128000,,,,,,,
2014-05-12,8045286,1.5388,1.5749,1.5388,1.5749,0.0433,2.83,0.6,17375248,,,11.0139,0.781,2.273,3.63,5982792000,,,,,,,
2014-05-13,6536157,1.5677,1.5749,1.5605,1.5749,0,0,0.49,14191311,,,11.0139,0.781,2.273,3.63,5982792000,,,,,,,
2014-05-14,3723295,1.5749,1.5749,1.5605,1.5677,-0.0072,-0.46,0.28,8087546,,,10.9634,0.7774,2.2626,3.6133,5955348000,,,,,,,
2014-05-15,10214327,1.5677,1.5821,1.5605,1.5677,0,0,0.76,22223619,,,10.9634,0.7774,2.2626,3.6133,5955348000,,,,,,,
2014-05-16,10710560,1.5677,1.5894,1.5605,1.5894,0.0217,1.38,0.8,23332430,,,11.115,0.7882,2.2938,3.6633,6037680000,,,,,,,
2014-05-19,4874655,1.5821,1.5894,1.5605,1.5749,-0.0145,-0.91,0.36,10601977,,,11.0139,0.781,2.273,3.63,5982792000,,,,,,,
2014-05-20,5835202,1.5821,1.5894,1.5677,1.5749,0,0,0.44,12758538,,,11.0139,0.781,2.273,3.63,5982792000,,,,,,,
2014-05-21,5009409,1.5749,1.5749,1.5532,1.5677,-0.0072,-0.46,0.37,10833610,,,10.9634,0.7774,2.2626,3.6133,5955348000,,,,,,,
2014-05-22,4599691,1.5605,1.5749,1.5532,1.5677,0,0,0.34,9956305,,,10.9634,0.7774,2.2626,3.6133,5955348000,,,,,,,
2014-05-23,3807755,1.5605,1.5749,1.5605,1.5677,0,0,0.28,8241429,,,10.9634,0.7774,2.2626,3.6133,5955348000,,,,,,,
2014-05-26,3561492,1.5677,1.5821,1.5605,1.5821,0.0144,0.92,0.27,7761152,,,11.0645,0.7846,2.2834,3.6466,6010236000,,,,,,,
2014-05-27,10308699,1.5821,1.5966,1.5749,1.5966,0.0145,0.92,0.77,22638669,,,11.1655,0.7917,2.3043,3.68,6065124000,,,,,,,
2014-05-28,8389029,1.5966,1.611,1.5821,1.6038,0.0072,0.45,0.63,18564334,,,11.216,0.7953,2.3147,3.6966,6092568000,,,,,,,
2014-05-29,6170300,1.6038,1.6038,1.5821,1.5966,-0.0072,-0.45,0.46,13600976,,,11.1655,0.7917,2.3043,3.68,6065124000,,,,,,,
2014-05-30,4506982,1.5966,1.6038,1.5821,1.5966,0,0,0.34,9936241,,,11.1655,0.7917,2.3043,3.68,6065124000,,,,,,,
2014-06-03,2686100,1.6038,1.6038,1.5894,1.5894,-0.0072,-0.45,0.2,5927412,,,11.115,0.7882,2.2938,3.6633,6037680000,,,,,,,
2014-06-04,5040468,1.5821,1.5894,1.5677,1.5749,-0.0145,-0.91,0.38,11004051,,,11.0139,0.781,2.273,3.63,5982792000,,,,,,,
2014-06-05,2873844,1.5749,1.5821,1.5677,1.5821,0.0072,0.46,0.21,6262263,,,11.0645,0.7846,2.2834,3.6466,6010236000,,,,,,,
2014-06-06,5748690,1.5749,1.5894,1.5532,1.5677,-0.0144,-0.91,0.43,12500632,,,10.9634,0.7774,2.2626,3.6133,5955348000,,,,,,,
2014-06-09,1648396,1.5605,1.5749,1.5605,1.5749,0.0072,0.46,0.06,3586792,,,11.0139,0.781,2.273,3.63,5982792000,,,,,,,
2014-06-10,2578207,1.5677,1.5821,1.5605,1.5821,0.0072,0.46,0.09,5609617,,,11.0645,0.7846,2.2834,3.6466,6010236000,,,,,,,
2014-06-11,2396793,1.5749,1.5894,1.5749,1.5894,0.0073,0.46,0.09,5252563,,,11.115,0.7882,2.2938,3.6633,6037680000,,,,,,,
2014-06-12,4434124,1.5894,1.5966,1.5749,1.5821,-0.0073,-0.46,0.16,9734915,,,11.0645,0.7846,2.2834,3.6466,6010236000,,,,,,,
2014-06-13,5153004,1.5894,1.6038,1.5821,1.6038,0.0217,1.37,0.19,11379552,,,11.216,0.7953,2.3147,3.6966,6092568000,,,,,,,
2014-06-16,7507226,1.6038,1.6183,1.5966,1.6183,0.0145,0.9,0.27,16750202,,,11.3171,0.8025,2.3355,3.7299,6147456000,,,,,,,
2014-06-17,8945264,1.611,1.6255,1.611,1.6183,0,0,0.33,20047163,,,11.3171,0.8025,2.3355,3.7299,6147456000,,,,,,,
2014-06-18,17999019,1.611,1.6616,1.611,1.6327,0.0144,0.89,0.66,40827392,,,11.4181,0.8097,2.3564,3.7632,6202344000,,,,,,,
2014-06-19,14933713,1.6327,1.6544,1.6038,1.611,-0.0217,-1.33,0.54,33790060,,,11.2665,0.7989,2.3251,3.7133,6120012000,,,,,,,
2014-06-20,8043026,1.611,1.611,1.5883,1.5958,-0.0152,-0.94,0.29,17010437,,,10.6603,0.784,2.2,3.5134,5790684000,,,,,,,
2014-06-23,6914634,1.5958,1.6412,1.5958,1.6261,0.0303,1.9,0.25,14836375,,,10.8624,0.7989,2.2417,3.58,5900460000,,,,,,,
2014-06-24,3656472,1.6261,1.6261,1.611,1.6261,0,0,0.13,7808133,,,10.8624,0.7989,2.2417,3.58,5900460000,,,,,,,
2014-06-25,5069235,1.6261,1.6337,1.611,1.6337,0.0076,0.47,0.18,10882632,,,10.9129,0.8026,2.2521,3.5967,5927904000,,,,,,,
2014-06-26,6367378,1.6261,1.6488,1.6261,1.6337,0,0,0.23,13798863,,,10.9129,0.8026,2.2521,3.5967,5927904000,,,,,,,
2014-06-27,11178371,1.6412,1.6563,1.6261,1.6563,0.0226,1.38,0.41,24310089,,,11.0645,0.8137,2.2834,3.6466,6010236000,,,,,,,
2014-06-30,5775345,1.6563,1.6715,1.6488,1.6563,0,0,0.21,12674637,,,10.496,0.7952,2.2615,3.2872,6010236000,,,,,,,
2014-07-01,5613094,1.6563,1.6639,1.6337,1.6337,-0.0226,-1.36,0.2,12164634,,,10.3522,0.7843,2.2305,3.2422,5927904000,,,,,,,
2014-07-02,6260783,1.6337,1.6488,1.6185,1.6488,0.0151,0.92,0.23,13495487,,,10.4481,0.7916,2.2512,3.2722,5982792000,,,,,,,
2014-07-03,7301810,1.6412,1.6639,1.6337,1.6563,0.0075,0.45,0.27,15943366,,,10.496,0.7952,2.2615,3.2872,6010236000,,,,,,,
2014-07-04,3847979,1.6563,1.6639,1.6337,1.6412,-0.0151,-0.91,0.14,8361854,,,10.4001,0.788,2.2409,3.2572,5955348000,,,,,,,
2014-07-07,6265853,1.6412,1.6412,1.6185,1.6261,-0.0151,-0.92,0.23,13480053,,,10.3043,0.7807,2.2202,3.2272,5900460000,,,,,,,
2014-07-08,4948663,1.6261,1.6412,1.6185,1.6412,0.0151,0.93,0.18,10662813,,,10.4001,0.788,2.2409,3.2572,5955348000,,,,,,,
2014-07-09,6232839,1.6261,1.6337,1.611,1.611,-0.0302,-1.84,0.23,13347789,,,10.2084,0.7734,2.1996,3.1972,5845572000,,,,,,,
2014-07-10,4028631,1.6185,1.6337,1.611,1.6261,0.0151,0.94,0.15,8622677,,,10.3043,0.7807,2.2202,3.2272,5900460000,,,,,,,
2014-07-11,4546892,1.6261,1.6412,1.6185,1.6337,0.0076,0.47,0.17,9796931,,,10.3522,0.7843,2.2305,3.2422,5927904000,,,,,,,
2014-07-14,5877375,1.6261,1.6412,1.6185,1.6412,0.0075,0.46,0.21,12674970,,,10.4001,0.788,2.2409,3.2572,5955348000,,,,,,,
2014-07-15,4624520,1.6337,1.6488,1.6337,1.6488,0.0076,0.46,0.17,10048995,,,10.4481,0.7916,2.2512,3.2722,5982792000,,,,,,,
2014-07-16,12560583,1.6412,1.679,1.6412,1.6715,0.0227,1.38,0.46,27627969,,,10.5919,0.8025,2.2822,3.3172,6065124000,,,,,,,
2014-07-17,6254736,1.6639,1.6715,1.6488,1.6488,-0.0227,-1.36,0.23,13730508,,,10.4481,0.7916,2.2512,3.2722,5982792000,,,,,,,
2014-07-18,24112496,1.6488,1.7168,1.6488,1.7017,0.0529,3.21,0.88,53936810,,,10.7836,0.817,2.3235,3.3773,6174900000,,,,,,,
2014-07-21,9793113,1.7017,1.7168,1.6715,1.6866,-0.0151,-0.89,0.36,21931682,,,10.6877,0.8097,2.3028,3.3473,6120012000,,,,,,,
2014-07-22,25193313,1.6866,1.7698,1.6639,1.732,0.0454,2.69,0.92,57457926,,,10.9753,0.8315,2.3648,3.4373,6284676000,,,,,,,
2014-07-23,104568990,1.732,1.9059,1.7093,1.8227,0.0907,5.24,3.81,256897301,,,11.5504,0.8751,2.4887,3.6174,6614004000,,,,,,,
2014-07-24,65602124,1.7698,1.8152,1.7244,1.7925,-0.0302,-1.66,2.39,153713494,,,11.3587,0.8606,2.4474,3.5574,6504228000,,,,,,,
2014-07-25,30719805,1.7774,1.7925,1.732,1.7698,-0.0227,-1.27,1.12,71332582,,,11.2149,0.8497,2.4164,3.5124,6421896000,,,,,,,
2014-07-28,35666280,1.7774,1.7925,1.7547,1.7849,0.0151,0.85,1.3,83680242,,,11.3108,0.8569,2.4371,3.5424,6476784000,,,,,,,
2014-07-29,31469300,1.7774,1.8227,1.7622,1.7925,0.0076,0.43,1.15,74551492,,,11.3587,0.8606,2.4474,3.5574,6504228000,,,,,,,
2014-07-30,68131988,1.7774,1.8908,1.7622,1.8605,0.068,3.79,2.48,165855488,,,11.79,0.8933,2.5403,3.6925,6751224000,,,,,,,
2014-07-31,29565786,1.8454,1.853,1.8,1.8454,-0.0151,-0.81,1.08,71523263,,,11.6942,0.886,2.5197,3.6625,6696336000,,,,,,,
2014-08-01,28508865,1.8379,1.8379,1.7622,1.7849,-0.0605,-3.28,1.04,68209414,,,11.3108,0.8569,2.4371,3.5424,6476784000,,,,,,,
2014-08-04,16757114,1.7849,1.8076,1.7698,1.8076,0.0227,1.27,0.61,39609096,,,11.4545,0.8678,2.468,3.5874,6559116000,,,,,,,
2014-08-05,25087032,1.8,1.8076,1.7622,1.7849,-0.0227,-1.26,0.91,59149876,,,11.3108,0.8569,2.4371,3.5424,6476784000,,,,,,,
2014-08-06,27073187,1.7774,1.7925,1.7622,1.7849,0,0,0.99,63458254,,,11.3108,0.8569,2.4371,3.5424,6476784000,,,,,,,
2014-08-07,16515701,1.7849,1.7849,1.7547,1.7547,-0.0302,-1.69,0.6,38601372,,,11.119,0.8424,2.3958,3.4824,6367008000,,,,,,,
2014-08-08,10146214,1.7547,1.7774,1.7547,1.7698,0.0151,0.86,0.37,23662794,,,11.2149,0.8497,2.4164,3.5124,6421896000,,,,,,,
2014-08-11,16565134,1.7698,1.7925,1.7622,1.7925,0.0227,1.28,0.6,38994434,,,11.3587,0.8606,2.4474,3.5574,6504228000,,,,,,,
2014-08-12,13785954,1.7849,1.7925,1.7698,1.7774,-0.0151,-0.84,0.5,32356596,,,11.2628,0.8533,2.4267,3.5274,6449340000,,,,,,,
2014-08-13,14414065,1.7698,1.7774,1.7471,1.7622,-0.0152,-0.86,0.53,33644194,,,11.167,0.846,2.4061,3.4974,6394452000,,,,,,,
2014-08-14,18140108,1.7622,1.7925,1.7547,1.7774,0.0152,0.86,0.66,42738177,,,11.2628,0.8533,2.4267,3.5274,6449340000,,,,,,,
2014-08-15,11530296,1.7774,1.7849,1.7698,1.7849,0.0075,0.42,0.42,27116716,,,11.3108,0.8569,2.4371,3.5424,6476784000,,,,,,,
2014-08-18,16017699,1.7774,1.7925,1.7774,1.7925,0.0076,0.43,0.58,37789964,,,11.3587,0.8606,2.4474,3.5574,6504228000,,,,,,,
2014-08-19,12448548,1.7925,1.7925,1.7698,1.7925,0,0,0.45,29307491,,,11.3587,0.8606,2.4474,3.5574,6504228000,,,,,,,
2014-08-20,34083595,1.7849,1.8303,1.7774,1.8152,0.0227,1.27,1.24,81450351,,,11.5025,0.8715,2.4784,3.6024,6586560000,,,,,,,
2014-08-21,20619455,1.8076,1.8152,1.7698,1.7849,-0.0303,-1.67,0.75,48696921,,,11.3108,0.8569,2.4371,3.5424,6476784000,,,,,,,
2014-08-22,9607860,1.7849,1.7925,1.7698,1.7849,0,0,0.35,22625294,,,11.3108,0.8569,2.4371,3.5424,6476784000,,,,,,,
2014-08-25,17475590,1.7849,1.8,1.7622,1.7925,0.0076,0.43,0.64,41171648,,,11.3587,0.8606,2.4474,3.5574,6504228000,,,,,,,
2014-08-26,17110937,1.7849,1.7925,1.7547,1.7622,-0.0303,-1.69,0.62,40157650,,,11.167,0.846,2.4061,3.4974,6394452000,,,,,,,
2014-08-27,7728527,1.7622,1.7698,1.7547,1.7622,0,0,0.28,18032111,,,11.167,0.846,2.4061,3.4974,6394452000,,,,,,,
2014-08-28,11293488,1.7622,1.7698,1.732,1.7471,-0.0151,-0.86,0.41,26156878,,,11.0711,0.8388,2.3854,3.4673,6339564000,,,,,,,
2014-08-29,6474081,1.7395,1.7622,1.732,1.7622,0.0151,0.86,0.24,15008030,,,11.167,0.846,2.4061,3.4974,6394452000,,,,,,,
2014-09-01,10456478,1.7622,1.7774,1.7547,1.7774,0.0152,0.86,0.38,24507762,,,11.2628,0.8533,2.4267,3.5274,6449340000,,,,,,,
2014-09-02,14559670,1.7774,1.8,1.7698,1.8,0.0226,1.27,0.53,34377112,,,11.4066,0.8642,2.4577,3.5724,6531672000,,,,,,,
2014-09-03,27488099,1.8,1.8076,1.7849,1.8,0,0,1,65228339,,,11.4066,0.8642,2.4577,3.5724,6531672000,,,,,,,
2014-09-04,40653384,1.8,1.8379,1.7925,1.8379,0.0379,2.11,1.48,97881585,,,11.6462,0.8824,2.5093,3.6475,6668892000,,,,,,,
2014-09-05,28486927,1.8303,1.853,1.8152,1.853,0.0151,0.82,1.04,69268673,,,11.7421,0.8896,2.53,3.6775,6723780000,,,,,,,
2014-09-09,28376747,1.853,1.8681,1.8303,1.8454,-0.0076,-0.41,1.03,69162984,,,11.6942,0.886,2.5197,3.6625,6696336000,,,,,,,
2014-09-10,29944604,1.8379,1.8681,1.8303,1.8605,0.0151,0.82,1.09,73269065,,,11.79,0.8933,2.5403,3.6925,6751224000,,,,,,,
2014-09-11,53584943,1.8605,1.9286,1.8454,1.8832,0.0227,1.22,1.95,134366256,,,11.9338,0.9041,2.5713,3.7375,6833556000,,,,,,,
2014-09-12,34887099,1.8681,1.9211,1.853,1.9135,0.0303,1.61,1.27,87123587,,,12.1255,0.9187,2.6126,3.7976,6943332000,,,,,,,
2014-09-15,38133825,1.9059,1.9816,1.8984,1.9513,0.0378,1.98,1.39,98140413,,,12.3651,0.9368,2.6642,3.8726,7080552000,,,,,,,
2014-09-16,80916103,1.9513,2.0648,1.9286,1.9589,0.0076,0.39,2.95,212837594,,,12.4131,0.9405,2.6746,3.8876,7107996000,,,,,,,
2014-09-17,46950429,1.9437,1.9967,1.9286,1.9891,0.0302,1.54,1.71,122092693,,,12.6048,0.955,2.7159,3.9477,7217772000,,,,,,,
2014-09-18,68113830,1.9891,2.0874,1.9891,2.0572,0.0681,3.42,2.48,184195078,,,13.0361,0.9877,2.8088,4.0828,7464768000,,,,,,,
2014-09-19,30462794,2.0572,2.0648,2.0118,2.0269,-0.0303,-1.47,1.11,81728926,,,12.8444,0.9731,2.7675,4.0227,7354992000,,,,,,,
2014-09-22,34356360,2.0269,2.0269,1.9437,1.9589,-0.068,-3.35,1.25,89569610,,,12.4131,0.9405,2.6746,3.8876,7107996000,,,,,,,
2014-09-23,17591006,1.9589,1.9816,1.9513,1.9816,0.0227,1.16,0.64,45719564,,,12.5569,0.9514,2.7056,3.9327,7190328000,,,,,,,
2014-09-24,23546864,1.9816,2.0042,1.9589,1.9967,0.0151,0.76,0.86,61790093,,,12.6527,0.9586,2.7262,3.9627,7245216000,,,,,,,
2014-09-25,30781150,1.9967,2.0194,1.9816,2.0042,0.0075,0.38,1.12,81499052,,,12.7006,0.9622,2.7365,3.9777,7272660000,,,,,,,
2014-09-26,22395352,1.9816,2.0421,1.9816,2.0269,0.0227,1.13,0.82,59618020,,,12.8444,0.9731,2.7675,4.0227,7354992000,,,,,,,
2014-09-29,18445791,2.0269,2.0496,2.0194,2.0269,0,0,0.67,49587749,,,12.8444,0.9731,2.7675,4.0227,7354992000,,,,,,,
2014-09-30,32947792,2.0345,2.0799,2.0269,2.0723,0.0454,2.24,1.2,89675809,,,12.6617,0.9802,2.8069,4.0653,7519656000,,,,,,,
2014-10-08,47296014,2.0648,2.1177,2.0345,2.1101,0.0378,1.82,1.72,130485395,,,12.8927,0.9981,2.8582,4.1394,7656876000,,,,,,,
2014-10-09,38660473,2.1026,2.1555,2.0874,2.1177,0.0076,0.36,1.41,108389273,,,12.9389,1.0016,2.8684,4.1543,7684320000,,,,,,,
2014-10-10,23402139,2.1101,2.1177,2.0799,2.095,-0.0227,-1.07,0.85,64864003,,,12.8003,0.9909,2.8377,4.1098,7601988000,,,,,,,
2014-10-13,22290926,2.0874,2.0874,2.0421,2.0799,-0.0151,-0.72,0.81,60739979,,,12.7079,0.9838,2.8172,4.0801,7547100000,,,,,,,
2014-10-14,21648952,2.0648,2.1177,2.0572,2.0799,0,0,0.79,59711305,,,12.7079,0.9838,2.8172,4.0801,7547100000,,,,,,,
2014-10-15,23348084,2.0723,2.1026,2.0723,2.1026,0.0227,1.09,0.85,64403459,,,12.8465,0.9945,2.8479,4.1246,7629432000,,,,,,,
2014-10-16,40815089,2.0874,2.1782,2.0723,2.095,-0.0076,-0.36,1.49,114692708,,,12.8003,0.9909,2.8377,4.1098,7601988000,,,,,,,
2014-10-17,27471254,2.0799,2.095,2.0042,2.0421,-0.0529,-2.53,1,74405503,,,12.4768,0.9659,2.766,4.0059,7409880000,,,,,,,
2014-10-20,121991918,2.0345,2.2463,2.0269,2.2463,0.2042,10,4.45,352729734,,,13.7245,1.0625,3.0426,4.4065,8150868000,,,,,,,
2014-10-21,143007371,2.2614,2.3295,2.1782,2.2085,-0.0378,-1.68,5.21,424971604,,,13.4935,1.0446,2.9913,4.3323,8013648000,,,,,,,
2014-10-22,63836488,2.216,2.2387,2.1253,2.1404,-0.0681,-3.08,2.33,184326739,,,13.0776,1.0124,2.8991,4.1988,7766652000,,,,,,,
2014-10-23,36414762,2.1177,2.1479,2.0723,2.095,-0.0454,-2.12,1.33,101467616,,,12.8003,0.9909,2.8377,4.1098,7601988000,,,,,,,
2014-10-24,78773566,2.0874,2.2538,2.0799,2.1631,0.0681,3.25,2.87,227150966,,,13.2162,1.0231,2.9299,4.2433,7848984000,,,,,,,
2014-10-27,37264141,2.1555,2.2085,2.1253,2.1479,-0.0152,-0.7,1.36,106425988,,,13.1238,1.016,2.9094,4.2136,7794096000,,,,,,,
2014-10-28,58184712,2.1631,2.2085,2.1328,2.2009,0.053,2.47,2.12,166584349,,,13.4473,1.041,2.9811,4.3175,7986204000,,,,,,,
2014-10-29,219080924,2.2009,2.4202,2.1782,2.4202,0.2193,9.96,7.98,688673536,,,14.7874,1.1447,3.2782,4.7477,8782080000,,,,,,,
2014-10-30,172149010,2.4127,2.4278,2.3446,2.3824,-0.0378,-1.56,6.27,543099638,,,14.5563,1.1268,3.2269,4.6736,8644860000,,,,,,,
2014-10-31,97472389,2.3824,2.4354,2.3597,2.3824,0,0,3.55,307835088,,,14.5563,1.1268,3.2269,4.6736,8644860000,,,,,,,
2014-11-03,231435786,2.4807,2.5866,2.4202,2.511,0.1286,5.4,8.43,764429611,,,15.3419,1.1877,3.4011,4.9258,9111408000,,,,,,,
2014-11-04,89812883,2.4883,2.4883,2.4278,2.458,-0.053,-2.11,3.27,290972453,,,15.0184,1.1626,3.3294,4.8219,8919300000,,,,,,,
2014-11-05,58174602,2.4505,2.4505,2.3824,2.39,-0.068,-2.77,2.12,184727291,,,14.6025,1.1304,3.2372,4.6884,8672304000,,,,,,,
2014-11-06,34008550,2.3673,2.4127,2.3673,2.4051,0.0151,0.63,1.24,107553732,,,14.6949,1.1376,3.2577,4.7181,8727192000,,,,,,,
2014-11-07,60226662,2.4202,2.4278,2.3446,2.3673,-0.0378,-1.57,2.19,190829967,,,14.4639,1.1197,3.2065,4.6439,8589972000,,,,,,,
2014-11-10,62834991,2.3673,2.4354,2.3673,2.4354,0.0681,2.88,2.29,200112567,,,14.8798,1.1519,3.2987,4.7774,8836968000,,,,,,,
2014-11-11,77804706,2.4505,2.511,2.3219,2.3748,-0.0606,-2.49,2.84,248574853,,,14.5101,1.1233,3.2167,4.6587,8617416000,,,,,,,
2014-11-12,36594853,2.3522,2.39,2.3219,2.3824,0.0076,0.32,1.33,113874009,,,14.5563,1.1268,3.2269,4.6736,8644860000,,,,,,,
2014-11-13,69090094,2.3748,2.4656,2.3446,2.4127,0.0303,1.27,2.52,219891208,,,14.7412,1.1412,3.2679,4.7329,8754636000,,,,,,,
2014-11-14,38153492,2.3824,2.3824,2.3295,2.3673,-0.0454,-1.88,1.39,118698644,,,14.4639,1.1197,3.2065,4.6439,8589972000,,,,,,,
2014-11-17,34195018,2.3748,2.4202,2.3673,2.3824,0.0151,0.64,1.25,108114766,,,14.5563,1.1268,3.2269,4.6736,8644860000,,,,,,,
2014-11-18,57075836,2.3597,2.4505,2.3522,2.4278,0.0454,1.91,2.08,181311859,,,14.8336,1.1483,3.2884,4.7626,8809524000,,,,,,,
2014-11-19,34789751,2.4051,2.4127,2.3673,2.3824,-0.0454,-1.87,1.27,109697561,,,14.5563,1.1268,3.2269,4.6736,8644860000,,,,,,,
2014-11-20,35786624,2.3748,2.3748,2.3295,2.3597,-0.0227,-0.95,1.3,111175956,,,14.4177,1.1161,3.1962,4.629,8562528000,,,,,,,
2014-11-21,27128336,2.3446,2.3673,2.337,2.3673,0.0076,0.32,0.99,84271597,,,14.4639,1.1197,3.2065,4.6439,8589972000,,,,,,,
2014-11-24,55881156,2.39,2.4202,2.3522,2.3975,0.0302,1.28,2.04,176616462,,,14.6487,1.134,3.2474,4.7032,8699748000,,,,,,,
2014-11-25,41967530,2.3824,2.4051,2.3748,2.3975,0,0,1.53,132480713,,,14.6487,1.134,3.2474,4.7032,8699748000,,,,,,,
2014-11-26,41521922,2.3975,2.4202,2.3824,2.4051,0.0076,0.32,1.51,131616089,,,14.6949,1.1376,3.2577,4.7181,8727192000,,,,,,,
2014-11-27,87973053,2.4127,2.458,2.4051,2.4505,0.0454,1.89,3.21,283245895,,,14.9722,1.159,3.3191,4.8071,8891856000,,,,,,,
2014-11-28,92923864,2.4505,2.5639,2.4354,2.4807,0.0302,1.23,3.39,306317029,,,15.157,1.1734,3.3601,4.8664,9001632000,,,,,,,
2014-12-01,88068132,2.4883,2.5412,2.4807,2.5034,0.0227,0.92,3.21,292358314,,,15.2957,1.1841,3.3909,4.9109,9083964000,,,,,,,
2014-12-02,63084366,2.4959,2.5034,2.458,2.4959,-0.0075,-0.3,2.3,207066129,,,15.2495,1.1805,3.3806,4.8961,9056520000,,,,,,,
2014-12-03,77555021,2.5034,2.5412,2.4732,2.5185,0.0226,0.91,2.83,257513207,,,15.3881,1.1912,3.4113,4.9406,9138852000,,,,,,,
2014-12-04,100173386,2.5185,2.6244,2.4959,2.5791,0.0606,2.41,3.65,340048475,,,15.7578,1.2199,3.4933,5.0593,9358404000,,,,,,,
2014-12-05,97332929,2.5715,2.5715,2.3673,2.4505,-0.1286,-4.99,3.55,319031092,,,14.9722,1.159,3.3191,4.8071,8891856000,,,,,,,
2014-12-08,137169701,2.4732,2.6017,2.4732,2.6017,0.1512,6.17,5,464747192,,,15.8964,1.2306,3.524,5.1038,9440736000,,,,,,,
2014-12-09,194123936,2.6244,2.8589,2.5715,2.6169,0.0152,0.58,7.07,694479582,,,15.9888,1.2377,3.5445,5.1335,9495624000,,,,,,,
2014-12-10,180351368,2.6396,2.8816,2.5488,2.8816,0.2647,10.12,6.57,658544269,,,17.6062,1.3629,3.9031,5.6528,10456164000,,,,,,,
2014-12-11,197765834,3.0102,3.1009,2.9194,3.0404,0.1588,5.51,7.21,787930538,,,18.5766,1.4381,4.1182,5.9643,11032488000,,,,,,,
2014-12-12,160971131,3.0404,3.2371,2.9648,3.0858,0.0454,1.49,5.87,661914655,,,18.8539,1.4595,4.1797,6.0534,11197152000,,,,,,,
2014-12-15,149599137,3.2144,3.2673,3.1009,3.1614,0.0756,2.45,5.45,627937149,,,19.316,1.4953,4.2821,6.2017,11471592000,,,,,,,
2014-12-16,106026638,3.1539,3.1539,3.0253,3.0858,-0.0756,-2.39,3.86,429227150,,,18.8539,1.4595,4.1797,6.0534,11197152000,,,,,,,
2014-12-17,90031433,3.0858,3.1539,3.0253,3.0782,-0.0076,-0.25,3.28,365854465,,,18.8077,1.456,4.1694,6.0385,11169708000,,,,,,,
2014-12-18,65567171,3.0555,3.0631,3.0026,3.0404,-0.0378,-1.23,2.39,262905677,,,18.5766,1.4381,4.1182,5.9643,11032488000,,,,,,,
2014-12-19,87922583,3.0253,3.1009,2.9723,3.0858,0.0454,1.49,3.2,352963348,,,18.8539,1.4595,4.1797,6.0534,11197152000,,,,,,,
2014-12-22,87898107,3.0933,3.116,2.9799,3.0026,-0.0832,-2.7,3.2,353811064,,,18.3456,1.4202,4.067,5.8902,10895268000,,,,,,,
2014-12-23,58942335,2.9799,2.9799,2.8286,2.8513,-0.1513,-5.04,2.15,226185671,,,17.4214,1.3486,3.8621,5.5934,10346388000,,,,,,,
2014-12-24,44780601,2.8362,2.8816,2.7984,2.8665,0.0152,0.53,1.63,167449542,,,17.5138,1.3558,3.8826,5.6231,10401276000,,,,,,,
2014-12-25,33736832,2.8665,2.9194,2.8513,2.9118,0.0453,1.58,1.23,129169972,,,17.791,1.3773,3.944,5.7121,10565940000,,,,,,,
2014-12-26,51365620,2.9194,3.0177,2.9194,2.9875,0.0757,2.6,1.87,202515098,,,18.2532,1.413,4.0465,5.8605,10840380000,,,,,,,
2014-12-29,50400013,3.0177,3.0404,2.9572,3.0026,0.0151,0.51,1.84,200434833,,,18.3456,1.4202,4.067,5.8902,10895268000,,,,,,,
2014-12-30,39347016,2.995,2.995,2.874,2.8816,-0.121,-4.03,1.43,151810409,,,17.6062,1.3629,3.9031,5.6528,10456164000,,,,,,,
2014-12-31,44445778,2.874,2.9194,2.8362,2.8816,0,0,1.62,168671080,,,17.4049,1.3451,3.9666,5.7176,10456164000,,,,,,,
2015-01-05,68198620,2.8891,2.9572,2.8286,2.9421,0.0605,2.1,2.48,261673597,,,17.7703,1.3734,4.0499,5.8377,10675716000,,,,,,,
2015-01-06,91514718,2.9194,3.1085,2.8891,3.0404,0.0983,3.34,3.33,365912887,,,18.3642,1.4193,4.1853,6.0328,11032488000,,,,,,,
2015-01-07,53177576,3.0253,3.0253,2.9723,2.9875,-0.0529,-1.74,1.94,210118248,,,18.0444,1.3946,4.1124,5.9277,10840380000,,,,,,,
2015-01-08,39723653,2.9875,2.9875,2.8816,2.8967,-0.0908,-3.04,1.45,153327096,,,17.4962,1.3522,3.9875,5.7476,10511052000,,,,,,,
2015-01-09,30799022,2.8665,2.9421,2.8665,2.8816,-0.0151,-0.52,1.12,118244454,,,17.4049,1.3451,3.9666,5.7176,10456164000,,,,,,,
2015-01-12,40258088,2.874,2.874,2.7228,2.7379,-0.1437,-4.99,1.47,148401774,,,16.5369,1.2781,3.7688,5.4325,9934728000,,,,,,,
2015-01-13,22719833,2.7228,2.7606,2.7152,2.7379,0,0,0.83,82169694,,,16.5369,1.2781,3.7688,5.4325,9934728000,,,,,,,
2015-01-14,26347352,2.7379,2.753,2.6622,2.6849,-0.053,-1.94,0.96,94132553,,,16.2171,1.2534,3.6959,5.3275,9742620000,,,,,,,
2015-01-15,24737797,2.6925,2.7681,2.6698,2.7681,0.0832,3.1,0.9,89173950,,,16.7197,1.2922,3.8105,5.4925,10044504000,,,,,,,
2015-01-16,27564002,2.7757,2.7833,2.7379,2.7757,0.0076,0.27,1,100685361,,,16.7653,1.2957,3.8209,5.5075,10071948000,,,,,,,
2015-01-19,45007432,2.7076,2.7152,2.5034,2.5639,-0.2118,-7.63,1.64,156756024,,,15.4862,1.1969,3.5294,5.0873,9303516000,,,,,,,
2015-01-20,27726320,2.5639,2.632,2.5639,2.6244,0.0605,2.36,1.01,95631423,,,15.8517,1.2251,3.6127,5.2074,9523068000,,,,,,,
2015-01-21,30729649,2.632,2.7152,2.6093,2.7152,0.0908,3.46,1.12,108847060,,,16.3999,1.2675,3.7376,5.3875,9852396000,,,,,,,
2015-01-22,31024473,2.7152,2.7833,2.7001,2.7606,0.0454,1.67,1.13,112799791,,,16.674,1.2887,3.8001,5.4775,10017060000,,,,,,,
2015-01-23,28701998,2.7681,2.7833,2.7076,2.7303,-0.0303,-1.1,1.05,103908305,,,16.4912,1.2745,3.7584,5.4175,9907284000,,,,,,,
2015-01-26,25967675,2.7303,2.7833,2.7076,2.7833,0.053,1.94,0.95,94304792,,,16.811,1.2992,3.8313,5.5225,10099392000,,,,,,,
2015-01-27,39150641,2.7833,2.7984,2.7001,2.7984,0.0151,0.54,1.43,142831217,,,16.9024,1.3063,3.8521,5.5526,10154280000,,,,,,,
2015-01-28,41069445,2.7757,2.8438,2.7454,2.8135,0.0151,0.54,1.5,152228010,,,16.9937,1.3134,3.8729,5.5826,10209168000,,,,,,,
2015-01-29,31785650,2.7908,2.8362,2.7606,2.7984,-0.0151,-0.54,1.16,117936109,,,16.9024,1.3063,3.8521,5.5526,10154280000,,,,,,,
2015-01-30,33135308,2.7908,2.874,2.7833,2.7984,0,0,1.21,123768779,,,16.9024,1.3063,3.8521,5.5526,10154280000,,,,,,,
2015-02-02,22147449,2.7681,2.7757,2.7001,2.7076,-0.0908,-3.24,0.81,80078825,,,16.3542,1.2639,3.7272,5.3725,9824952000,,,,,,,
2015-02-03,16570343,2.7001,2.7454,2.6849,2.7379,0.0303,1.12,0.6,59495321,,,16.5369,1.2781,3.7688,5.4325,9934728000,,,,,,,
2015-02-04,14066321,2.753,2.753,2.6925,2.7076,-0.0303,-1.11,0.51,50632515,,,16.3542,1.2639,3.7272,5.3725,9824952000,,,,,,,
2015-02-05,18831845,2.7454,2.7606,2.6396,2.6471,-0.0605,-2.23,0.69,67004515,,,15.9887,1.2357,3.6439,5.2524,9605400000,,,,,,,
2015-02-06,22764889,2.6471,2.6471,2.5412,2.5639,-0.0832,-3.14,0.83,77753832,,,15.4862,1.1969,3.5294,5.0873,9303516000,,,,,,,
2015-02-09,12766459,2.5715,2.5942,2.5488,2.5715,0.0076,0.3,0.47,43453086,,,15.5319,1.2004,3.5398,5.1023,9330960000,,,,,,,
2015-02-10,9587004,2.5715,2.5942,2.5639,2.5866,0.0151,0.59,0.35,32728326,,,15.6233,1.2075,3.5606,5.1324,9385848000,,,,,,,
2015-02-11,13039148,2.5942,2.6396,2.5866,2.6396,0.053,2.05,0.48,45151271,,,15.9431,1.2322,3.6335,5.2374,9577956000,,,,,,,
2015-02-12,10402818,2.632,2.6471,2.6017,2.6471,0.0075,0.28,0.38,36171319,,,15.9887,1.2357,3.6439,5.2524,9605400000,,,,,,,
2015-02-13,16265542,2.6622,2.7076,2.6547,2.6849,0.0378,1.43,0.59,57776456,,,16.2171,1.2534,3.6959,5.3275,9742620000,,,,,,,
2015-02-16,12638185,2.6774,2.7152,2.6698,2.7076,0.0227,0.85,0.46,45104392,,,16.3542,1.2639,3.7272,5.3725,9824952000,,,,,,,
2015-02-17,15306739,2.7076,2.753,2.7076,2.7379,0.0303,1.12,0.56,55408579,,,16.5369,1.2781,3.7688,5.4325,9934728000,,,,,,,
2015-02-25,14307929,2.7379,2.753,2.7076,2.7152,-0.0227,-0.83,0.52,51570374,,,16.3999,1.2675,3.7376,5.3875,9852396000,,,,,,,
2015-02-26,39685864,2.7076,2.8135,2.7076,2.8059,0.0907,3.34,1.45,145791674,,,16.9481,1.3098,3.8625,5.5676,10181724000,,,,,,,
2015-02-27,22198074,2.8135,2.8211,2.7833,2.8059,0,0,0.81,82163010,,,16.9481,1.3098,3.8625,5.5676,10181724000,,,,,,,
2015-03-02,24438778,2.8211,2.8362,2.7984,2.8286,0.0227,0.81,0.89,91089310,,,17.0851,1.3204,3.8938,5.6126,10264056000,,,,,,,
2015-03-03,30007928,2.8211,2.8211,2.753,2.7606,-0.068,-2.4,1.09,110354603,,,16.674,1.2887,3.8001,5.4775,10017060000,,,,,,,
2015-03-04,24888381,2.753,2.7681,2.7303,2.753,-0.0076,-0.28,0.91,90449211,,,16.6283,1.2851,3.7896,5.4625,9989616000,,,,,,,
2015-03-05,19218003,2.7606,2.7681,2.7303,2.7454,-0.0076,-0.28,0.7,70008089,,,16.5826,1.2816,3.7792,5.4475,9962172000,,,,,,,
2015-03-06,18877222,2.7454,2.7681,2.7379,2.7454,0,0,0.69,68699085,,,16.5826,1.2816,3.7792,5.4475,9962172000,,,,,,,
2015-03-09,22335354,2.7454,2.7757,2.7076,2.7757,0.0303,1.1,0.81,80875238,,,16.7653,1.2957,3.8209,5.5075,10071948000,,,,,,,
2015-03-10,25725727,2.7757,2.8135,2.753,2.7908,0.0151,0.54,0.94,94682084,,,16.8567,1.3028,3.8417,5.5375,10126836000,,,,,,,
2015-03-11,24628879,2.7984,2.8135,2.7606,2.7757,-0.0151,-0.54,0.9,90796472,,,16.7653,1.2957,3.8209,5.5075,10071948000,,,,,,,
2015-03-12,27515168,2.7757,2.7984,2.7606,2.7984,0.0227,0.82,1,101201726,,,16.9024,1.3063,3.8521,5.5526,10154280000,,,,,,,
2015-03-13,25612161,2.7984,2.8135,2.7833,2.8059,0.0075,0.27,0.93,94859776,,,16.9481,1.3098,3.8625,5.5676,10181724000,,,,,,,
2015-03-16,51596874,2.8211,2.8665,2.8135,2.8589,0.053,1.89,1.88,194584590,,,17.2678,1.3346,3.9354,5.6726,10373832000,,,,,,,
2015-03-17,99092973,2.8816,2.9875,2.874,2.9799,0.121,4.23,3.61,385712340,,,17.9987,1.391,4.102,5.9127,10812936000,,,,,,,
2015-03-18,125179267,2.9875,3.2068,2.9648,3.1312,0.1513,5.08,4.56,512352483,,,18.9124,1.4617,4.3102,6.2129,11361816000,,,,,,,
2015-03-19,111800871,3.1312,3.1765,3.0404,3.1085,-0.0227,-0.72,4.07,461229132,,,18.7753,1.4511,4.279,6.1678,11279484000,,,,,,,
2015-03-20,102875486,3.29,3.4186,3.29,3.4186,0.3101,9.98,3.75,463121892,,,20.6483,1.5958,4.7058,6.7831,12404688000,,,,,,,
2015-03-23,235369511,3.5169,3.5774,3.3808,3.4942,0.0756,2.21,8.58,1079485619,,,21.1051,1.6311,4.8099,6.9332,12679128000,,,,,,,
2015-03-24,201440076,3.4564,3.6303,3.3808,3.6303,0.1361,3.9,7.34,934317665,,,21.9274,1.6947,4.9973,7.2033,13173120000,,,,,,,
2015-03-25,208096207,3.7362,3.9707,3.6606,3.6757,0.0454,1.25,7.58,1044053785,,,22.2015,1.7159,5.0598,7.2934,13337784000,,,,,,,
2015-03-26,95777368,3.6303,3.6379,3.5169,3.5547,-0.121,-3.29,3.49,451289502,,,21.4706,1.6594,4.8932,7.0532,12898680000,,,,,,,
2015-03-27,54779254,3.5547,3.5774,3.5018,3.5547,0,0,2,256247930,,,21.4706,1.6594,4.8932,7.0532,12898680000,,,,,,,
2015-03-30,112025884,3.7892,3.7892,3.6455,3.6908,0.1361,3.83,4.08,548202161,,,22.2929,1.7229,5.0806,7.3234,13392672000,,,,,,,
2015-03-31,80526832,3.6984,3.7287,3.6001,3.6152,-0.0756,-2.05,2.93,387912567,,,21.6213,1.6541,4.9725,5.5935,13118232000,,,,,,,
2015-04-01,63712397,3.6152,3.7211,3.5925,3.6682,0.053,1.47,2.32,307542000,,,21.9379,1.6783,5.0453,5.6755,13310340000,,,,,,,
2015-04-02,67647949,3.653,3.7135,3.6303,3.6757,0.0075,0.2,2.46,328162258,,,21.9831,1.6818,5.0557,5.6872,13337784000,,,,,,,
2015-04-03,68624759,3.6455,3.6833,3.6152,3.6833,0.0076,0.21,2.5,331897502,,,22.0283,1.6852,5.0661,5.6989,13365228000,,,,,,,
2015-04-07,158760237,3.7438,3.9782,3.7438,3.9253,0.242,6.57,5.78,815307792,,,23.4758,1.796,5.399,6.0733,14243436000,,,,,,,
2015-04-08,106189854,3.9329,3.9556,3.7892,3.8497,-0.0756,-1.93,3.87,541954524,,,23.0235,1.7614,5.2949,5.9563,13968996000,,,,,,,
2015-04-09,81227567,3.8421,3.8497,3.653,3.7362,-0.1135,-2.95,2.96,401447822,,,22.345,1.7095,5.1389,5.7808,13557336000,,,,,,,
2015-04-10,73323100,3.7287,3.8345,3.6908,3.8119,0.0757,2.03,2.67,368100285,,,22.7973,1.7441,5.2429,5.8978,13831776000,,,,,,,
2015-04-13,172636777,3.827,4.1825,3.827,4.1068,0.2949,7.74,6.29,924182700,,,24.5614,1.879,5.6486,6.3542,14902092000,,,,,,,
2015-04-14,210884014,4.1673,4.5152,4.1673,4.5152,0.4084,9.94,7.68,1232180065,,,27.004,2.0659,6.2104,6.9861,16384068000,,,,,,,
2015-04-15,173804555,4.8253,4.969,4.6438,4.969,0.4538,10.05,6.33,1128558450,,,29.7179,2.2735,6.8345,7.6882,18030708000,,,,,,,
2015-04-16,331746858,5.3169,5.3169,4.5379,4.9615,-0.0075,-0.15,12.09,2225870371,,,29.6727,2.27,6.8241,7.6765,18003264000,,,,,,,
2015-04-17,212222311,4.8556,5.1279,4.6892,4.9917,0.0302,0.61,7.73,1388934121,,,29.8536,2.2839,6.8657,7.7233,18113040000,,,,,,,
2015-04-20,163638253,4.9766,4.9917,4.727,4.8556,-0.1361,-2.73,5.96,1054892248,,,29.0394,2.2216,6.6785,7.5127,17619048000,,,,,,,
2015-04-21,97034961,4.8556,5.0295,4.7724,4.901,0.0454,0.94,3.54,625408423,,,29.3108,2.2424,6.7409,7.5829,17783712000,,,,,,,
2015-04-22,156356223,4.901,5.0598,4.8404,5.022,0.121,2.47,5.7,1027630234,,,30.0345,2.2977,6.9073,7.7701,18222816000,,,,,,,
2015-04-23,115624190,5.0295,5.0295,4.9161,4.9463,-0.0757,-1.51,4.21,757285911,,,29.5822,2.2631,6.8033,7.6531,17948376000,,,,,,,
2015-04-24,86432233,4.8934,4.8934,4.7724,4.8178,-0.1285,-2.6,3.15,551956968,,,28.8133,2.2043,6.6265,7.4542,17481828000,,,,,,,
2015-04-27,102829354,4.8253,4.969,4.8253,4.9161,0.0983,2.04,3.75,664427810,,,29.4013,2.2493,6.7617,7.6063,17838600000,,,,,,,
2015-04-28,110077680,4.9161,4.9388,4.7648,4.9312,0.0151,0.31,4.01,704936852,,,29.4918,2.2562,6.7825,7.6297,17893488000,,,,,,,
2015-04-29,161880696,4.9539,5.2035,4.9539,5.0598,0.1286,2.61,5.9,1088859392,,,30.2607,2.315,6.9594,7.8286,18360036000,,,,,,,
2015-04-30,88878463,5.0522,5.0522,4.9085,4.9388,-0.121,-2.39,3.24,581677244,,,29.537,2.2597,6.7929,7.6414,17920932000,,,,,,,
2015-05-04,123006997,4.9388,5.1354,4.9236,5.0673,0.1285,2.6,4.48,818442208,,,30.3059,2.3185,6.9698,7.8403,18387480000,,,,,,,
2015-05-05,126979698,5.0825,5.2564,4.7648,4.8102,-0.2571,-5.07,4.63,844992319,,,28.768,2.2008,6.6161,7.4424,17454384000,,,,,,,
2015-05-06,103836813,4.7573,4.8631,4.4018,4.5152,-0.295,-6.13,3.78,635545595,,,27.004,2.0659,6.2104,6.9861,16384068000,,,,,,,
2015-05-07,94799871,4.4623,4.4623,4.0917,4.0993,-0.4159,-9.21,3.45,524895613,,,24.5161,1.8756,5.6382,6.3425,14874648000,,,,,,,
2015-05-08,71655006,4.1068,4.2656,4.1068,4.2505,0.1512,3.69,2.61,397705518,,,25.4208,1.9448,5.8463,6.5765,15423528000,,,,,,,
2015-05-11,75929184,4.3035,4.4093,4.2278,4.3942,0.1437,3.38,2.77,434338475,,,26.2802,2.0105,6.0439,6.7988,15944964000,,,,,,,
2015-05-12,75450588,4.4093,4.432,4.3488,4.4093,0.0151,0.34,2.75,437460842,,,26.3707,2.0174,6.0647,6.8222,15999852000,,,,,,,
2015-05-13,92429647,4.4018,4.6438,4.3564,4.5001,0.0908,2.06,3.37,552889557,,,26.9135,2.059,6.1896,6.9627,16329180000,,,,,,,
2015-05-14,62826943,4.5152,4.5757,4.364,4.4169,-0.0832,-1.85,2.29,367021759,,,26.4159,2.0209,6.0751,6.8339,16027296000,,,,,,,
2015-05-15,55853952,4.4093,4.4093,4.2203,4.2505,-0.1664,-3.77,2.04,315276654,,,25.4208,1.9448,5.8463,6.5765,15423528000,,,,,,,
2015-05-18,37671502,4.1976,4.2505,4.1522,4.1825,-0.068,-1.6,1.37,209063038,,,25.0137,1.9136,5.7526,6.4712,15176532000,,,,,,,
2015-05-19,55138488,4.1673,4.3715,4.1598,4.3564,0.1739,4.16,2.01,313176953,,,26.0541,1.9932,5.9919,6.7403,15807744000,,,,,,,
2015-05-20,66876075,4.3715,4.4169,4.3186,4.3564,0,0,2.44,386721434,,,26.0541,1.9932,5.9919,6.7403,15807744000,,,,,,,
2015-05-21,66155796,4.3564,4.4093,4.2656,4.4093,0.0529,1.21,2.41,379735277,,,26.3707,2.0174,6.0647,6.8222,15999852000,,,,,,,
2015-05-22,161160959,4.432,4.7497,4.432,4.7421,0.3328,7.55,5.87,981455879,,,28.3609,2.1697,6.5224,7.3371,17207388000,,,,,,,
2015-05-25,175015719,4.7421,5.0598,4.727,5.0144,0.2723,5.74,6.38,1144526235,,,29.9893,2.2943,6.8969,7.7584,18195372000,,,,,,,
2015-05-26,179264168,5.0522,5.1581,4.8556,5.0295,0.0151,0.3,6.53,1185126934,,,30.0798,2.3012,6.9177,7.7818,18250260000,,,,,,,
2015-05-27,132870386,5.0295,5.0598,4.8329,4.9161,-0.1134,-2.25,4.84,864420063,,,29.4013,2.2493,6.7617,7.6063,17838600000,,,,,,,
2015-05-28,290412316,4.9085,5.2942,4.8404,5.0295,0.1134,2.31,10.58,1958540026,,,30.0798,2.3012,6.9177,7.7818,18250260000,,,,,,,
2015-05-29,172495616,4.9993,5.022,4.5304,4.7573,-0.2722,-5.41,6.29,1087922605,,,28.4514,2.1766,6.5432,7.3605,17262276000,,,,,,,
2015-06-01,138837374,4.7119,5.0522,4.6967,5.0144,0.2571,5.4,5.06,897848697,,,29.9893,2.2943,6.8969,7.7584,18195372000,,,,,,,
2015-06-02,157577216,5.022,5.143,4.9388,5.0749,0.0605,1.21,5.74,1048836990,,,30.3512,2.322,6.9802,7.852,18414924000,,,,,,,
2015-06-03,297303333,5.0673,5.5816,4.9841,5.5816,0.5067,9.98,10.83,2097676524,,,33.3818,2.5538,7.6771,8.6361,20253672000,,,,,,,
2015-06-04,229168321,5.6497,5.6497,5.022,5.3623,-0.2193,-3.93,8.35,1611363936,,,32.07,2.4534,7.3755,8.2967,19457796000,,,,,,,
2015-06-05,199951227,5.4077,5.4833,5.1505,5.3699,0.0076,0.14,7.29,1415497578,,,32.1153,2.4569,7.3859,8.3084,19485240000,,,,,,,
2015-06-08,218326541,5.3774,5.6724,5.3094,5.5741,0.2042,3.8,7.96,1583774296,,,33.3365,2.5503,7.6667,8.6243,20226228000,,,,,,,
2015-06-09,129794236,5.5211,5.5438,5.3169,5.4758,-0.0983,-1.76,4.73,931654213,,,32.7485,2.5054,7.5315,8.4722,19869456000,,,,,,,
2015-06-10,121170540,5.3699,5.5892,5.3018,5.4304,-0.0454,-0.83,4.42,875763761,,,32.4771,2.4846,7.4691,8.402,19704792000,,,,,,,
2015-06-11,97510205,5.3926,5.4379,5.3396,5.4001,-0.0303,-0.56,3.55,693946689,,,32.2962,2.4708,7.4275,8.3552,19595016000,,,,,,,
2015-06-12,215271548,5.4304,5.7707,5.4153,5.6648,0.2647,4.9,7.84,1606584243,,,33.8793,2.5919,7.7916,8.7648,20555556000,,,,,,,
2015-06-15,191423182,5.6497,6.0203,5.5968,5.869,0.2042,3.6,6.97,1470416009,,,35.1006,2.6853,8.0724,9.0807,21296544000,,,,,,,
2015-06-16,131671604,5.8085,5.8085,5.3396,5.4682,-0.4008,-6.83,4.8,975586165,,,32.7033,2.5019,7.5211,8.4605,19842012000,,,,,,,
2015-06-17,117903112,5.4833,5.6648,5.2337,5.6043,0.1361,2.49,4.3,851181001,,,33.5175,2.5642,7.7083,8.6712,20336004000,,,,,,,
2015-06-18,166368851,5.6195,5.9144,5.5363,5.5968,-0.0075,-0.13,6.06,1257859984,,,33.4722,2.5607,7.6979,8.6595,20308560000,,,,,,,
2015-06-19,115244608,5.3094,5.4833,5.0371,5.0447,-0.5521,-9.86,4.2,799500769,,,30.1702,2.3081,6.9385,7.8052,18305148000,,,,,,,
2015-06-23,102032216,5.0295,5.1354,4.5379,4.9993,-0.0454,-0.9,3.72,649570998,,,29.8988,2.2873,6.8761,7.735,18140484000,,,,,,,
2015-06-24,106701514,5.0371,5.2186,4.9841,5.1884,0.1891,3.78,3.89,722168076,,,31.0297,2.3739,7.1362,8.0275,18826584000,,,,,,,
2015-06-25,93924058,5.1884,5.2035,4.7497,4.8707,-0.3177,-6.12,3.42,624009298,,,29.1299,2.2285,6.6993,7.5361,17673936000,,,,,,,
2015-06-26,104460854,4.6816,4.7648,4.3867,4.3867,-0.484,-9.94,3.81,627440764,,,26.235,2.0071,6.0335,6.7871,15917520000,,,,,,,
2015-06-29,108135489,4.5455,4.5833,3.948,4.0841,-0.3026,-6.9,3.94,606600558,,,24.4257,1.8686,5.6174,6.3191,14819760000,,,,,,,
2015-06-30,113007403,4.0917,4.4472,3.7438,4.432,0.3479,8.52,4.12,615132436,,,26.9001,2.0567,6.1454,7.4822,16082184000,,,,,,,
2015-07-01,95759975,4.3791,4.5757,4.1598,4.1749,-0.2571,-5.8,3.49,556909644,,,25.3393,1.9374,5.7888,7.0481,15149088000,,,,,,,
2015-07-02,76191107,4.243,4.2808,3.7892,3.8421,-0.3328,-7.97,2.78,406401662,,,23.3195,1.7829,5.3274,6.4863,13941552000,,,,,,,
2015-07-03,83462390,3.7816,3.8875,3.4564,3.4639,-0.3782,-9.84,3.04,397417322,,,21.0243,1.6075,4.803,5.8478,12569352000,,,,,,,
2015-07-06,90008488,3.8119,3.8119,3.2976,3.5018,0.0379,1.09,3.28,425667535,,,21.2538,1.625,4.8555,5.9117,12706572000,,,,,,,
2015-07-07,76259514,3.4034,3.4564,3.1539,3.1539,-0.3479,-9.93,2.78,325942945,,,19.1422,1.4636,4.3731,5.3244,11444148000,,,,,,,
2015-07-08,80319137,2.8362,2.9496,2.8362,2.8362,-0.3177,-10.07,2.93,302283818,,,17.2142,1.3161,3.9326,4.7881,10291500000,,,,,,,
2015-07-09,104238336,2.6471,3.1236,2.6471,3.1236,0.2874,10.13,3.8,413556007,,,18.9586,1.4495,4.3311,5.2733,11334372000,,,,,,,
2015-07-10,87877027,3.2824,3.4337,3.2144,3.4337,0.3101,9.93,3.2,394604309,,,20.8407,1.5934,4.7611,5.7968,12459576000,,,,,,,
2015-07-13,104777482,3.6833,3.774,3.5623,3.774,0.3403,9.91,3.82,512018214,,,22.9064,1.7514,5.233,6.3713,13694556000,,,,,,,
2015-07-14,142677058,3.8497,4.069,3.6757,3.7892,0.0152,0.4,5.2,728197025,,,22.9982,1.7584,5.254,6.3969,13749444000,,,,,,,
2015-07-15,88970540,3.6682,3.7438,3.411,3.411,-0.3782,-9.98,3.24,415538981,,,20.703,1.5829,4.7296,5.7585,12377244000,,,,,,,
2015-07-16,71409815,3.2295,3.6303,3.1841,3.5698,0.1588,4.66,2.6,328122585,,,21.667,1.6566,4.9498,6.0266,12953568000,,,,,,,
2015-07-17,76586378,3.5619,3.8247,3.531,3.7706,0.2008,5.62,2.79,366807921,,,22.4014,1.775,5.1176,6.2309,13392672000,,,,,,,
2015-07-20,81039823,3.7319,3.8787,3.6933,3.7628,-0.0078,-0.21,2.95,395851330,,,22.3555,1.7714,5.1072,6.2181,13365228000,,,,,,,
2015-07-21,123518805,3.7319,4.1414,3.6392,4.1414,0.3786,10.06,4.5,634395131,,,24.6048,1.9496,5.621,6.8438,14709984000,,,,,,,
2015-07-22,210799133,4.3037,4.4273,3.9946,4.126,-0.0154,-0.37,7.68,1156363823,,,24.513,1.9424,5.6,6.8182,14655096000,,,,,,,
2015-07-23,129332281,4.0255,4.2419,3.9637,4.1646,0.0386,0.94,4.71,685288397,,,24.7426,1.9606,5.6525,6.8821,14792316000,,,,,,,
2015-07-24,142256872,4.1337,4.2805,4.0333,4.1183,-0.0463,-1.11,5.18,768507186,,,24.4671,1.9387,5.5896,6.8055,14627652000,,,,,,,
2015-07-27,91965480,4.0178,4.1492,3.7088,3.7088,-0.4095,-9.94,3.35,468056288,,,22.0342,1.7459,5.0337,6.1288,13173120000,,,,,,,
2015-07-28,78948134,3.5001,3.7783,3.3842,3.5465,-0.1623,-4.38,2.88,360721995,,,21.0702,1.6696,4.8135,5.8606,12596796000,,,,,,,
2015-07-29,56587591,3.6006,3.786,3.5001,3.7783,0.2318,6.54,2.06,266282916,,,22.4473,1.7787,5.1281,6.2437,13420116000,,,,,,,
2015-07-30,84491601,3.786,3.9715,3.7165,3.7628,-0.0155,-0.41,3.08,418089738,,,22.3555,1.7714,5.1072,6.2181,13365228000,,,,,,,
2015-07-31,44603125,3.6778,3.7783,3.5619,3.6469,-0.1159,-3.08,1.63,212334652,,,21.667,1.7168,4.9498,6.0266,12953568000,,,,,,,
2015-08-03,53806381,3.616,3.6315,3.307,3.4538,-0.1931,-5.29,1.96,239984131,,,20.5193,1.6259,4.6877,5.7074,12267468000,,,,,,,
2015-08-04,50793499,3.4692,3.6701,3.4615,3.6701,0.2163,6.26,1.85,235421851,,,21.8047,1.7278,4.9813,6.0649,13035900000,,,,,,,
2015-08-05,70792164,3.6392,3.8556,3.531,3.6856,0.0155,0.42,2.58,338452461,,,21.8965,1.735,5.0023,6.0904,13090788000,,,,,,,
2015-08-06,35097583,3.5697,3.6624,3.531,3.5774,-0.1082,-2.94,1.28,163578842,,,21.2538,1.6841,4.8555,5.9117,12706572000,,,,,,,
2015-08-07,63590333,3.6469,3.7551,3.6083,3.7397,0.1623,4.54,2.32,304760076,,,22.2178,1.7605,5.0757,6.1798,13282896000,,,,,,,
2015-08-10,78578644,3.7319,3.9483,3.7319,3.9096,0.1699,4.54,2.86,393339401,,,23.2277,1.8405,5.3064,6.4607,13886664000,,,,,,,
2015-08-11,77584568,3.9096,3.9637,3.871,3.9174,0.0078,0.2,2.83,394166930,,,23.2736,1.8442,5.3169,6.4735,13914108000,,,,,,,
2015-08-12,99904709,3.8633,4.0101,3.8247,3.8556,-0.0618,-1.58,3.64,506264464,,,22.9064,1.8151,5.233,6.3713,13694556000,,,,,,,
2015-08-13,59375348,3.8015,3.9174,3.786,3.9096,0.054,1.4,2.16,296492981,,,23.2277,1.8405,5.3064,6.4607,13886664000,,,,,,,
2015-08-14,145391896,3.9328,4.1955,3.9019,3.9946,0.085,2.17,5.3,758337969,,,23.7327,1.8805,5.4218,6.6012,14188548000,,,,,,,
2015-08-17,100485249,3.9869,4.0951,3.9251,4.0719,0.0773,1.94,3.66,520973792,,,24.1917,1.9169,5.5266,6.7289,14462988000,,,,,,,
2015-08-18,101470907,4.041,4.0719,3.6624,3.6624,-0.4095,-10.06,3.7,508441351,,,21.7588,1.7241,4.9708,6.0521,13008456000,,,,,,,
2015-08-19,70784069,3.5542,3.8092,3.4692,3.7783,0.1159,3.16,2.58,334586729,,,22.4473,1.7787,5.1281,6.2437,13420116000,,,,,,,
2015-08-20,85632707,3.7706,3.9637,3.7242,3.786,0.0077,0.2,3.12,427236719,,,22.4932,1.7823,5.1386,6.2564,13447560000,,,,,,,
2015-08-21,63215066,3.8169,3.9019,3.5697,3.6392,-0.1468,-3.88,2.3,306021107,,,21.6211,1.7132,4.9394,6.0138,12926124000,,,,,,,
2015-08-24,51217296,3.5079,3.5542,3.2761,3.2761,-0.3631,-9.98,1.87,221070878,,,19.4635,1.5423,4.4465,5.4137,11636256000,,,,,,,
2015-08-25,52503129,2.967,3.1215,2.9515,2.9515,-0.3246,-9.91,1.91,203796657,,,17.5355,1.3895,4.006,4.8775,10483608000,,,,,,,
2015-08-26,65851526,3.0365,3.1293,2.7661,2.9284,-0.0231,-0.78,2.4,254650713,,,17.3978,1.3786,3.9746,4.8392,10401276000,,,,,,,
2015-08-27,49297345,2.9361,3.0906,2.8975,3.0906,0.1622,5.54,1.8,191791938,,,18.3618,1.455,4.1948,5.1073,10977600000,,,,,,,
2015-08-28,62676689,3.1293,3.307,3.0906,3.2992,0.2086,6.75,2.28,258472710,,,19.6012,1.5532,4.4779,5.452,11718588000,,,,,,,
2015-08-31,47358837,3.2452,3.2529,3.0984,3.1602,-0.139,-4.21,1.73,193777492,,,18.775,1.4877,4.2892,5.2222,11224596000,,,,,,,
2015-09-01,38990340,3.1293,3.1602,2.9361,3.0211,-0.1391,-4.4,1.42,153498278,,,17.9487,1.4222,4.1004,4.9924,10730604000,,,,,,,
2015-09-02,35814298,2.9052,3.0752,2.8588,2.9206,-0.1005,-3.33,1.3,137346022,,,17.3519,1.3749,3.9641,4.8264,10373832000,,,,,,,
2015-09-07,32614831,2.9979,3.0829,2.9361,2.9747,0.0541,1.85,1.19,127291617,,,17.6733,1.4004,4.0375,4.9158,10565940000,,,,,,,
2015-09-08,30011643,2.9747,3.0829,2.9206,3.0752,0.1005,3.38,1.09,117049965,,,18.27,1.4477,4.1738,5.0818,10922712000,,,,,,,
2015-09-09,62464545,3.0906,3.2374,3.0597,3.222,0.1468,4.77,2.28,255614030,,,19.1422,1.5168,4.3731,5.3244,11444148000,,,,,,,
2015-09-10,48066328,3.1524,3.2529,3.1138,3.1293,-0.0927,-2.88,1.75,198050832,,,18.5913,1.4731,4.2472,5.1711,11114820000,,,,,,,
2015-09-11,26575310,3.0984,3.1602,3.0752,3.1215,-0.0078,-0.25,0.97,107182383,,,18.5454,1.4695,4.2367,5.1584,11087376000,,,,,,,
2015-09-14,38674800,3.1293,3.1524,2.8357,2.9129,-0.2086,-6.68,1.41,149712434,,,17.306,1.3713,3.9536,4.8136,10346388000,,,,,,,
2015-09-15,27366816,2.882,2.9284,2.7816,2.8047,-0.1082,-3.71,1,101011520,,,16.6634,1.3204,3.8068,4.6349,9962172000,,,,,,,
2015-09-16,38786347,2.8279,3.0752,2.8125,3.0288,0.2241,7.99,1.41,147339073,,,17.9946,1.4259,4.1109,5.0051,10758048000,,,,,,,
2015-09-17,38242304,2.9979,3.0597,2.9129,2.9206,-0.1082,-3.57,1.39,148302553,,,17.3519,1.3749,3.9641,4.8264,10373832000,,,,,,,
2015-09-18,20225644,2.9284,2.9747,2.8897,2.9438,0.0232,0.79,0.74,76756539,,,17.4896,1.3858,3.9955,4.8647,10456164000,,,,,,,
2015-09-21,22785037,2.9052,3.0134,2.9052,3.0056,0.0618,2.1,0.83,87731531,,,17.8569,1.4149,4.0794,4.9668,10675716000,,,,,,,
2015-09-22,27616063,3.0365,3.0365,2.9902,3.0134,0.0078,0.26,1.01,107751438,,,17.9028,1.4186,4.0899,4.9796,10703160000,,,,,,,
2015-09-23,21880415,2.9747,2.9747,2.9129,2.9438,-0.0696,-2.31,0.8,83436135,,,17.4896,1.3858,3.9955,4.8647,10456164000,,,,,,,
2015-09-24,18996117,2.9438,3.0056,2.9438,2.967,0.0232,0.79,0.69,72984893,,,17.6274,1.3968,4.027,4.903,10538496000,,,,,,,
2015-09-25,17969707,2.9438,2.967,2.8666,2.8975,-0.0695,-2.34,0.65,67687919,,,17.2142,1.364,3.9326,4.7881,10291500000,,,,,,,
2015-09-28,11052992,2.8975,2.9129,2.8434,2.9129,0.0154,0.53,0.4,41338244,,,17.306,1.3713,3.9536,4.8136,10346388000,,,,,,,
2015-09-29,20023003,2.8743,2.967,2.8588,2.8975,-0.0154,-0.53,0.73,75570940,,,17.2142,1.364,3.9326,4.7881,10291500000,,,,,,,
2015-09-30,10552413,2.9052,2.9361,2.8897,2.8975,0,0,0.38,39705918,,,17.8422,1.2906,3.993,4.5359,10291500000,,,,,,,
2015-10-08,25027342,2.9747,3.0056,2.9515,2.9825,0.085,2.93,0.91,96504426,,,18.3656,1.3285,4.1101,4.669,10593384000,,,,,,,
2015-10-09,23932704,2.9825,3.0134,2.9515,3.0056,0.0231,0.77,0.87,92636292,,,18.5084,1.3388,4.142,4.7053,10675716000,,,,,,,
2015-10-12,48091610,3.0056,3.1447,2.9979,3.1215,0.1159,3.86,1.75,192369056,,,19.222,1.3904,4.3018,4.8867,11087376000,,,,,,,
2015-10-13,56949319,3.1061,3.1447,3.052,3.1293,0.0078,0.25,2.08,228614336,,,19.2696,1.3939,4.3124,4.8988,11114820000,,,,,,,
2015-10-14,33772980,3.0984,3.1138,3.052,3.052,-0.0773,-2.47,1.23,134782330,,,18.7938,1.3595,4.2059,4.7779,10840380000,,,,,,,
2015-10-15,40626598,3.0443,3.1215,3.0211,3.1215,0.0695,2.28,1.48,162503941,,,19.222,1.3904,4.3018,4.8867,11087376000,,,,,,,
2015-10-16,53426653,3.137,3.1756,3.1138,3.1524,0.0309,0.99,1.95,217200430,,,19.4124,1.4042,4.3443,4.9351,11197152000,,,,,,,
2015-10-19,41838071,3.1602,3.1679,3.0829,3.1138,-0.0386,-1.22,1.52,169354283,,,19.1745,1.387,4.2911,4.8746,11059932000,,,,,,,
2015-10-20,36334903,3.1061,3.137,3.0674,3.137,0.0232,0.75,1.32,145916223,,,19.3172,1.3973,4.323,4.9109,11142264000,,,,,,,
2015-10-21,55911280,3.137,3.1524,2.9438,2.9902,-0.1468,-4.68,2.04,222815517,,,18.4132,1.3319,4.1207,4.6811,10620828000,,,,,,,
2015-10-22,31499187,2.9902,3.052,2.9593,3.0443,0.0541,1.81,1.15,122820321,,,18.7462,1.356,4.1953,4.7658,10812936000,,,,,,,
2015-10-23,38100570,3.052,3.1061,3.0365,3.0906,0.0463,1.52,1.39,151294274,,,19.0317,1.3767,4.2592,4.8383,10977600000,,,,,,,
2015-10-26,34016833,3.1293,3.1447,3.0829,3.1138,0.0232,0.75,1.24,136761881,,,19.1745,1.387,4.2911,4.8746,11059932000,,,,,,,
2015-10-27,30306604,3.0906,3.0984,2.9825,3.0906,-0.0232,-0.75,1.1,119605845,,,19.0317,1.3767,4.2592,4.8383,10977600000,,,,,,,
2015-10-28,28061282,3.0674,3.1061,3.0211,3.0365,-0.0541,-1.75,1.02,111308896,,,18.6987,1.3526,4.1846,4.7537,10785492000,,,,,,,
2015-10-29,18912568,3.0443,3.0829,3.0288,3.0597,0.0232,0.76,0.69,74885262,,,18.8414,1.3629,4.2166,4.79,10867824000,,,,,,,
2015-10-30,19296253,3.0597,3.0674,3.0134,3.0443,-0.0154,-0.5,0.7,75924764,,,18.7462,1.356,4.1953,4.7658,10812936000,,,,,,,
2015-11-02,20194028,3.0056,3.0597,2.9825,3.0056,-0.0387,-1.27,0.74,79215337,,,18.5084,1.3388,4.142,4.7053,10675716000,,,,,,,
2015-11-03,16437683,3.0056,3.0288,2.9825,3.0134,0.0078,0.26,0.6,64011364,,,18.5559,1.3422,4.1527,4.7174,10703160000,,,,,,,
2015-11-04,61630449,3.2452,3.3147,3.2452,3.3147,0.3013,10,2.25,264101983,,,20.4115,1.4765,4.568,5.1891,11773476000,,,,,,,
2015-11-05,209231334,3.6469,3.6469,3.3765,3.3997,0.085,2.56,7.62,955334493,,,20.9349,1.5143,4.6851,5.3222,12075360000,,,,,,,
2015-11-06,170275527,3.3533,3.5774,3.2915,3.5001,0.1004,2.95,6.2,751188538,,,21.5534,1.5591,4.8235,5.4794,12432132000,,,,,,,
2015-11-09,100471304,3.392,3.446,3.3533,3.4151,-0.085,-2.43,3.66,442527520,,,21.0301,1.5212,4.7064,5.3464,12130248000,,,,,,,
2015-11-10,61546343,3.4151,3.4151,3.3379,3.3765,-0.0386,-1.13,2.24,268674712,,,20.7922,1.504,4.6531,5.2859,11993028000,,,,,,,
2015-11-11,38239937,3.3456,3.3842,3.3456,3.3688,-0.0077,-0.23,1.39,166402180,,,20.7446,1.5006,4.6425,5.2738,11965584000,,,,,,,
2015-11-12,54203670,3.3688,3.4229,3.3611,3.3765,0.0077,0.23,1.98,237711016,,,20.7922,1.504,4.6531,5.2859,11993028000,,,,,,,
2015-11-13,40524845,3.3611,3.3611,3.2683,3.2761,-0.1004,-2.97,1.48,173400352,,,20.1736,1.4593,4.5147,5.1286,11636256000,,,,,,,
2015-11-16,30739522,3.222,3.3224,3.1988,3.307,0.0309,0.94,1.12,129206074,,,20.3639,1.473,4.5573,5.177,11746032000,,,,,,,
2015-11-17,38163548,3.3147,3.3611,3.2838,3.2915,-0.0155,-0.47,1.39,164287186,,,20.2688,1.4661,4.536,5.1528,11691144000,,,,,,,
2015-11-18,19776046,3.2915,3.307,3.2529,3.2529,-0.0386,-1.17,0.72,83854745,,,20.0309,1.4489,4.4828,5.0924,11553924000,,,,,,,
2015-11-19,18332459,3.2606,3.2992,3.2529,3.2992,0.0463,1.42,0.67,77705841,,,20.3164,1.4696,4.5467,5.1649,11718588000,,,,,,,
2015-11-20,27843766,3.2992,3.3224,3.2761,3.3147,0.0155,0.47,1.01,118846725,,,20.4115,1.4765,4.568,5.1891,11773476000,,,,,,,
2015-11-23,34945034,3.307,3.3533,3.2838,3.307,-0.0077,-0.23,1.27,150242029,,,20.3639,1.473,4.5573,5.177,11746032000,,,,,,,
2015-11-24,22616462,3.2915,3.2992,3.2452,3.2915,-0.0155,-0.47,0.82,95804304,,,20.2688,1.4661,4.536,5.1528,11691144000,,,,,,,
2015-11-25,20487399,3.2915,3.307,3.2683,3.307,0.0155,0.47,0.75,87236791,,,20.3639,1.473,4.5573,5.177,11746032000,,,,,,,
2015-11-26,24120348,3.307,3.3224,3.2761,3.2761,-0.0309,-0.93,0.88,102794173,,,20.1736,1.4593,4.5147,5.1286,11636256000,,,,,,,
2015-11-27,39320432,3.2761,3.2838,3.0365,3.0752,-0.2009,-6.13,1.43,161339630,,,18.9366,1.3698,4.2379,4.8141,10922712000,,,,,,,
2015-11-30,30366246,3.052,3.1061,2.9825,3.0674,-0.0078,-0.25,1.11,120088015,,,18.889,1.3663,4.2272,4.8021,10895268000,,,,,,,
2015-12-01,23357529,3.0674,3.1988,3.0365,3.1447,0.0773,2.52,0.85,93942643,,,19.3648,1.4008,4.3337,4.923,11169708000,,,,,,,
2015-12-02,24665063,3.137,3.1833,3.0906,3.1756,0.0309,0.98,0.9,100367488,,,19.5551,1.4145,4.3763,4.9714,11279484000,,,,,,,
2015-12-03,20643573,3.1679,3.1911,3.1524,3.1833,0.0077,0.24,0.75,84768185,,,19.6027,1.418,4.3869,4.9835,11306928000,,,,,,,
2015-12-04,22033982,3.1679,3.1911,3.1293,3.1524,-0.0309,-0.97,0.8,90029496,,,19.4124,1.4042,4.3443,4.9351,11197152000,,,,,,,
2015-12-07,15782716,3.1524,3.1833,3.1293,3.1756,0.0232,0.74,0.58,64608517,,,19.5551,1.4145,4.3763,4.9714,11279484000,,,,,,,
2015-12-08,22142057,3.1679,3.1679,3.0674,3.0829,-0.0927,-2.92,0.81,89260651,,,18.9841,1.3732,4.2485,4.8262,10950156000,,,,,,,
2015-12-09,13180991,3.0674,3.1061,3.0597,3.0752,-0.0077,-0.25,0.48,52542913,,,18.9366,1.3698,4.2379,4.8141,10922712000,,,,,,,
2015-12-10,12217572,3.0752,3.1061,3.052,3.0752,0,0,0.45,48747014,,,18.9366,1.3698,4.2379,4.8141,10922712000,,,,,,,
2015-12-11,12803303,3.0752,3.0752,3.0288,3.0365,-0.0387,-1.26,0.47,50385300,,,18.6987,1.3526,4.1846,4.7537,10785492000,,,,,,,
2015-12-14,15509880,3.0134,3.0906,3.0056,3.0829,0.0464,1.53,0.57,61263031,,,18.9841,1.3732,4.2485,4.8262,10950156000,,,,,,,
2015-12-15,13866654,3.0829,3.0984,3.0674,3.0752,-0.0077,-0.25,0.51,55334281,,,18.9366,1.3698,4.2379,4.8141,10922712000,,,,,,,
2015-12-16,15291437,3.0829,3.1138,3.0752,3.0829,0.0077,0.25,0.56,61259587,,,18.9841,1.3732,4.2485,4.8262,10950156000,,,,,,,
2015-12-17,23921018,3.0984,3.1447,3.0906,3.1447,0.0618,2,0.87,96813816,,,19.3648,1.4008,4.3337,4.923,11169708000,,,,,,,
2015-12-18,18723289,3.137,3.1602,3.1215,3.1447,0,0,0.68,76004713,,,19.3648,1.4008,4.3337,4.923,11169708000,,,,,,,
2015-12-21,46775763,3.1293,3.2683,3.1215,3.2297,0.085,2.7,1.7,194191607,,,19.8882,1.4386,4.4508,5.0561,11471592000,,,,,,,
2015-12-22,21453753,3.2065,3.2297,3.1833,3.2065,-0.0232,-0.72,0.78,88890941,,,19.7454,1.4283,4.4189,5.0198,11389260000,,,,,,,
2015-12-23,57289191,3.2065,3.3688,3.1988,3.2606,0.0541,1.69,2.09,243189438,,,20.0785,1.4524,4.4934,5.1044,11581368000,,,,,,,
2015-12-24,26780164,3.2297,3.2374,3.1602,3.1988,-0.0618,-1.9,0.98,110587198,,,19.6978,1.4248,4.4082,5.0077,11361816000,,,,,,,
2015-12-25,47310450,3.1911,3.3147,3.1833,3.2992,0.1004,3.14,1.72,199964737,,,20.3164,1.4696,4.5467,5.1649,11718588000,,,,,,,
2015-12-28,74308851,3.307,3.4229,3.2529,3.2683,-0.0309,-0.94,2.71,321231525,,,20.126,1.4558,4.5041,5.1165,11608812000,,,,,,,
2015-12-29,32173042,3.2374,3.2915,3.2143,3.2915,0.0232,0.71,1.17,135288171,,,20.2688,1.4661,4.536,5.1528,11691144000,,,,,,,
2015-12-30,28781603,3.2915,3.3302,3.2683,3.2992,0.0077,0.23,1.05,122772359,,,20.3164,1.4696,4.5467,5.1649,11718588000,,,,,,,
2015-12-31,32774666,3.2838,3.3611,3.2838,3.2915,-0.0077,-0.23,1.19,140771048,,,21.2263,1.4524,4.5354,5.0833,11691144000,,,,,,,
2016-01-04,31691655,3.2915,3.2992,2.9825,2.9902,-0.3013,-9.15,1.15,129507793,,,19.2831,1.3194,4.1202,4.618,10620828000,,,,,,,
2016-01-05,41881844,2.9361,3.0752,2.8743,3.052,0.0618,2.07,1.53,162112779,,,19.6817,1.3467,4.2054,4.7134,10840380000,,,,,,,
2016-01-06,34150468,3.0365,3.1602,3.0288,3.1602,0.1082,3.55,1.24,137249101,,,20.3793,1.3944,4.3544,4.8805,11224596000,,,,,,,
2016-01-07,8571343,3.1138,3.1138,2.882,2.8975,-0.2627,-8.31,0.31,33438794,,,18.6851,1.2785,3.9924,4.4748,10291500000,,,,,,,
2016-01-08,34245599,3.0134,3.0752,2.8975,3.0288,0.1313,4.53,1.25,132857722,,,19.5322,1.3365,4.1734,4.6776,10758048000,,,,,,,
2016-01-11,29384165,2.9747,3.052,2.8975,2.9206,-0.1082,-3.57,1.07,112936918,,,18.8346,1.2887,4.0244,4.5106,10373832000,,,,,,,
2016-01-12,18244554,2.9206,2.9593,2.882,2.9129,-0.0077,-0.26,0.66,69108427,,,18.7848,1.2853,4.0137,4.4986,10346388000,,,,,,,
2016-01-13,17558040,2.9284,2.9515,2.8511,2.8588,-0.0541,-1.86,0.64,66125836,,,18.436,1.2615,3.9392,4.4151,10154280000,,,,,,,
2016-01-14,25296313,2.7816,2.8975,2.7584,2.882,0.0232,0.81,0.92,92735680,,,18.5855,1.2717,3.9711,4.4509,10236612000,,,,,,,
2016-01-15,22448501,2.8743,2.8743,2.712,2.7507,-0.1313,-4.56,0.82,81226022,,,17.7384,1.2137,3.7901,4.248,9770064000,,,,,,,
2016-01-18,15522510,2.7043,2.7738,2.6811,2.7352,-0.0155,-0.56,0.57,54974569,,,17.6388,1.2069,3.7689,4.2242,9715176000,,,,,,,
2016-01-19,18256306,2.7507,2.8279,2.7352,2.8279,0.0927,3.39,0.67,65961612,,,18.2367,1.2478,3.8966,4.3674,10044504000,,,,,,,
2016-01-20,17024240,2.8047,2.8511,2.7661,2.797,-0.0309,-1.09,0.62,61818432,,,18.0374,1.2342,3.854,4.3196,9934728000,,,,,,,
2016-01-21,14484521,2.7584,2.8125,2.712,2.7198,-0.0772,-2.76,0.53,51672010,,,17.5391,1.2001,3.7476,4.2003,9660288000,,,,,,,
2016-01-22,11707287,2.7352,2.7584,2.6811,2.7429,0.0231,0.85,0.43,41286569,,,17.6886,1.2103,3.7795,4.2361,9742620000,,,,,,,
2016-01-25,10353651,2.7584,2.7816,2.7352,2.7661,0.0232,0.85,0.38,36941226,,,17.8381,1.2206,3.8114,4.2719,9824952000,,,,,,,
2016-01-26,17970402,2.7429,2.7429,2.542,2.5729,-0.1932,-6.98,0.65,61727855,,,16.5924,1.1353,3.5453,3.9736,9138852000,,,,,,,
2016-01-27,18377954,2.6039,2.6039,2.3952,2.5189,-0.054,-2.1,0.67,59495559,,,16.2436,1.1115,3.4708,3.8901,8946744000,,,,,,,
2016-01-28,12174976,2.4957,2.542,2.4184,2.4261,-0.0928,-3.68,0.44,39284192,,,15.6457,1.0705,3.343,3.7469,8617416000,,,,,,,
2016-01-29,13920717,2.4261,2.5111,2.4184,2.488,0.0619,2.55,0.51,44578598,,,16.0443,1.0978,3.4282,3.8423,8836968000,,,,,,,
2016-02-01,9459239,2.488,2.5111,2.4339,2.457,-0.031,-1.25,0.34,30239613,,,15.845,1.0842,3.3856,3.7946,8727192000,,,,,,,
2016-02-02,11218760,2.457,2.5266,2.457,2.5111,0.0541,2.2,0.41,36367679,,,16.1938,1.108,3.4601,3.8781,8919300000,,,,,,,
2016-02-03,9362558,2.4957,2.5189,2.457,2.5111,0,0,0.34,30139706,,,16.1938,1.108,3.4601,3.8781,8919300000,,,,,,,
2016-02-04,13950415,2.5111,2.5498,2.5111,2.542,0.0309,1.23,0.51,45756841,,,16.3931,1.1217,3.5027,3.9259,9029076000,,,,,,,
2016-02-05,10146267,2.5343,2.5498,2.5189,2.5266,-0.0154,-0.61,0.37,33272797,,,16.2934,1.1149,3.4814,3.902,8974188000,,,,,,,
2016-02-15,9528547,2.4493,2.5266,2.4261,2.5034,-0.0232,-0.92,0.35,30662980,,,16.144,1.1046,3.4495,3.8662,8891856000,,,,,,,
2016-02-16,16304753,2.5189,2.5961,2.5111,2.5884,0.085,3.4,0.59,54215062,,,16.6921,1.1421,3.5666,3.9975,9193740000,,,,,,,
2016-02-17,14593684,2.5807,2.6116,2.5652,2.6039,0.0155,0.6,0.53,48860288,,,16.7917,1.149,3.5879,4.0213,9248628000,,,,,,,
2016-02-18,14799606,2.6193,2.6502,2.5884,2.5961,-0.0078,-0.3,0.54,50077888,,,16.7419,1.1455,3.5772,4.0094,9221184000,,,,,,,
2016-02-19,8511755,2.5961,2.6039,2.5729,2.5961,0,0,0.31,28481709,,,16.7419,1.1455,3.5772,4.0094,9221184000,,,,,,,
2016-02-22,15740555,2.6193,2.6657,2.6116,2.6579,0.0618,2.38,0.57,53808193,,,17.1405,1.1728,3.6624,4.1049,9440736000,,,,,,,
2016-02-23,13136895,2.6502,2.6579,2.5807,2.6193,-0.0386,-1.45,0.48,44524239,,,16.8914,1.1558,3.6092,4.0452,9303516000,,,,,,,
2016-02-24,17122248,2.6116,2.6579,2.5884,2.6579,0.0386,1.47,0.62,58178750,,,17.1405,1.1728,3.6624,4.1049,9440736000,,,,,,,
2016-02-25,24124591,2.6579,2.6579,2.457,2.4725,-0.1854,-6.98,0.88,79918570,,,15.9447,1.091,3.4069,3.8185,8782080000,,,,,,,
2016-02-26,16143988,2.4957,2.5266,2.4493,2.5111,0.0386,1.56,0.59,52031352,,,16.1938,1.108,3.4601,3.8781,8919300000,,,,,,,
2016-02-29,15242620,2.5034,2.5034,2.403,2.4339,-0.0772,-3.07,0.56,47899999,,,15.6955,1.0739,3.3536,3.7588,8644860000,,,,,,,
2016-03-01,12568135,2.4493,2.5111,2.4261,2.488,0.0541,2.22,0.46,40061099,,,16.0443,1.0978,3.4282,3.8423,8836968000,,,,,,,
2016-03-02,27113028,2.4802,2.6811,2.4725,2.6657,0.1777,7.14,0.99,90056021,,,17.1903,1.1762,3.673,4.1168,9468180000,,,,,,,
2016-03-03,25045084,2.6193,2.6579,2.6039,2.6193,-0.0464,-1.74,0.91,85207980,,,16.8914,1.1558,3.6092,4.0452,9303516000,,,,,,,
2016-03-04,18558657,2.6039,2.627,2.5498,2.5884,-0.0309,-1.18,0.68,62260259,,,16.6921,1.1421,3.5666,3.9975,9193740000,,,,,,,
2016-03-07,19398007,2.6502,2.6657,2.6193,2.6425,0.0541,2.09,0.71,66169254,,,17.0409,1.166,3.6411,4.081,9385848000,,,,,,,
2016-03-08,18818813,2.6348,2.6348,2.5652,2.627,-0.0155,-0.59,0.69,63160849,,,16.9412,1.1592,3.6198,4.0571,9330960000,,,,,,,
2016-03-09,10380919,2.5807,2.6039,2.5652,2.5884,-0.0386,-1.47,0.38,34690298,,,16.6921,1.1421,3.5666,3.9975,9193740000,,,,,,,
2016-03-10,8182593,2.5807,2.5961,2.5498,2.5498,-0.0386,-1.49,0.3,27256228,,,16.4429,1.1251,3.5133,3.9378,9056520000,,,,,,,
2016-03-11,8106085,2.542,2.5575,2.5189,2.5498,0,0,0.3,26649494,,,16.4429,1.1251,3.5133,3.9378,9056520000,,,,,,,
2016-03-14,18280286,2.5729,2.6348,2.5498,2.6039,0.0541,2.12,0.67,61568884,,,16.7917,1.149,3.5879,4.0213,9248628000,,,,,,,
2016-03-15,11764887,2.6039,2.6039,2.5652,2.5884,-0.0155,-0.6,0.43,39336836,,,16.6921,1.1421,3.5666,3.9975,9193740000,,,,,,,
2016-03-16,10337482,2.5884,2.6039,2.5652,2.5729,-0.0155,-0.6,0.38,34499121,,,16.5924,1.1353,3.5453,3.9736,9138852000,,,,,,,
2016-03-17,17516614,2.5807,2.627,2.5729,2.6116,0.0387,1.5,0.64,59032171,,,16.8415,1.1524,3.5985,4.0333,9276072000,,,,,,,
2016-03-18,27759409,2.6193,2.6657,2.6039,2.6579,0.0463,1.77,1.01,94983688,,,17.1405,1.1728,3.6624,4.1049,9440736000,,,,,,,
2016-03-21,26845565,2.6888,2.7043,2.6579,2.6888,0.0309,1.16,0.98,93281515,,,17.3398,1.1865,3.705,4.1526,9550512000,,,,,,,
2016-03-22,16859586,2.6734,2.6888,2.6502,2.6657,-0.0231,-0.86,0.61,58251125,,,17.1903,1.1762,3.673,4.1168,9468180000,,,,,,,
2016-03-23,11227039,2.6579,2.6734,2.6502,2.6579,-0.0078,-0.29,0.41,38646481,,,17.1405,1.1728,3.6624,4.1049,9440736000,,,,,,,
2016-03-24,13257465,2.6502,2.6579,2.627,2.6348,-0.0231,-0.87,0.48,45346003,,,16.991,1.1626,3.6304,4.0691,9358404000,,,,,,,
2016-03-25,10433290,2.6348,2.6579,2.6193,2.6502,0.0154,0.58,0.38,35637475,,,17.0907,1.1694,3.6517,4.0929,9413292000,,,,,,,
2016-03-28,12268102,2.6579,2.6811,2.627,2.6425,-0.0077,-0.29,0.45,42172880,,,17.0409,1.166,3.6411,4.081,9385848000,,,,,,,
2016-03-29,12614771,2.6348,2.6425,2.5807,2.6039,-0.0386,-1.46,0.46,42620038,,,16.7917,1.149,3.5879,4.0213,9248628000,,,,,,,
2016-03-30,14139173,2.6116,2.6657,2.6116,2.6579,0.054,2.07,0.52,48367316,,,17.1405,1.1728,3.6624,4.1049,9440736000,,,,,,,
2016-03-31,21577082,2.6657,2.6966,2.6502,2.6811,0.0232,0.87,0.79,74701871,,,16.8647,1.1584,3.7137,5.3884,9523068000,,,,,,,
2016-04-01,18995640,2.6579,2.712,2.6348,2.6888,0.0077,0.29,0.69,65823238,,,16.9133,1.1617,3.7245,5.404,9550512000,,,,,,,
2016-04-05,23830054,2.6811,2.7352,2.6579,2.7275,0.0387,1.44,0.87,83433787,,,17.1563,1.1784,3.778,5.4816,9687732000,,,,,,,
2016-04-06,41244163,2.712,2.8279,2.6888,2.7661,0.0386,1.42,1.5,147145830,,,17.3993,1.1951,3.8315,5.5592,9824952000,,,,,,,
2016-04-07,25992613,2.7584,2.7584,2.6888,2.6966,-0.0695,-2.51,0.95,91463195,,,16.9619,1.1651,3.7352,5.4195,9577956000,,,,,,,
2016-04-08,12162141,2.6966,2.6966,2.6425,2.6657,-0.0309,-1.15,0.44,41975334,,,16.7675,1.1517,3.6923,5.3574,9468180000,,,,,,,
2016-04-11,15878680,2.6966,2.7275,2.6888,2.7198,0.0541,2.03,0.58,55817494,,,17.1077,1.1751,3.7673,5.4661,9660288000,,,,,,,
2016-04-12,17228069,2.7198,2.7584,2.6888,2.7352,0.0154,0.57,0.63,60832963,,,17.2049,1.1817,3.7887,5.4971,9715176000,,,,,,,
2016-04-13,26621215,2.7352,2.7893,2.7275,2.7661,0.0309,1.13,0.97,95303158,,,17.3993,1.1951,3.8315,5.5592,9824952000,,,,,,,
2016-04-14,12965630,2.7661,2.7738,2.7429,2.7738,0.0077,0.28,0.47,46273521,,,17.4479,1.1984,3.8422,5.5748,9852396000,,,,,,,
2016-04-15,13004090,2.7584,2.7738,2.7429,2.7584,-0.0154,-0.56,0.47,46369386,,,17.3507,1.1918,3.8208,5.5437,9797508000,,,,,,,
2016-04-18,10149780,2.7429,2.7507,2.712,2.7198,-0.0386,-1.4,0.37,35809748,,,17.1077,1.1751,3.7673,5.4661,9660288000,,,,,,,
2016-04-19,9229937,2.7352,2.7429,2.7043,2.7275,0.0077,0.28,0.34,32501858,,,17.1563,1.1784,3.778,5.4816,9687732000,,,,,,,
2016-04-20,18991946,2.7352,2.7352,2.5961,2.6193,-0.1082,-3.97,0.69,65262086,,,16.4759,1.1317,3.6281,5.2642,9303516000,,,,,,,
2016-04-21,9420694,2.627,2.6579,2.6039,2.627,0.0077,0.29,0.34,32141032,,,16.5245,1.135,3.6388,5.2797,9330960000,,,,,,,
2016-04-22,7526090,2.6116,2.6348,2.5961,2.6348,0.0078,0.3,0.27,25483130,,,16.5731,1.1384,3.6495,5.2953,9358404000,,,,,,,
2016-04-25,11610999,2.627,2.627,2.5575,2.5961,-0.0387,-1.47,0.42,38932567,,,16.3301,1.1217,3.596,5.2176,9221184000,,,,,,,
2016-04-26,6005097,2.6039,2.6193,2.5807,2.6116,0.0155,0.6,0.22,20219013,,,16.4273,1.1283,3.6174,5.2487,9276072000,,,,,,,
2016-04-27,6881380,2.6193,2.627,2.5961,2.6039,-0.0077,-0.29,0.25,23258132,,,16.3787,1.125,3.6067,5.2331,9248628000,,,,,,,
2016-04-28,8778682,2.6039,2.6116,2.5652,2.5884,-0.0155,-0.6,0.32,29352249,,,16.2815,1.1183,3.5853,5.2021,9193740000,,,,,,,
2016-04-29,4068053,2.5807,2.6039,2.5729,2.5884,0,0,0.15,13636148,,,16.2815,1.1183,3.5853,5.2021,9193740000,,,,,,,
2016-05-03,11823035,2.6039,2.6425,2.5884,2.6425,0.0541,2.09,0.43,40185981,,,16.6217,1.1417,3.6602,5.3108,9385848000,,,,,,,
2016-05-04,9690827,2.6348,2.6502,2.6193,2.6425,0,0,0.35,33061131,,,16.6217,1.1417,3.6602,5.3108,9385848000,,,,,,,
2016-05-05,8451337,2.6348,2.6425,2.6193,2.6425,0,0,0.31,28813609,,,16.6217,1.1417,3.6602,5.3108,9385848000,,,,,,,
2016-05-06,13869614,2.6348,2.6502,2.5729,2.5807,-0.0618,-2.34,0.51,46809491,,,16.2329,1.115,3.5746,5.1866,9166296000,,,,,,,
2016-05-09,11713628,2.5884,2.5884,2.4957,2.4957,-0.085,-3.29,0.43,38353136,,,15.6983,1.0783,3.4569,5.0157,8864412000,,,,,,,
2016-05-10,6910552,2.5111,2.5266,2.4957,2.5111,0.0154,0.62,0.25,22430210,,,15.7955,1.0849,3.4783,5.0468,8919300000,,,,,,,
2016-05-11,9001333,2.5111,2.5343,2.4957,2.5111,0,0,0.33,29307493,,,15.7955,1.0849,3.4783,5.0468,8919300000,,,,,,,
2016-05-12,10595242,2.4957,2.5034,2.457,2.5034,-0.0077,-0.31,0.39,34031026,,,15.7469,1.0816,3.4676,5.0313,8891856000,,,,,,,
2016-05-13,8464350,2.488,2.5111,2.4802,2.4957,-0.0077,-0.31,0.31,27311065,,,15.6983,1.0783,3.4569,5.0157,8864412000,,,,,,,
2016-05-16,7949442,2.4802,2.5034,2.4648,2.5034,0.0077,0.31,0.29,25591935,,,15.7469,1.0816,3.4676,5.0313,8891856000,,,,,,,
2016-05-17,5714940,2.4957,2.5034,2.4725,2.488,-0.0154,-0.62,0.21,18396981,,,15.6497,1.0749,3.4462,5.0002,8836968000,,,,,,,
2016-05-18,11067550,2.4802,2.4802,2.4107,2.4416,-0.0464,-1.86,0.4,35015434,,,15.3581,1.0549,3.382,4.907,8672304000,,,,,,,
2016-05-19,5658940,2.4416,2.4648,2.4339,2.457,0.0154,0.63,0.21,17966112,,,15.4553,1.0616,3.4034,4.9381,8727192000,,,,,,,
2016-05-20,6249239,2.4493,2.4725,2.4339,2.4648,0.0078,0.32,0.23,19831061,,,15.5039,1.0649,3.4141,4.9536,8754636000,,,,,,,
2016-05-23,5351274,2.4648,2.4802,2.4493,2.4725,0.0077,0.31,0.2,17108713,,,15.5525,1.0682,3.4248,4.9692,8782080000,,,,,,,
2016-05-24,4423881,2.4725,2.4802,2.4416,2.4493,-0.0232,-0.94,0.16,14036679,,,15.4067,1.0582,3.3927,4.9226,8699748000,,,,,,,
2016-05-25,4204286,2.457,2.4648,2.4416,2.4493,0,0,0.15,13349791,,,15.4067,1.0582,3.3927,4.9226,8699748000,,,,,,,
2016-05-26,6606087,2.4416,2.457,2.4184,2.4493,0,0,0.24,20800861,,,15.4067,1.0582,3.3927,4.9226,8699748000,,,,,,,
2016-05-27,6764290,2.4416,2.457,2.4261,2.4416,-0.0077,-0.31,0.25,21379086,,,15.3581,1.0549,3.382,4.907,8672304000,,,,,,,
2016-05-30,7137758,2.4339,2.4648,2.4261,2.4416,0,0,0.26,22575016,,,15.3581,1.0549,3.382,4.907,8672304000,,,,,,,
2016-05-31,18344336,2.4416,2.5266,2.4339,2.5189,0.0773,3.17,0.67,59251427,,,15.8441,1.0883,3.489,5.0623,8946744000,,,,,,,
2016-06-01,12996187,2.5111,2.5266,2.5111,2.5189,0,0,0.47,42372160,,,15.8441,1.0883,3.489,5.0623,8946744000,,,,,,,
2016-06-02,8000678,2.5111,2.5266,2.5034,2.5266,0.0077,0.31,0.29,26046371,,,15.8927,1.0916,3.4997,5.0779,8974188000,,,,,,,
2016-06-03,8957098,2.5189,2.542,2.5111,2.542,0.0154,0.61,0.33,29307836,,,15.9899,1.0983,3.5211,5.1089,9029076000,,,,,,,
2016-06-06,26416115,2.5498,2.6579,2.5343,2.5884,0.0464,1.83,0.96,88866970,,,16.2815,1.1183,3.5853,5.2021,9193740000,,,,,,,
2016-06-07,14147121,2.5807,2.5884,2.542,2.5807,-0.0077,-0.3,0.52,46945246,,,16.2329,1.115,3.5746,5.1866,9166296000,,,,,,,
2016-06-08,9119640,2.5728,2.5808,2.5409,2.5489,-0.0318,-1.23,0.33,29277891,,,15.5525,1.1051,3.4248,4.9692,8782080000,,,,,,,
2016-06-13,12000257,2.533,2.533,2.4772,2.4852,-0.0637,-2.5,0.44,37840250,,,15.1637,1.0775,3.3392,4.8449,8562528000,,,,,,,
2016-06-14,6716669,2.4852,2.5011,2.4772,2.4931,0.0079,0.32,0.24,20988881,,,15.2123,1.081,3.3499,4.8605,8589972000,,,,,,,
2016-06-15,8692745,2.4772,2.5409,2.4692,2.525,0.0319,1.28,0.32,27452226,,,15.4067,1.0948,3.3927,4.9226,8699748000,,,,,,,
2016-06-16,7792680,2.517,2.525,2.4931,2.5011,-0.0239,-0.95,0.28,24546880,,,15.2609,1.0844,3.3606,4.876,8617416000,,,,,,,
2016-06-17,7576809,2.5011,2.5409,2.5011,2.517,0.0159,0.64,0.28,23975905,,,15.3581,1.0913,3.382,4.907,8672304000,,,,,,,
2016-06-20,5798450,2.517,2.533,2.5011,2.525,0.008,0.32,0.21,18333152,,,15.4067,1.0948,3.3927,4.9226,8699748000,,,,,,,
2016-06-21,10003498,2.525,2.5489,2.5091,2.517,-0.008,-0.32,0.36,31761111,,,15.3581,1.0913,3.382,4.907,8672304000,,,,,,,
2016-06-22,7190040,2.525,2.5409,2.5091,2.5409,0.0239,0.95,0.26,22799646,,,15.5039,1.1017,3.4141,4.9536,8754636000,,,,,,,
2016-06-23,5915792,2.5409,2.5409,2.5091,2.525,-0.0159,-0.63,0.22,18724115,,,15.4067,1.0948,3.3927,4.9226,8699748000,,,,,,,
2016-06-24,9746522,2.525,2.533,2.4852,2.5011,-0.0239,-0.95,0.36,30639857,,,15.2609,1.0844,3.3606,4.876,8617416000,,,,,,,
2016-06-27,8626599,2.4931,2.525,2.4852,2.517,0.0159,0.64,0.31,27189315,,,15.3581,1.0913,3.382,4.907,8672304000,,,,,,,
2016-06-28,8382790,2.5091,2.533,2.5011,2.533,0.016,0.64,0.31,26505643,,,15.4553,1.0982,3.4034,4.9381,8727192000,,,,,,,
2016-06-29,11136425,2.5409,2.5489,2.525,2.5409,0.0079,0.31,0.41,35449070,,,15.5039,1.1017,3.4141,4.9536,8754636000,,,,,,,
2016-06-30,8271554,2.533,2.5409,2.517,2.525,-0.0159,-0.63,0.3,26279526,,,15.1777,1.0716,3.4362,4.9299,8699748000,,,,,,,
2016-07-01,8043013,2.525,2.5409,2.525,2.533,0.008,0.32,0.29,25565309,,,15.2256,1.075,3.447,4.9455,8727192000,,,,,,,
2016-07-04,18565872,2.525,2.5728,2.517,2.5648,0.0318,1.26,0.68,59534126,,,15.4171,1.0885,3.4904,5.0077,8836968000,,,,,,,
2016-07-05,15284285,2.5569,2.5887,2.5489,2.5887,0.0239,0.93,0.56,49425921,,,15.5608,1.0987,3.5229,5.0543,8919300000,,,,,,,
2016-07-06,11042111,2.5728,2.5887,2.5648,2.5808,-0.0079,-0.31,0.4,35718030,,,15.5129,1.0953,3.5121,5.0388,8891856000,,,,,,,
2016-07-07,17269276,2.5808,2.6126,2.5728,2.6126,0.0318,1.23,0.63,56227783,,,15.7044,1.1088,3.5554,5.101,9001632000,,,,,,,
2016-07-08,10545523,2.6047,2.6126,2.5808,2.5967,-0.0159,-0.61,0.38,34357824,,,15.6086,1.1021,3.5337,5.0699,8946744000,,,,,,,
2016-07-11,12739318,2.5887,2.6206,2.5808,2.5967,0,0,0.46,41609740,,,15.6086,1.1021,3.5337,5.0699,8946744000,,,,,,,
2016-07-12,21680418,2.5887,2.6445,2.5887,2.6445,0.0478,1.84,0.79,71271701,,,15.8959,1.1223,3.5988,5.1632,9111408000,,,,,,,
2016-07-13,23261799,2.6445,2.6763,2.6445,2.6604,0.0159,0.6,0.85,77735904,,,15.9917,1.1291,3.6205,5.1943,9166296000,,,,,,,
2016-07-14,13963992,2.6525,2.6923,2.6445,2.6843,0.0239,0.9,0.51,46760521,,,16.1353,1.1393,3.653,5.2409,9248628000,,,,,,,
2016-07-15,11638481,2.7002,2.7002,2.6445,2.6604,-0.0239,-0.89,0.42,38995361,,,15.9917,1.1291,3.6205,5.1943,9166296000,,,,,,,
2016-07-18,12483771,2.6525,2.6604,2.6206,2.6365,-0.0239,-0.9,0.45,41405849,,,15.848,1.119,3.5879,5.1476,9083964000,,,,,,,
2016-07-19,10226377,2.6286,2.6525,2.6126,2.6365,0,0,0.37,33745393,,,15.848,1.119,3.5879,5.1476,9083964000,,,,,,,
2016-07-20,6894791,2.6365,2.6445,2.6126,2.6286,-0.0079,-0.3,0.25,22795946,,,15.8002,1.1156,3.5771,5.1321,9056520000,,,,,,,
2016-07-21,12246573,2.6206,2.6684,2.6206,2.6525,0.0239,0.91,0.45,40731136,,,15.9438,1.1257,3.6096,5.1787,9138852000,,,,,,,
2016-07-22,8103205,2.6445,2.6525,2.6047,2.6126,-0.0399,-1.5,0.3,26735082,,,15.7044,1.1088,3.5554,5.101,9001632000,,,,,,,
2016-07-25,5289954,2.6047,2.6365,2.6047,2.6206,0.008,0.31,0.19,17419269,,,15.7523,1.1122,3.5663,5.1165,9029076000,,,,,,,
2016-07-26,6333110,2.6206,2.6445,2.6206,2.6445,0.0239,0.91,0.23,20943939,,,15.8959,1.1223,3.5988,5.1632,9111408000,,,,,,,
2016-07-27,18600963,2.6365,2.6684,2.5648,2.5887,-0.0558,-2.11,0.68,61092607,,,15.5608,1.0987,3.5229,5.0543,8919300000,,,,,,,
2016-07-28,20907933,2.5808,2.6525,2.5808,2.6445,0.0558,2.16,0.76,68776026,,,15.8959,1.1223,3.5988,5.1632,9111408000,,,,,,,
2016-07-29,33601837,2.6604,2.7002,2.6365,2.6365,-0.008,-0.3,1.22,112748609,,,15.848,1.119,3.5879,5.1476,9083964000,,,,,,,
2016-08-01,22553142,2.6286,2.6365,2.5569,2.5967,-0.0398,-1.51,0.82,73255292,,,15.6086,1.1021,3.5337,5.0699,8946744000,,,,,,,
2016-08-02,9428806,2.5887,2.5967,2.5728,2.5967,0,0,0.34,30587201,,,15.6086,1.1021,3.5337,5.0699,8946744000,,,,,,,
2016-08-03,11104055,2.5887,2.6126,2.5808,2.6047,0.008,0.31,0.4,36239891,,,15.6565,1.1054,3.5446,5.0854,8974188000,,,,,,,
2016-08-04,17218245,2.5967,2.6365,2.5887,2.6286,0.0239,0.92,0.63,56511247,,,15.8002,1.1156,3.5771,5.1321,9056520000,,,,,,,
2016-08-05,12500295,2.6286,2.6365,2.6047,2.6126,-0.016,-0.61,0.46,41047458,,,15.7044,1.1088,3.5554,5.101,9001632000,,,,,,,
2016-08-08,12802656,2.6126,2.6365,2.5967,2.6286,0.016,0.61,0.47,42018954,,,15.8002,1.1156,3.5771,5.1321,9056520000,,,,,,,
2016-08-09,14442830,2.6206,2.6525,2.6206,2.6445,0.0159,0.6,0.53,47860181,,,15.8959,1.1223,3.5988,5.1632,9111408000,,,,,,,
2016-08-10,13930416,2.6365,2.6684,2.6365,2.6445,0,0,0.51,46338549,,,15.8959,1.1223,3.5988,5.1632,9111408000,,,,,,,
2016-08-11,10219279,2.6445,2.6525,2.6206,2.6286,-0.0159,-0.6,0.37,33792358,,,15.8002,1.1156,3.5771,5.1321,9056520000,,,,,,,
2016-08-12,18219782,2.6206,2.6684,2.6126,2.6684,0.0398,1.51,0.66,60500920,,,16.0395,1.1325,3.6313,5.2098,9193740000,,,,,,,
2016-08-15,39150170,2.6684,2.7321,2.6604,2.7241,0.0557,2.09,1.43,132976969,,,16.3747,1.1562,3.7072,5.3187,9385848000,,,,,,,
2016-08-16,21915995,2.7241,2.7401,2.7002,2.7082,-0.0159,-0.58,0.8,74665927,,,16.2789,1.1494,3.6855,5.2876,9330960000,,,,,,,
2016-08-17,12591187,2.7082,2.7082,2.6923,2.7002,-0.008,-0.3,0.46,42661269,,,16.2311,1.146,3.6747,5.272,9303516000,,,,,,,
2016-08-18,17397909,2.7002,2.7162,2.6923,2.7002,0,0,0.63,59016062,,,16.2311,1.146,3.6747,5.272,9303516000,,,,,,,
2016-08-19,21271442,2.7002,2.7241,2.6923,2.7162,0.016,0.59,0.78,72296894,,,16.3268,1.1528,3.6963,5.3031,9358404000,,,,,,,
2016-08-22,15582190,2.7082,2.7162,2.6843,2.6843,-0.0319,-1.17,0.57,52832546,,,16.1353,1.1393,3.653,5.2409,9248628000,,,,,,,
2016-08-23,20608539,2.6843,2.7002,2.6763,2.6923,0.008,0.3,0.75,69516673,,,16.1832,1.1426,3.6638,5.2565,9276072000,,,,,,,
2016-08-24,11609442,2.6923,2.7002,2.6684,2.6763,-0.016,-0.59,0.42,39152403,,,16.0874,1.1359,3.6421,5.2254,9221184000,,,,,,,
2016-08-25,14555304,2.6684,2.6763,2.6286,2.6525,-0.0238,-0.89,0.53,48380218,,,15.9438,1.1257,3.6096,5.1787,9138852000,,,,,,,
2016-08-26,9054808,2.6525,2.6763,2.6445,2.6525,0,0,0.33,30245980,,,15.9438,1.1257,3.6096,5.1787,9138852000,,,,,,,
2016-08-29,8362227,2.6445,2.6684,2.6445,2.6684,0.0159,0.6,0.3,27932322,,,16.0395,1.1325,3.6313,5.2098,9193740000,,,,,,,
2016-08-30,7796874,2.6684,2.6843,2.6604,2.6763,0.0079,0.3,0.28,26147568,,,16.0874,1.1359,3.6421,5.2254,9221184000,,,,,,,
2016-08-31,15077869,2.6684,2.7002,2.6604,2.6923,0.016,0.6,0.55,50716587,,,16.1832,1.1426,3.6638,5.2565,9276072000,,,,,,,
2016-09-01,11000279,2.6843,2.6923,2.6525,2.6604,-0.0319,-1.18,0.4,36891829,,,15.9917,1.1291,3.6205,5.1943,9166296000,,,,,,,
2016-09-02,7377056,2.6525,2.6763,2.6525,2.6684,0.008,0.3,0.27,24658368,,,16.0395,1.1325,3.6313,5.2098,9193740000,,,,,,,
2016-09-05,7547136,2.6684,2.6843,2.6604,2.6684,0,0,0.28,25284546,,,16.0395,1.1325,3.6313,5.2098,9193740000,,,,,,,
2016-09-06,11339537,2.6684,2.6843,2.6445,2.6763,0.0079,0.3,0.41,37958224,,,16.0874,1.1359,3.6421,5.2254,9221184000,,,,,,,
2016-09-07,14793830,2.6763,2.7002,2.6763,2.6763,0,0,0.54,49877901,,,16.0874,1.1359,3.6421,5.2254,9221184000,,,,,,,
2016-09-08,8517399,2.6763,2.6843,2.6684,2.6843,0.008,0.3,0.31,28616162,,,16.1353,1.1393,3.653,5.2409,9248628000,,,,,,,
2016-09-09,7781707,2.6763,2.6843,2.6684,2.6684,-0.0159,-0.59,0.28,26128057,,,16.0395,1.1325,3.6313,5.2098,9193740000,,,,,,,
2016-09-12,17798236,2.6445,2.6445,2.6206,2.6286,-0.0398,-1.49,0.65,58790125,,,15.8002,1.1156,3.5771,5.1321,9056520000,,,,,,,
2016-09-13,4989492,2.6365,2.6445,2.6286,2.6445,0.0159,0.6,0.18,16502609,,,15.8959,1.1223,3.5988,5.1632,9111408000,,,,,,,
2016-09-14,6499399,2.6286,2.6365,2.6126,2.6286,-0.0159,-0.6,0.24,21433830,,,15.8002,1.1156,3.5771,5.1321,9056520000,,,,,,,
2016-09-19,7109373,2.6286,2.6445,2.6206,2.6365,0.0079,0.3,0.26,23499141,,,15.848,1.119,3.5879,5.1476,9083964000,,,,,,,
2016-09-20,6471216,2.6286,2.6445,2.6286,2.6445,0.008,0.3,0.24,21397437,,,15.8959,1.1223,3.5988,5.1632,9111408000,,,,,,,
2016-09-21,6577652,2.6365,2.6525,2.6286,2.6445,0,0,0.24,21808255,,,15.8959,1.1223,3.5988,5.1632,9111408000,,,,,,,
2016-09-22,10287600,2.6445,2.6604,2.6365,2.6445,0,0,0.37,34231994,,,15.8959,1.1223,3.5988,5.1632,9111408000,,,,,,,
2016-09-23,14278751,2.6604,2.6763,2.6525,2.6525,0.008,0.3,0.52,47724426,,,15.9438,1.1257,3.6096,5.1787,9138852000,,,,,,,
2016-09-26,12321080,2.6445,2.6604,2.6206,2.6286,-0.0239,-0.9,0.45,40917824,,,15.8002,1.1156,3.5771,5.1321,9056520000,,,,,,,
2016-09-27,9857874,2.6286,2.6445,2.6126,2.6365,0.0079,0.3,0.36,32531885,,,15.848,1.119,3.5879,5.1476,9083964000,,,,,,,
2016-09-28,6175143,2.6365,2.6445,2.6206,2.6445,0.008,0.3,0.22,20403204,,,15.8959,1.1223,3.5988,5.1632,9111408000,,,,,,,
2016-09-29,7871709,2.6365,2.6604,2.6286,2.6525,0.008,0.3,0.29,26152503,,,15.9438,1.1257,3.6096,5.1787,9138852000,,,,,,,
2016-09-30,3686840,2.6445,2.6525,2.6365,2.6525,0,0,0.13,12245348,,,14.8941,1.0993,3.6239,5.3061,9138852000,,,,,,,
2016-10-10,11473264,2.6525,2.6763,2.6445,2.6763,0.0238,0.9,0.42,38338116,,,15.0283,1.1092,3.6565,5.3539,9221184000,,,,,,,
2016-10-11,8261897,2.6684,2.6843,2.6604,2.6763,0,0,0.3,27731208,,,15.0283,1.1092,3.6565,5.3539,9221184000,,,,,,,
2016-10-12,7659358,2.6604,2.6763,2.6604,2.6763,0,0,0.28,25653125,,,15.0283,1.1092,3.6565,5.3539,9221184000,,,,,,,
2016-10-13,16550253,2.6763,2.7002,2.6684,2.6843,0.008,0.3,0.6,55750285,,,15.073,1.1125,3.6674,5.3698,9248628000,,,,,,,
2016-10-14,11466019,2.6843,2.6923,2.6604,2.6843,0,0,0.42,38510359,,,15.073,1.1125,3.6674,5.3698,9248628000,,,,,,,
2016-10-17,22449847,2.6763,2.7162,2.6763,2.6923,0.008,0.3,0.82,76140792,,,15.1178,1.1158,3.6783,5.3858,9276072000,,,,,,,
2016-10-18,18905655,2.6843,2.7401,2.6843,2.7241,0.0318,1.18,0.69,64397582,,,15.2967,1.129,3.7218,5.4495,9385848000,,,,,,,
2016-10-19,12496928,2.7321,2.7401,2.7002,2.7162,-0.0079,-0.29,0.46,42543336,,,15.252,1.1257,3.711,5.4336,9358404000,,,,,,,
2016-10-20,8620529,2.7082,2.7162,2.6923,2.7082,-0.008,-0.29,0.31,29244611,,,15.2072,1.1224,3.7001,5.4176,9330960000,,,,,,,
2016-10-21,12835184,2.7082,2.7162,2.6763,2.7082,0,0,0.47,43479372,,,15.2072,1.1224,3.7001,5.4176,9330960000,,,,,,,
2016-10-24,18697118,2.7002,2.7321,2.6923,2.7321,0.0239,0.88,0.68,63849348,,,15.3414,1.1323,3.7327,5.4654,9413292000,,,,,,,
2016-10-25,11676414,2.7241,2.7401,2.7162,2.7401,0.008,0.29,0.43,39983041,,,15.3861,1.1356,3.7436,5.4814,9440736000,,,,,,,
2016-10-26,8238507,2.7321,2.7401,2.7082,2.7162,-0.0239,-0.87,0.3,28153721,,,15.252,1.1257,3.711,5.4336,9358404000,,,,,,,
2016-10-27,6505625,2.7162,2.7241,2.7002,2.7162,0,0,0.24,22166546,,,15.252,1.1257,3.711,5.4336,9358404000,,,,,,,
2016-10-28,8659200,2.7162,2.7241,2.6923,2.7002,-0.016,-0.59,0.32,29441546,,,15.1625,1.1191,3.6892,5.4017,9303516000,,,,,,,
2016-10-31,7583926,2.6923,2.7082,2.6923,2.7082,0.008,0.3,0.28,25708950,,,15.2072,1.1224,3.7001,5.4176,9330960000,,,,,,,
2016-11-01,12513030,2.7002,2.7241,2.7002,2.7241,0.0159,0.59,0.46,42654017,,,15.2967,1.129,3.7218,5.4495,9385848000,,,,,,,
2016-11-02,16204550,2.7162,2.7401,2.7082,2.7241,0,0,0.59,55516058,,,15.2967,1.129,3.7218,5.4495,9385848000,,,,,,,
2016-11-03,22677429,2.7082,2.756,2.7082,2.7401,0.016,0.59,0.83,77986339,,,15.3861,1.1356,3.7436,5.4814,9440736000,,,,,,,
2016-11-04,15705418,2.7321,2.756,2.7321,2.748,0.0079,0.29,0.57,54151779,,,15.4309,1.1389,3.7545,5.4973,9468180000,,,,,,,
2016-11-07,22583296,2.748,2.7958,2.748,2.7799,0.0319,1.16,0.82,78749615,,,15.6098,1.1521,3.798,5.561,9577956000,,,,,,,
2016-11-08,17808578,2.7799,2.7958,2.756,2.7719,-0.008,-0.29,0.65,61998082,,,15.565,1.1488,3.7871,5.5451,9550512000,,,,,,,
2016-11-09,17347324,2.7719,2.7799,2.7162,2.748,-0.0239,-0.86,0.63,59722745,,,15.4309,1.1389,3.7545,5.4973,9468180000,,,,,,,
2016-11-10,20850919,2.756,2.7879,2.748,2.7799,0.0319,1.16,0.76,72411865,,,15.6098,1.1521,3.798,5.561,9577956000,,,,,,,
2016-11-11,21519529,2.7719,2.8118,2.764,2.8038,0.0239,0.86,0.78,75338860,,,15.744,1.162,3.8307,5.6088,9660288000,,,,,,,
2016-11-14,30113210,2.8038,2.8197,2.7879,2.8118,0.008,0.29,1.1,105889092,,,15.7887,1.1653,3.8416,5.6248,9687732000,,,,,,,
2016-11-15,17372303,2.8118,2.8118,2.7879,2.8118,0,0,0.63,61100663,,,15.7887,1.1653,3.8416,5.6248,9687732000,,,,,,,
2016-11-16,11716940,2.8038,2.8118,2.7958,2.8118,0,0,0.43,41250057,,,15.7887,1.1653,3.8416,5.6248,9687732000,,,,,,,
2016-11-17,16949972,2.8118,2.8357,2.7958,2.8277,0.0159,0.57,0.62,59902280,,,15.8781,1.1719,3.8633,5.6566,9742620000,,,,,,,
2016-11-18,23392238,2.8277,2.8595,2.8038,2.8118,-0.0159,-0.56,0.85,83357085,,,15.7887,1.1653,3.8416,5.6248,9687732000,,,,,,,
2016-11-21,32398115,2.8038,2.8914,2.7958,2.8675,0.0557,1.98,1.18,116231672,,,16.1018,1.1884,3.9177,5.7363,9879840000,,,,,,,
2016-11-22,17899723,2.8675,2.8755,2.8436,2.8755,0.008,0.28,0.65,64255025,,,16.1465,1.1917,3.9286,5.7522,9907284000,,,,,,,
2016-11-23,17807106,2.8755,2.8914,2.8357,2.8595,-0.016,-0.56,0.65,64098013,,,16.057,1.1851,3.9068,5.7204,9852396000,,,,,,,
2016-11-24,13639364,2.8516,2.8675,2.8436,2.8595,0,0,0.5,48932698,,,16.057,1.1851,3.9068,5.7204,9852396000,,,,,,,
2016-11-25,19120707,2.8595,2.8914,2.8118,2.8834,0.0239,0.84,0.7,68470155,,,16.1912,1.195,3.9395,5.7682,9934728000,,,,,,,
2016-11-28,26558167,2.8834,2.9472,2.8755,2.9233,0.0399,1.38,0.97,97147311,,,16.4149,1.2116,3.9939,5.8479,10071948000,,,,,,,
2016-11-29,18873433,2.9233,2.9233,2.8914,2.8994,-0.0239,-0.82,0.69,68926711,,,16.2807,1.2017,3.9613,5.8,9989616000,,,,,,,
2016-11-30,28042236,2.8914,2.8994,2.8197,2.8357,-0.0637,-2.2,1.02,100368126,,,15.9229,1.1752,3.8742,5.6726,9770064000,,,,,,,
2016-12-01,13275206,2.8357,2.8595,2.8357,2.8436,0.0079,0.28,0.48,47457167,,,15.9676,1.1785,3.8851,5.6885,9797508000,,,,,,,
2016-12-02,24469176,2.8516,2.8595,2.7879,2.7958,-0.0478,-1.68,0.89,86629411,,,15.6992,1.1587,3.8198,5.5929,9632844000,,,,,,,
2016-12-05,16368803,2.7719,2.8118,2.764,2.7799,-0.0159,-0.57,0.6,57216671,,,15.6098,1.1521,3.798,5.561,9577956000,,,,,,,
2016-12-06,17774714,2.7879,2.7958,2.756,2.7879,0.008,0.29,0.65,61974679,,,15.6545,1.1554,3.8089,5.577,9605400000,,,,,,,
2016-12-07,17363779,2.7799,2.8436,2.7719,2.8277,0.0398,1.43,0.63,61246896,,,15.8781,1.1719,3.8633,5.6566,9742620000,,,,,,,
2016-12-08,9100546,2.8277,2.8277,2.7879,2.7958,-0.0319,-1.13,0.33,32067707,,,15.6992,1.1587,3.8198,5.5929,9632844000,,,,,,,
2016-12-09,14701985,2.7958,2.8357,2.7879,2.8118,0.016,0.57,0.54,51889576,,,15.7887,1.1653,3.8416,5.6248,9687732000,,,,,,,
2016-12-12,26177221,2.8118,2.8277,2.7002,2.7082,-0.1036,-3.68,0.95,90548280,,,15.2072,1.1224,3.7001,5.4176,9330960000,5956533,,,,,,
2016-12-13,20736260,2.7162,2.7719,2.7002,2.756,0.0478,1.77,0.76,71404399,,,15.4756,1.1422,3.7654,5.5132,9495624000,7355373,,,,,,
2016-12-14,10220480,2.756,2.7719,2.7321,2.7321,-0.0239,-0.87,0.37,35293552,,,15.3414,1.1323,3.7327,5.4654,9413292000,7665250,,,,,,
2016-12-15,14492058,2.7321,2.756,2.7241,2.748,0.0159,0.58,0.53,49832853,,,15.4309,1.1389,3.7545,5.4973,9468180000,15369593,,,,,,
2016-12-16,9698627,2.748,2.764,2.7321,2.756,0.008,0.29,0.35,33530628,,,15.4756,1.1422,3.7654,5.5132,9495624000,16877584,,,,,,
2016-12-19,13317563,2.756,2.7719,2.7321,2.748,-0.008,-0.29,0.49,45976822,,,15.4309,1.1389,3.7545,5.4973,9468180000,21784728,,,,,,
2016-12-20,8855322,2.7401,2.748,2.7241,2.7321,-0.0159,-0.58,0.32,30423971,,,15.3414,1.1323,3.7327,5.4654,9413292000,16730729,,,,,,
2016-12-21,14143532,2.7321,2.7719,2.7321,2.7719,0.0398,1.46,0.52,48939253,,,15.565,1.1488,3.7871,5.5451,9550512000,18310028,,,,,,
2016-12-22,15407479,2.764,2.8038,2.756,2.7958,0.0239,0.86,0.56,53970339,,,15.6992,1.1587,3.8198,5.5929,9632844000,17862956,,,,,,
2016-12-23,8680306,2.7879,2.7958,2.748,2.756,-0.0398,-1.42,0.32,30182242,,,15.4756,1.1422,3.7654,5.5132,9495624000,21531905,,,,,,
2016-12-26,11189656,2.756,2.7719,2.7321,2.7719,0.0159,0.58,0.41,38644602,,,15.565,1.1488,3.7871,5.5451,9550512000,25787749,,,,,,
2016-12-27,9104258,2.756,2.7719,2.756,2.7719,0,0,0.33,31593493,,,15.565,1.1488,3.7871,5.5451,9550512000,25152532,,,,,,
2016-12-28,6608200,2.764,2.7719,2.748,2.756,-0.0159,-0.57,0.24,22893772,,,15.4756,1.1422,3.7654,5.5132,9495624000,25286057,,,,,,
2016-12-29,7973934,2.756,2.764,2.7401,2.748,-0.008,-0.29,0.29,27543708,,,15.4309,1.1389,3.7545,5.4973,9468180000,25680284,,,,,,
2016-12-30,7119139,2.748,2.764,2.7401,2.756,0.008,0.29,0.26,24617002,,,15.4756,1.1422,3.7654,5.5132,9495624000,20702301,,,,,,
2017-01-03,14004305,2.756,2.7879,2.748,2.7799,0.0239,0.87,0.51,48742689,,,14.2709,1.134,3.7886,5.2527,9577956000,20068016,,,,,,
2017-01-04,15510528,2.7879,2.8197,2.7719,2.8197,0.0398,1.43,0.57,54521074,,,14.4753,1.1502,3.8428,5.3279,9715176000,23974469,,,,,,
2017-01-05,14105084,2.8197,2.8436,2.8118,2.8197,0,0,0.51,50075580,,,14.4753,1.1502,3.8428,5.3279,9715176000,24754032,,,,,,
2017-01-06,9275026,2.8197,2.8197,2.8038,2.8197,0,0,0.34,32754636,,,14.4753,1.1502,3.8428,5.3279,9715176000,22707113,,,,,,
2017-01-09,13832709,2.8118,2.8436,2.8038,2.8357,0.016,0.57,0.5,49105335,,,14.5571,1.1567,3.8645,5.358,9770064000,22244680,,,,,,
2017-01-10,16954837,2.8277,2.8914,2.8197,2.8436,0.0079,0.28,0.62,60630680,,,14.598,1.16,3.8754,5.3731,9797508000,25202944,,,,,,
2017-01-11,12635500,2.8277,2.8436,2.7958,2.8038,-0.0398,-1.4,0.46,44722308,,,14.3936,1.1437,3.8211,5.2978,9660288000,24411572,,,,,,
2017-01-12,9390304,2.7958,2.8197,2.7879,2.7879,-0.0159,-0.57,0.34,33050620,,,14.3118,1.1372,3.7994,5.2677,9605400000,24074428,,,,,,
2017-01-13,9626866,2.7958,2.7958,2.756,2.7719,-0.016,-0.57,0.35,33594609,,,14.23,1.1307,3.7777,5.2376,9550512000,23988554,,,,,,
2017-01-16,16646695,2.7719,2.7719,2.6763,2.7241,-0.0478,-1.72,0.61,57027822,,,13.9847,1.1112,3.7126,5.1473,9385848000,26937131,,,,,,
2017-01-17,9301174,2.7241,2.748,2.7082,2.748,0.0239,0.88,0.34,31874156,,,14.1073,1.121,3.7451,5.1925,9468180000,28815887,,,,,,
2017-01-18,9542689,2.7321,2.756,2.7241,2.748,0,0,0.35,32855850,,,14.1073,1.121,3.7451,5.1925,9468180000,27903622,,,,,,
2017-01-19,16988819,2.7401,2.7799,2.7241,2.7719,0.0239,0.87,0.62,58840189,,,14.23,1.1307,3.7777,5.2376,9550512000,25533719,,,,,,
2017-01-20,10914321,2.7719,2.7879,2.756,2.7879,0.016,0.58,0.4,38066721,,,14.3118,1.1372,3.7994,5.2677,9605400000,28142025,,,,,,
2017-01-23,11249345,2.7799,2.8038,2.7799,2.7879,0,0,0.41,39428440,,,14.3118,1.1372,3.7994,5.2677,9605400000,29601513,,,,,,
2017-01-24,10586677,2.7879,2.8038,2.7799,2.7958,0.0079,0.28,0.39,37089004,,,14.3527,1.1405,3.8103,5.2828,9632844000,30961227,,,,,,
2017-01-25,8385130,2.7879,2.8038,2.7879,2.8038,0.008,0.29,0.31,29468017,,,14.3936,1.1437,3.8211,5.2978,9660288000,32546260,,,,,,
2017-01-26,8322056,2.8038,2.8118,2.7879,2.8038,0,0,0.3,29251023,,,14.3936,1.1437,3.8211,5.2978,9660288000,30064734,,,,,,
2017-02-03,11309170,2.7958,2.8038,2.7719,2.7879,-0.0159,-0.57,0.41,39523045,,,14.3118,1.1372,3.7994,5.2677,9605400000,29747253,,,,,,
2017-02-06,13154496,2.7799,2.8118,2.7719,2.8118,0.0239,0.86,0.48,46089831,,,14.4345,1.147,3.832,5.3129,9687732000,31907208,,,,,,
2017-02-07,9815797,2.8038,2.8118,2.7879,2.8118,0,0,0.36,34499859,,,14.4345,1.147,3.832,5.3129,9687732000,31736211,,,,,,
2017-02-08,14552294,2.8038,2.8197,2.7879,2.8197,0.0079,0.28,0.53,51243163,,,14.4753,1.1502,3.8428,5.3279,9715176000,32349868,,,,,,
2017-02-09,21013024,2.8197,2.8436,2.8118,2.8436,0.0239,0.85,0.77,74737265,,,14.598,1.16,3.8754,5.3731,9797508000,54179833,,,,,,
2017-02-10,34329859,2.8357,2.8834,2.8277,2.8755,0.0319,1.12,1.25,123561094,,,14.7616,1.173,3.9188,5.4333,9907284000,66357132,,,,,,
2017-02-13,30077526,2.8834,2.9073,2.8595,2.8994,0.0239,0.83,1.1,108655929,,,14.8842,1.1827,3.9514,5.4784,9989616000,68670200,,,,,,
2017-02-14,15236012,2.8914,2.8994,2.8675,2.8834,-0.016,-0.55,0.56,55088089,,,14.8025,1.1762,3.9297,5.4483,9934728000,75693533,,,,,,
2017-02-15,27532430,2.8755,2.9153,2.8595,2.8675,-0.0159,-0.55,1,99673317,,,14.7207,1.1697,3.908,5.4182,9879840000,71931281,,,,,,
2017-02-16,29037368,2.8595,2.9312,2.8595,2.9233,0.0558,1.95,1.06,105764607,,,15.0069,1.1925,3.984,5.5236,10071948000,69375048,,,,,,
2017-02-17,20895925,2.9153,2.9312,2.8755,2.8834,-0.0399,-1.36,0.76,76070921,,,14.8025,1.1762,3.9297,5.4483,9934728000,78173412,,,,,,
2017-02-20,32806024,2.8755,2.9631,2.8755,2.9631,0.0797,2.76,1.2,120886113,,,15.2114,1.2087,4.0382,5.5988,10209168000,89325977,,,,,,
2017-02-21,28868907,2.9551,2.987,2.9233,2.9551,-0.008,-0.27,1.05,106802175,,,15.1705,1.2055,4.0274,5.5838,10181724000,94122812,,,,,,
2017-02-22,56617663,2.9472,3.0826,2.9392,3.0189,0.0638,2.16,2.06,214245213,,,15.4976,1.2315,4.1142,5.7042,10401276000,112128599,,,,,,
2017-02-23,50154864,3.0826,3.0826,2.9392,2.9711,-0.0478,-1.58,1.83,188182427,,,15.2523,1.212,4.0491,5.6139,10236612000,112630613,,,,,,
2017-02-24,31289053,2.9392,2.979,2.9073,2.9631,-0.008,-0.27,1.14,115331260,,,15.2114,1.2087,4.0382,5.5988,10209168000,114862689,,,,,,
2017-02-27,20570950,2.9551,2.9631,2.8994,2.9073,-0.0558,-1.88,0.75,75589476,,,14.9251,1.186,3.9622,5.4935,10017060000,115798916,,,,,,
2017-02-28,10705501,2.9153,2.9312,2.9073,2.9233,0.016,0.55,0.39,39241604,,,15.0069,1.1925,3.984,5.5236,10071948000,116652582,,,,,,
2017-03-01,21843448,2.9153,2.9472,2.8994,2.9233,0,0,0.8,80241954,,,15.0069,1.1925,3.984,5.5236,10071948000,117713466,,,,,,
2017-03-02,14733486,2.9233,2.9392,2.8834,2.8914,-0.0319,-1.09,0.54,53770732,,,14.8434,1.1795,3.9405,5.4634,9962172000,113362438,,,,,,
2017-03-03,11239505,2.8834,2.8994,2.8675,2.8834,-0.008,-0.28,0.41,40654225,,,14.8025,1.1762,3.9297,5.4483,9934728000,116097229,,,,,,
2017-03-06,11645854,2.8834,2.9233,2.8755,2.9153,0.0319,1.11,0.42,42464502,,,14.966,1.1892,3.9731,5.5085,10044504000,109862752,,,,,,
2017-03-07,9019072,2.9073,2.9153,2.8994,2.9073,-0.008,-0.27,0.33,32927233,,,14.9251,1.186,3.9622,5.4935,10017060000,112347172,,,,,,
2017-03-08,13396559,2.9073,2.9073,2.8595,2.8755,-0.0318,-1.09,0.49,48525008,,,14.7616,1.173,3.9188,5.4333,9907284000,107487526,,,,,,
2017-03-09,15788927,2.8755,2.8755,2.8277,2.8357,-0.0398,-1.38,0.58,56437840,,,14.5571,1.1567,3.8645,5.358,9770064000,94944928,,,,,,
2017-03-10,7542087,2.8436,2.8516,2.8277,2.8436,0.0079,0.28,0.27,26926112,,,14.598,1.16,3.8754,5.3731,9797508000,93993207,,,,,,
2017-03-13,11722029,2.8436,2.8755,2.8277,2.8755,0.0319,1.12,0.43,42009355,,,14.7616,1.173,3.9188,5.4333,9907284000,95356384,,,,,,
2017-03-14,8599926,2.8595,2.8834,2.8516,2.8595,-0.016,-0.56,0.31,30939041,,,14.6798,1.1665,3.8971,5.4032,9852396000,93899498,,,,,,
2017-03-15,8222289,2.8516,2.8595,2.8357,2.8516,-0.0079,-0.28,0.3,29421322,,,14.6389,1.1632,3.8863,5.3881,9824952000,94296109,,,,,,
2017-03-16,17506864,2.8516,2.9073,2.8516,2.9073,0.0557,1.95,0.64,63496760,,,14.9251,1.186,3.9622,5.4935,10017060000,92721051,,,,,,
2017-03-17,18144563,2.8994,2.9153,2.8755,2.8755,-0.0318,-1.09,0.66,65993354,,,14.7616,1.173,3.9188,5.4333,9907284000,93679651,,,,,,
2017-03-20,10048608,2.8755,2.8994,2.8755,2.8994,0.0239,0.83,0.37,36401826,,,14.8842,1.1827,3.9514,5.4784,9989616000,93122839,,,,,,
2017-03-21,10053466,2.8994,2.9073,2.8834,2.9073,0.0079,0.27,0.37,36547726,,,14.9251,1.186,3.9622,5.4935,10017060000,95595684,,,,,,
2017-03-22,11680740,2.8994,2.8994,2.8595,2.8834,-0.0239,-0.82,0.43,42216873,,,14.8025,1.1762,3.9297,5.4483,9934728000,95523907,,,,,,
2017-03-23,13892210,2.8834,2.8994,2.8595,2.8914,0.008,0.28,0.51,50369896,,,14.8434,1.1795,3.9405,5.4634,9962172000,98346903,,,,,,
2017-03-24,27431227,2.8914,2.9472,2.8834,2.9392,0.0478,1.65,1,100729640,,,15.0887,1.199,4.0057,5.5537,10126836000,95376772,,,,,,
2017-03-27,25350232,2.9233,2.995,2.9233,2.9631,0.0239,0.81,0.92,94350202,,,15.2114,1.2087,4.0382,5.5988,10209168000,99083232,,,,,,
2017-03-28,15252166,2.9472,2.9551,2.9233,2.9392,-0.0239,-0.81,0.56,56228794,,,15.0887,1.199,4.0057,5.5537,10126836000,99501533,,,,,,
2017-03-29,153745923,2.9392,3.2339,2.9392,3.2339,0.2947,10.03,5.6,604388498,,,16.6017,1.3192,4.4073,6.1105,11142264000,152055220,,,,,,
2017-03-30,204660276,3.1861,3.3295,3.1224,3.1702,-0.0637,-1.97,7.46,825629168,,,16.2745,1.2932,4.3205,5.9901,10922712000,186182424,,,,,,
2017-03-31,92689036,3.1065,3.1304,2.9551,3.0666,-0.1036,-3.27,3.38,353063674,,,14.7827,1.2199,4.1956,5.2877,10565940000,170104722,,,,,,
2017-04-05,70710990,3.0428,3.1463,3.0029,3.1065,0.0399,1.3,2.58,271181277,,,14.9746,1.2357,4.2501,5.3564,10703160000,174965651,,,,,,
2017-04-06,78334048,3.0826,3.1622,3.0507,3.1144,0.0079,0.25,2.85,305670545,,,15.013,1.2389,4.261,5.3701,10730604000,185918823,,,,,,
2017-04-07,63590705,3.0746,3.0905,3.0189,3.0348,-0.0796,-2.56,2.32,243121791,,,14.6291,1.2072,4.152,5.2328,10456164000,181530676,,,,,,
2017-04-10,42114986,3.0268,3.0666,3.0189,3.0507,0.0159,0.52,1.53,160841768,,,14.7059,1.2136,4.1738,5.2602,10511052000,183090731,,,,,,
2017-04-11,74338938,3.0428,3.1543,2.995,3.1224,0.0717,2.35,2.71,286292917,,,15.0514,1.2421,4.2719,5.3838,10758048000,193867810,,,,,,
2017-04-12,90179525,3.1065,3.2817,3.0905,3.1383,0.0159,0.51,3.29,360911565,,,15.1282,1.2484,4.2937,5.4113,10812936000,177973641,,,,,,
2017-04-13,53168994,3.1065,3.1861,3.0746,3.1702,0.0319,1.02,1.94,209236281,,,15.2818,1.2611,4.3373,5.4662,10922712000,173752010,,,,,,
2017-04-14,37609235,3.1543,3.1702,3.0985,3.0985,-0.0717,-2.26,1.37,147518213,,,14.9363,1.2326,4.2392,5.3426,10675716000,178697680,,,,,,
2017-04-17,29006013,3.1224,3.1463,3.0826,3.1065,0.008,0.26,1.06,113439647,,,14.9746,1.2357,4.2501,5.3564,10703160000,187286809,,,,,,
2017-04-18,30710071,3.1065,3.1144,3.0268,3.0507,-0.0558,-1.8,1.12,118624268,,,14.7059,1.2136,4.1738,5.2602,10511052000,189168482,,,,,,
2017-04-19,44927418,3.0348,3.1463,3.0029,3.0826,0.0319,1.05,1.64,173479302,,,14.8595,1.2262,4.2174,5.3152,10620828000,185431311,,,,,,
2017-04-20,26170937,3.0587,3.1224,3.0109,3.0587,-0.0239,-0.78,0.95,100537307,,,14.7443,1.2167,4.1847,5.274,10538496000,183516205,,,,,,
2017-04-21,14162874,3.0587,3.0746,3.0268,3.0428,-0.0159,-0.52,0.52,54147251,,,14.6675,1.2104,4.1629,5.2465,10483608000,179764677,,,,,,
2017-04-24,27067498,3.0348,3.0428,2.9472,2.9631,-0.0797,-2.62,0.99,101275954,,,14.2835,1.1787,4.054,5.1092,10209168000,171166597,,,,,,
2017-04-25,17480880,2.9711,3.0029,2.9631,2.987,0.0239,0.81,0.64,65389740,,,14.3987,1.1882,4.0867,5.1504,10291500000,166379539,,,,,,
2017-04-26,22387985,2.979,3.0507,2.9711,3.0507,0.0637,2.13,0.82,84886889,,,14.7059,1.2136,4.1738,5.2602,10511052000,178839148,,,,,,
2017-04-27,29818695,3.0507,3.1065,2.995,3.0905,0.0398,1.3,1.09,114269789,,,14.8979,1.2294,4.2283,5.3289,10648272000,188877376,,,,,,
2017-04-28,15258072,3.0746,3.1065,3.0507,3.0905,0,0,0.56,59043030,,,14.8979,1.2294,4.2283,5.3289,10648272000,186420234,,,,,,
2017-05-02,25407479,3.0905,3.1622,3.0746,3.1144,0.0239,0.77,0.93,99547558,,,15.013,1.2389,4.261,5.3701,10730604000,192091958,,,,,,
2017-05-03,14238285,3.1224,3.1304,3.0905,3.1065,-0.0079,-0.25,0.52,55552265,,,14.9746,1.2357,4.2501,5.3564,10703160000,191897695,,,,,,
2017-05-04,17802053,3.0985,3.1065,3.0428,3.0587,-0.0478,-1.54,0.65,68672561,,,14.7443,1.2167,4.1847,5.274,10538496000,184308199,,,,,,
2017-05-05,14617796,3.0507,3.0666,3.0109,3.0109,-0.0478,-1.56,0.53,55660356,,,14.5139,1.1977,4.1194,5.1916,10373832000,185709799,,,,,,
2017-05-08,16688889,3.0029,3.0587,2.995,3.0189,0.008,0.27,0.61,63375950,,,14.5523,1.2009,4.1302,5.2053,10401276000,185936749,,,,,,
2017-05-09,15273327,3.0109,3.0746,2.995,3.0666,0.0477,1.58,0.56,58207944,,,14.7827,1.2199,4.1956,5.2877,10565940000,184750703,,,,,,
2017-05-10,15298828,3.0666,3.0826,3.0029,3.0109,-0.0557,-1.82,0.56,58482254,,,14.5139,1.1977,4.1194,5.1916,10373832000,182573304,,,,,,
2017-05-11,33511135,2.995,3.0985,2.995,3.0826,0.0717,2.38,1.22,128389554,,,14.8595,1.2262,4.2174,5.3152,10620828000,175313160,,,,,,
2017-05-12,32065764,3.0746,3.1304,3.0428,3.0985,0.0159,0.52,1.17,124195115,,,14.9363,1.2326,4.2392,5.3426,10675716000,168535143,,,,,,
2017-05-15,25237643,3.0985,3.1304,3.0826,3.0905,-0.008,-0.26,0.92,98489568,,,14.8979,1.2294,4.2283,5.3289,10648272000,170190450,,,,,,
2017-05-16,28179375,3.0746,3.1304,3.0268,3.1224,0.0319,1.03,1.03,108978348,,,15.0514,1.2421,4.2719,5.3838,10758048000,167994620,,,,,,
2017-05-17,28837803,3.1144,3.1383,3.0666,3.0826,-0.0398,-1.27,1.05,112255031,,,14.8595,1.2262,4.2174,5.3152,10620828000,172999905,,,,,,
2017-05-18,13358351,3.0666,3.0905,3.0507,3.0666,-0.016,-0.52,0.49,51437027,,,14.7827,1.2199,4.1956,5.2877,10565940000,174421990,,,,,,
2017-05-19,14182335,3.0587,3.0746,3.0428,3.0507,-0.0159,-0.52,0.52,54357445,,,14.7059,1.2136,4.1738,5.2602,10511052000,173923687,,,,,,
2017-05-22,32663300,3.0428,3.0507,2.9312,2.9392,-0.1115,-3.65,1.19,122790521,,,14.1683,1.1692,4.0213,5.068,10126836000,167027543,,,,,,
2017-05-23,25629083,2.9312,2.987,2.9233,2.979,0.0398,1.35,0.93,95458988,,,14.3603,1.185,4.0758,5.1366,10264056000,162966464,,,,,,
2017-05-24,11212201,2.9631,2.987,2.9312,2.979,0,0,0.41,41697967,,,14.3603,1.185,4.0758,5.1366,10264056000,164150097,,,,,,
2017-05-25,16204300,2.979,3.0189,2.9631,3.0109,0.0319,1.07,0.59,60947510,,,14.5139,1.1977,4.1194,5.1916,10373832000,141477285,,,,,,
2017-05-26,11275866,3.0189,3.0348,3.0029,3.0109,0,0,0.41,42758275,,,14.5139,1.1977,4.1194,5.1916,10373832000,138257507,,,,,,
2017-05-31,12245504,3.0268,3.0428,2.995,3.0029,-0.008,-0.27,0.45,46397407,,,14.4755,1.1945,4.1085,5.1778,10346388000,134743500,,,,,,
2017-06-01,9998585,3.0029,3.0109,2.9631,2.9711,-0.0318,-1.06,0.36,37453245,,,14.3219,1.1819,4.0649,5.1229,10236612000,134504695,,,,,,
2017-06-02,12730640,2.9711,3.0189,2.9472,3.0109,0.0398,1.34,0.46,47736332,,,14.5139,1.1977,4.1194,5.1916,10373832000,134825050,,,,,,
2017-06-05,13001129,3.0109,3.0428,3.0029,3.0189,0.008,0.27,0.47,49389155,,,14.5523,1.2009,4.1302,5.2053,10401276000,140498748,,,,,,
2017-06-06,14216502,3.0189,3.0666,3.0109,3.0507,0.0318,1.05,0.52,54218600,,,14.7059,1.2136,4.1738,5.2602,10511052000,153645447,,,,,,
2017-06-07,29349045,3.0507,3.0985,3.0428,3.0985,0.0478,1.57,1.07,113545007,,,14.9363,1.2326,4.2392,5.3426,10675716000,190702038,,,,,,
2017-06-08,10407048,3.0985,3.0985,3.0746,3.0826,-0.0159,-0.51,0.38,40305371,,,14.8595,1.2262,4.2174,5.3152,10620828000,187688829,,,,,,
2017-06-09,16831471,3.0826,3.1065,3.0746,3.0985,0.0159,0.52,0.61,65325550,,,14.9363,1.2326,4.2392,5.3426,10675716000,191394942,,,,,,
2017-06-12,23748118,3.0905,3.1622,3.0826,3.0985,0,0,0.87,93133426,,,14.9363,1.2326,4.2392,5.3426,10675716000,189614274,,,,,,
2017-06-13,14583362,3.0826,3.0985,3.0746,3.0826,-0.0159,-0.51,0.53,56497821,,,14.8595,1.2262,4.2174,5.3152,10620828000,196987615,,,,,,
2017-06-14,16807352,3.0826,3.1304,3.0826,3.1065,0.0239,0.78,0.61,65603755,,,14.9746,1.2357,4.2501,5.3564,10703160000,202004090,,,,,,
2017-06-15,10355110,3.0985,3.1224,3.0826,3.1065,0,0,0.38,40328941,,,14.9746,1.2357,4.2501,5.3564,10703160000,200915561,,,,,,
2017-06-16,23233842,3.0985,3.1782,3.0826,3.1224,0.0159,0.51,0.85,91132419,,,15.0514,1.2421,4.2719,5.3838,10758048000,201091033,,,,,,
2017-06-19,31513252,3.1144,3.1702,3.0985,3.1622,0.0398,1.27,1.15,124486364,,,15.2434,1.2579,4.3264,5.4525,10895268000,231105103,,,,,,
2017-06-20,22174342,3.1782,3.1941,3.1383,3.1463,-0.0159,-0.5,0.81,88061500,,,15.1666,1.2516,4.3046,5.425,10840380000,231777694,,,,,,
2017-06-21,15158721,3.1543,3.1702,3.1224,3.1543,0.008,0.25,0.55,59809641,,,15.205,1.2548,4.3155,5.4388,10867824000,225065791,,,,,,
2017-06-22,21840388,3.1622,3.1782,3.1224,3.1304,-0.0239,-0.76,0.8,86511217,,,15.0898,1.2452,4.2828,5.3976,10785492000,216739524,,,,,,
2017-06-23,24602998,3.1304,3.1383,3.0666,3.1144,-0.016,-0.51,0.9,95818462,,,15.013,1.2389,4.261,5.3701,10730604000,199508084,,,,,,
2017-06-26,29209446,3.1224,3.1861,3.1065,3.1782,0.0638,2.05,1.06,115736528,,,15.3202,1.2643,4.3482,5.48,10950156000,204357279,,,,,,
2017-06-27,38693676,3.1861,3.1861,3.1463,3.1702,-0.008,-0.25,1.41,153885367,,,15.2818,1.2611,4.3373,5.4662,10922712000,196939208,,,,,,
2017-06-28,24947450,3.1703,3.1869,3.1455,3.1455,-0.0247,-0.78,0.91,95367855,,,14.5907,1.2641,4.1411,5.219,10428720000,191817190,,,,,,
2017-06-29,13817302,3.1455,3.162,3.1289,3.1455,0,0,0.5,52422453,,,14.5907,1.2641,4.1411,5.219,10428720000,189596408,,,,,,
2017-06-30,9569018,3.1455,3.1537,3.1372,3.1537,0.0082,0.26,0.35,36347043,,,14.0869,1.2376,4.1521,5.8313,10456164000,186746718,,,,,,
2017-07-03,14209860,3.162,3.1703,3.1289,3.1703,0.0166,0.53,0.52,54130110,,,14.1608,1.2441,4.1739,5.8619,10511052000,180605488,,,,,,
2017-07-04,10405640,3.1703,3.1703,3.1455,3.1455,-0.0248,-0.78,0.38,39649616,,,14.0499,1.2343,4.1412,5.816,10428720000,177822548,,,,,,
2017-07-05,20122759,3.1455,3.1703,3.1289,3.162,0.0165,0.52,0.73,76573912,,,14.1238,1.2408,4.163,5.8466,10483608000,176023926,,,,,,
2017-07-06,32053417,3.1537,3.2034,3.1537,3.1951,0.0331,1.05,1.17,123225155,,,14.2717,1.2538,4.2066,5.9078,10593384000,182931393,,,,,,
2017-07-07,19234178,3.1786,3.1951,3.1537,3.1869,-0.0082,-0.26,0.7,73680550,,,14.2348,1.2506,4.1957,5.8925,10565940000,179536604,,,,,,
2017-07-10,22276300,3.1786,3.2117,3.1703,3.1951,0.0082,0.26,0.81,85800241,,,14.2717,1.2538,4.2066,5.9078,10593384000,180460681,,,,,,
2017-07-11,19570982,3.1951,3.2034,3.162,3.1703,-0.0248,-0.78,0.71,75350593,,,14.1608,1.2441,4.1739,5.8619,10511052000,182504007,,,,,,
2017-07-12,20337981,3.1703,3.1869,3.1289,3.1537,-0.0166,-0.52,0.74,77518601,,,14.0869,1.2376,4.1521,5.8313,10456164000,185115592,,,,,,
2017-07-13,25027929,3.162,3.2034,3.1455,3.2034,0.0497,1.58,0.91,96354662,,,14.3087,1.2571,4.2175,5.9231,10620828000,185170129,,,,,,
2017-07-14,21975895,3.1951,3.2365,3.1951,3.2117,0.0083,0.26,0.8,85419215,,,14.3457,1.2603,4.2284,5.9384,10648272000,177834439,,,,,,
2017-07-17,28182531,3.2034,3.2365,3.071,3.1289,-0.0828,-2.58,1.03,107680170,,,13.976,1.2279,4.1194,5.7854,10373832000,175600555,,,,,,
2017-07-18,13752253,3.1372,3.162,3.1289,3.1537,0.0248,0.79,0.5,52291126,,,14.0869,1.2376,4.1521,5.8313,10456164000,180628460,,,,,,
2017-07-19,55348636,3.1455,3.3359,3.1455,3.2779,0.1242,3.94,2.02,216955519,,,14.6415,1.2863,4.3156,6.0609,10867824000,176221211,,,,,,
2017-07-20,33715210,3.2779,3.3027,3.2531,3.2779,0,0,1.23,133437274,,,14.6415,1.2863,4.3156,6.0609,10867824000,179169606,,,,,,
2017-07-21,48663477,3.2614,3.369,3.2614,3.311,0.0331,1.01,1.77,195406202,,,14.7894,1.2993,4.3591,6.1221,10977600000,181569047,,,,,,
2017-07-24,243555414,3.3027,3.6421,3.3027,3.6173,0.3063,9.25,8.87,1056585220,,,16.1574,1.4195,4.7624,6.6884,11993028000,316066433,,,,,,
2017-07-25,166530587,3.5428,3.5428,3.369,3.4352,-0.1821,-5.03,6.07,693737241,,,15.344,1.348,4.5226,6.3517,11389260000,306346634,,,,,,
2017-07-26,93663641,3.4269,3.4683,3.3607,3.4269,-0.0083,-0.24,3.41,385781415,,,15.307,1.3448,4.5117,6.3364,11361816000,303581853,,,,,,
2017-07-27,75933732,3.4186,3.5097,3.3772,3.3938,-0.0331,-0.97,2.77,315365758,,,15.1591,1.3318,4.4681,6.2751,11252040000,296839595,,,,,,
2017-07-28,36121713,3.3772,3.4269,3.369,3.4104,0.0166,0.49,1.32,148219316,,,15.2331,1.3383,4.4899,6.3057,11306928000,289429624,,,,,,
2017-07-31,40228952,3.3938,3.4269,3.3772,3.4269,0.0165,0.48,1.47,165516108,,,15.307,1.3448,4.5117,6.3364,11361816000,289287481,,,,,,
2017-08-01,40482038,3.4269,3.4517,3.3938,3.4104,-0.0165,-0.48,1.48,167186889,,,15.2331,1.3383,4.4899,6.3057,11306928000,264227814,,,,,,
2017-08-02,45624604,3.4021,3.4517,3.3938,3.4435,0.0331,0.97,1.66,189114263,,,15.3809,1.3513,4.5335,6.367,11416704000,249874005,,,,,,
2017-08-03,39399847,3.4352,3.4517,3.3607,3.3772,-0.0663,-1.93,1.44,162123841,,,15.0852,1.3253,4.4463,6.2445,11197152000,235687282,,,,,,
2017-08-04,43844862,3.3772,3.46,3.3772,3.4269,0.0497,1.47,1.6,181394053,,,15.307,1.3448,4.5117,6.3364,11361816000,239199123,,,,,,
2017-08-07,23763529,3.4186,3.4352,3.3772,3.4352,0.0083,0.24,0.87,97597826,,,15.344,1.348,4.5226,6.3517,11389260000,234214542,,,,,,
2017-08-08,24682639,3.4186,3.4435,3.4104,3.4186,-0.0166,-0.48,0.9,102141807,,,15.27,1.3415,4.5008,6.321,11334372000,236826153,,,,,,
2017-08-09,33073191,3.4104,3.4186,3.3441,3.369,-0.0496,-1.45,1.21,134786984,,,15.0482,1.3221,4.4354,6.2292,11169708000,231645968,,,,,,
2017-08-10,25675250,3.3772,3.3938,3.3193,3.3359,-0.0331,-0.98,0.94,104209190,,,14.9003,1.3091,4.3918,6.168,11059932000,215186033,,,,,,
2017-08-11,32335558,3.3193,3.3193,3.2365,3.2531,-0.0828,-2.48,1.18,127716802,,,14.5306,1.2766,4.2829,6.0149,10785492000,216557413,,,,,,
2017-08-14,15371785,3.2448,3.3193,3.2448,3.2945,0.0414,1.27,0.56,61077215,,,14.7154,1.2928,4.3373,6.0915,10922712000,214623811,,,,,,
2017-08-15,13596970,3.3193,3.3359,3.3027,3.3276,0.0331,1,0.5,54530280,,,14.8633,1.3058,4.3809,6.1527,11032488000,213425679,,,,,,
2017-08-16,11985100,3.3524,3.3524,3.2779,3.2862,-0.0414,-1.24,0.44,47796390,,,14.6784,1.2896,4.3264,6.0762,10895268000,213714296,,,,,,
2017-08-17,10867895,3.2862,3.3276,3.2779,3.311,0.0248,0.75,0.4,43436617,,,14.7894,1.2993,4.3591,6.1221,10977600000,211320000,,,,,,
2017-08-18,29556772,3.3027,3.3772,3.2696,3.3607,0.0497,1.5,1.08,119098805,,,15.0112,1.3188,4.4245,6.2139,11142264000,213395874,,,,,,
2017-08-21,15714138,3.3524,3.3607,3.3193,3.3441,-0.0166,-0.49,0.57,63378729,,,14.9373,1.3123,4.4027,6.1833,11087376000,214884249,,,,,,
2017-08-22,14458400,3.3524,3.3607,3.3027,3.311,-0.0331,-0.99,0.53,57925432,,,14.7894,1.2993,4.3591,6.1221,10977600000,217609922,,,,,,
2017-08-23,8626735,3.311,3.3359,3.3027,3.311,0,0,0.31,34530267,,,14.7894,1.2993,4.3591,6.1221,10977600000,217741133,,,,,,
2017-08-24,11543475,3.3027,3.3193,3.2531,3.2614,-0.0496,-1.5,0.42,45772928,,,14.5675,1.2798,4.2938,6.0302,10812936000,220034719,,,,,,
2017-08-25,13081725,3.2614,3.3193,3.2531,3.3027,0.0413,1.27,0.48,52131338,,,14.7524,1.2961,4.3482,6.1068,10950156000,215109738,,,,,,
2017-08-28,13585550,3.311,3.3359,3.3027,3.3193,0.0166,0.5,0.5,54555594,,,14.8263,1.3026,4.37,6.1374,11005044000,213502825,,,,,,
2017-08-29,32234989,3.3276,3.4021,3.311,3.3938,0.0745,2.24,1.17,130708473,,,15.1591,1.3318,4.4681,6.2751,11252040000,219860247,,,,,,
2017-08-30,24906080,3.3772,3.4021,3.3441,3.3772,-0.0166,-0.49,0.91,101486810,,,15.0852,1.3253,4.4463,6.2445,11197152000,208965394,,,,,,
2017-08-31,17473741,3.3855,3.3855,3.3359,3.3524,-0.0248,-0.73,0.64,70837790,,,14.9742,1.3156,4.4136,6.1986,11114820000,209659763,,,,,,
2017-09-01,21685659,3.3524,3.3772,3.3359,3.3607,0.0083,0.25,0.79,87996080,,,15.0112,1.3188,4.4245,6.2139,11142264000,212501873,,,,,,
2017-09-04,26334693,3.3772,3.3855,3.2945,3.3193,-0.0414,-1.23,0.96,105969794,,,14.8263,1.3026,4.37,6.1374,11005044000,222757494,,,,,,
2017-09-05,11431500,3.311,3.3276,3.3027,3.3193,0,0,0.42,45828317,,,14.8263,1.3026,4.37,6.1374,11005044000,225614947,,,,,,
2017-09-06,18688546,3.311,3.3193,3.2779,3.2862,-0.0331,-1,0.68,74302127,,,14.6784,1.2896,4.3264,6.0762,10895268000,226842633,,,,,,
2017-09-07,12922123,3.2945,3.311,3.2862,3.2945,0.0083,0.25,0.47,51436552,,,14.7154,1.2928,4.3373,6.0915,10922712000,223096830,,,,,,
2017-09-08,15568150,3.2945,3.3359,3.2862,3.3193,0.0248,0.75,0.57,62331237,,,14.8263,1.3026,4.37,6.1374,11005044000,217144769,,,,,,
2017-09-11,10980700,3.3193,3.3276,3.2945,3.3193,0,0,0.4,43898769,,,14.8263,1.3026,4.37,6.1374,11005044000,217736253,,,,,,
2017-09-12,12210874,3.3193,3.3193,3.2945,3.3027,-0.0166,-0.5,0.44,48702122,,,14.7524,1.2961,4.3482,6.1068,10950156000,218028150,,,,,,
2017-09-13,15401345,3.2945,3.3027,3.2696,3.2862,-0.0165,-0.5,0.56,61061687,,,14.6784,1.2896,4.3264,6.0762,10895268000,225334027,,,,,,
2017-09-14,12135191,3.2779,3.2862,3.2531,3.2614,-0.0248,-0.75,0.44,47855661,,,14.5675,1.2798,4.2938,6.0302,10812936000,224424393,,,,,,
2017-09-15,10095152,3.2531,3.2779,3.2531,3.2696,0.0082,0.25,0.37,39831879,,,14.6045,1.2831,4.3047,6.0456,10840380000,219992226,,,,,,
2017-09-18,12350170,3.2696,3.2862,3.2614,3.2696,0,0,0.45,48834013,,,14.6045,1.2831,4.3047,6.0456,10840380000,221113205,,,,,,
2017-09-19,9989701,3.2614,3.2696,3.2531,3.2531,-0.0165,-0.5,0.36,39378739,,,14.5306,1.2766,4.2829,6.0149,10785492000,211058951,,,,,,
2017-09-20,9184851,3.2614,3.2696,3.2448,3.2614,0.0083,0.26,0.33,36120367,,,14.5675,1.2798,4.2938,6.0302,10812936000,210228500,,,,,,
2017-09-21,11234351,3.2614,3.2614,3.2365,3.2365,-0.0249,-0.76,0.41,44071143,,,14.4566,1.2701,4.2611,5.9843,10730604000,214897323,,,,,,
2017-09-22,20729154,3.2282,3.2365,3.162,3.22,-0.0165,-0.51,0.76,80065596,,,14.3827,1.2636,4.2393,5.9537,10675716000,205873324,,,,,,
2017-09-25,11370435,3.2034,3.2117,3.1703,3.1786,-0.0414,-1.29,0.41,43818771,,,14.1978,1.2473,4.1848,5.8772,10538496000,205436195,,,,,,
2017-09-26,11069123,3.1786,3.2117,3.1703,3.2117,0.0331,1.04,0.4,42602506,,,14.3457,1.2603,4.2284,5.9384,10648272000,203909775,,,,,,
2017-09-27,9338265,3.2117,3.2365,3.1951,3.22,0.0083,0.26,0.34,36324991,,,14.3827,1.2636,4.2393,5.9537,10675716000,201396752,,,,,,
2017-09-28,5858540,3.22,3.2282,3.1869,3.1869,-0.0331,-1.03,0.21,22630918,,,14.2348,1.2506,4.1957,5.8925,10565940000,200466981,,,,,,
2017-09-29,5982500,3.1951,3.2117,3.1869,3.1951,0.0082,0.26,0.22,23102368,,,14.2717,1.2538,4.2066,5.9078,10593384000,195991285,,,,,,
2017-10-09,18041251,3.22,3.2779,3.22,3.2531,0.058,1.82,0.66,70699603,,,14.9201,1.2506,4.3002,5.5992,10785492000,200510219,,,,,,
2017-10-10,8034968,3.2531,3.2531,3.2282,3.2448,-0.0083,-0.26,0.29,31491066,,,14.8821,1.2474,4.2892,5.5849,10758048000,201786613,,,,,,
2017-10-11,7354042,3.2448,3.2614,3.2365,3.2448,0,0,0.27,28879499,,,14.8821,1.2474,4.2892,5.5849,10758048000,203471793,,,,,,
2017-10-12,13467697,3.2448,3.2448,3.1951,3.22,-0.0248,-0.76,0.49,52344328,,,14.7682,1.2378,4.2564,5.5422,10675716000,177723583,,,,,,
2017-10-13,7903451,3.22,3.2282,3.2034,3.2282,0.0082,0.25,0.29,30715691,,,14.8062,1.241,4.2673,5.5564,10703160000,174539677,,,,,,
2017-10-16,12488801,3.2282,3.2282,3.1703,3.1869,-0.0413,-1.28,0.46,48218812,,,14.6164,1.2251,4.2126,5.4852,10565940000,174492234,,,,,,
2017-10-17,5399710,3.1869,3.1951,3.1703,3.1869,0,0,0.2,20782145,,,14.6164,1.2251,4.2126,5.4852,10565940000,176134703,,,,,,
2017-10-18,7423851,3.1869,3.2034,3.1703,3.1869,0,0,0.27,28577936,,,14.6164,1.2251,4.2126,5.4852,10565940000,175453505,,,,,,
2017-10-19,10373850,3.1786,3.1951,3.1703,3.1786,-0.0083,-0.26,0.38,39872225,,,14.5784,1.2219,4.2017,5.4709,10538496000,172613452,,,,,,
2017-10-20,8790652,3.1786,3.2117,3.1786,3.2117,0.0331,1.04,0.32,33949114,,,14.7303,1.2347,4.2455,5.5279,10648272000,174865858,,,,,,
2017-10-23,10692421,3.2117,3.22,3.1703,3.2034,-0.0083,-0.26,0.39,41278025,,,14.6923,1.2315,4.2345,5.5137,10620828000,167362701,,,,,,
2017-10-24,8204000,3.1951,3.2034,3.1786,3.1869,-0.0165,-0.52,0.3,31568965,,,14.6164,1.2251,4.2126,5.4852,10565940000,168678126,,,,,,
2017-10-25,5761651,3.1869,3.2034,3.1786,3.1951,0.0082,0.26,0.21,22217939,,,14.6543,1.2283,4.2236,5.4994,10593384000,168821332,,,,,,
2017-10-26,9067600,3.1951,3.22,3.1786,3.1951,0,0,0.33,35082185,,,14.6543,1.2283,4.2236,5.4994,10593384000,169354226,,,,,,
2017-10-27,9915785,3.2034,3.22,3.1951,3.22,0.0249,0.78,0.36,38431305,,,14.7682,1.2378,4.2564,5.5422,10675716000,167329996,,,,,,
2017-10-30,14083045,3.2117,3.22,3.1372,3.1537,-0.0663,-2.06,0.51,53905433,,,14.4645,1.2124,4.1689,5.4282,10456164000,168360650,,,,,,
2017-10-31,8146228,3.1537,3.1869,3.1455,3.1786,0.0249,0.79,0.3,31149056,,,14.5784,1.2219,4.2017,5.4709,10538496000,169672744,,,,,,
2017-11-01,8230459,3.1703,3.1869,3.1537,3.162,-0.0166,-0.52,0.3,31509262,,,14.5025,1.2156,4.1798,5.4424,10483608000,165978847,,,,,,
2017-11-02,7921650,3.1703,3.1703,3.1289,3.1289,-0.0331,-1.05,0.29,30112848,,,14.3506,1.2028,4.136,5.3854,10373832000,165674279,,,,,,
2017-11-03,14464024,3.1289,3.1372,3.071,3.0958,-0.0331,-1.06,0.53,54187552,,,14.1988,1.1901,4.0923,5.3285,10264056000,161672491,,,,,,
2017-11-06,8158043,3.0958,3.1124,3.0793,3.1041,0.0083,0.27,0.3,30543062,,,14.2367,1.1933,4.1032,5.3427,10291500000,161802775,,,,,,
2017-11-07,8710795,3.1041,3.1372,3.0958,3.1289,0.0248,0.8,0.32,32822694,,,14.3506,1.2028,4.136,5.3854,10373832000,162844533,,,,,,
2017-11-08,9513650,3.1289,3.1537,3.1124,3.1372,0.0083,0.27,0.35,36038997,,,14.3886,1.206,4.147,5.3997,10401276000,164885935,,,,,,
2017-11-09,7421460,3.1289,3.1372,3.1041,3.1289,-0.0083,-0.26,0.27,27978405,,,14.3506,1.2028,4.136,5.3854,10373832000,162456544,,,,,,
2017-11-10,7993702,3.1289,3.1289,3.0875,3.1041,-0.0248,-0.79,0.29,29969491,,,14.2367,1.1933,4.1032,5.3427,10291500000,162497186,,,,,,
2017-11-13,12170831,3.1041,3.1041,3.0627,3.0793,-0.0248,-0.8,0.44,45365064,,,14.1228,1.1837,4.0704,5.3,10209168000,160359185,,,,,,
2017-11-14,9103403,3.0793,3.0875,3.071,3.0793,0,0,0.33,33881124,,,14.1228,1.1837,4.0704,5.3,10209168000,162329860,,,,,,
2017-11-15,7158172,3.0875,3.1124,3.0793,3.0875,0.0082,0.27,0.26,26767310,,,14.1608,1.1869,4.0813,5.3142,10236612000,159353576,,,,,,
2017-11-16,5955174,3.0875,3.1041,3.0793,3.0875,0,0,0.22,22221690,,,14.1608,1.1869,4.0813,5.3142,10236612000,160086131,,,,,,
2017-11-17,12237290,3.0793,3.0875,3.0048,3.0213,-0.0662,-2.14,0.45,44965299,,,13.8571,1.1615,3.9938,5.2002,10017060000,164348681,,,,,,
2017-11-20,11775370,3.013,3.0296,2.9882,3.0213,0,0,0.43,42814084,,,13.8571,1.1615,3.9938,5.2002,10017060000,164548594,,,,,,
2017-11-21,8645200,3.013,3.0296,2.9965,3.0213,0,0,0.32,31491597,,,13.8571,1.1615,3.9938,5.2002,10017060000,165038496,,,,,,
2017-11-22,7579765,3.0213,3.0544,3.013,3.0461,0.0248,0.82,0.28,27797162,,,13.971,1.171,4.0266,5.243,10099392000,163490710,,,,,,
2017-11-23,10196400,3.0461,3.0544,2.9965,3.0048,-0.0413,-1.36,0.37,37271596,,,13.7811,1.1551,3.9719,5.1717,9962172000,165042582,,,,,,
2017-11-24,6623383,2.9965,3.0296,2.9965,3.0296,0.0248,0.83,0.24,24118291,,,13.895,1.1647,4.0047,5.2145,10044504000,163926164,,,,,,
2017-11-27,4629593,3.0296,3.0296,3.013,3.013,-0.0166,-0.55,0.17,16877914,,,13.8191,1.1583,3.9828,5.186,9989616000,164092757,,,,,,
2017-11-28,4931958,3.0213,3.0379,3.013,3.0379,0.0249,0.83,0.18,18025731,,,13.933,1.1678,4.0157,5.2287,10071948000,163790577,,,,,,
2017-11-29,7404414,3.0296,3.0379,3.0048,3.0296,-0.0083,-0.27,0.27,27006242,,,13.895,1.1647,4.0047,5.2145,10044504000,163163095,,,,,,
2017-11-30,6516678,3.0213,3.0379,3.0213,3.0296,0,0,0.24,23827212,,,13.895,1.1647,4.0047,5.2145,10044504000,164181054,,,,,,
2017-12-01,6483818,3.0296,3.0461,3.013,3.0461,0.0165,0.54,0.24,23744492,,,13.971,1.171,4.0266,5.243,10099392000,162458484,,,,,,
2017-12-04,8220033,3.0379,3.0544,3.0296,3.0379,-0.0082,-0.27,0.3,30209749,,,13.933,1.1678,4.0157,5.2287,10071948000,160784913,,,,,,
2017-12-05,7627152,3.0379,3.0461,2.9965,3.0048,-0.0331,-1.09,0.28,27812715,,,13.7811,1.1551,3.9719,5.1717,9962172000,160094455,,,,,,
2017-12-06,6145422,3.0048,3.013,2.9799,3.013,0.0082,0.27,0.22,22250923,,,13.8191,1.1583,3.9828,5.186,9989616000,153898219,,,,,,
2017-12-07,8155750,3.0048,3.0379,2.9965,3.0296,0.0166,0.55,0.3,29792659,,,13.895,1.1647,4.0047,5.2145,10044504000,154259442,,,,,,
2017-12-08,11293029,3.0213,3.071,3.013,3.0627,0.0331,1.09,0.41,41621099,,,14.0469,1.1774,4.0485,5.2715,10154280000,152888447,,,,,,
2017-12-11,6976294,3.0544,3.0793,3.0461,3.071,0.0083,0.27,0.25,25833847,,,14.0849,1.1806,4.0594,5.2857,10181724000,154933755,,,,,,
2017-12-12,6077750,3.071,3.0958,3.0544,3.071,0,0,0.22,22580814,,,14.0849,1.1806,4.0594,5.2857,10181724000,151890078,,,,,,
2017-12-13,3548550,3.0627,3.0958,3.0544,3.071,0,0,0.13,13191274,,,14.0849,1.1806,4.0594,5.2857,10181724000,152865911,,,,,,
2017-12-14,10636577,3.0793,3.1206,3.0793,3.1124,0.0414,1.35,0.39,39927824,,,14.2747,1.1965,4.1142,5.3569,10318944000,154813283,,,,,,
2017-12-15,20613376,3.1041,3.1206,3.013,3.0379,-0.0745,-2.39,0.75,75915962,,,13.933,1.1678,4.0157,5.2287,10071948000,156711521,,,,,,
2017-12-18,11812364,3.0296,3.0296,2.9965,3.0213,-0.0166,-0.55,0.43,42968185,,,13.8571,1.1615,3.9938,5.2002,10017060000,151787812,,,,,,
2017-12-19,4415307,3.013,3.0379,3.013,3.0379,0.0166,0.55,0.16,16142169,,,13.933,1.1678,4.0157,5.2287,10071948000,151865344,,,,,,
2017-12-20,6004600,3.0379,3.0379,2.9965,3.0048,-0.0331,-1.09,0.22,21854841,,,13.7811,1.1551,3.9719,5.1717,9962172000,152105109,,,,,,
2017-12-21,10371701,2.9965,3.013,2.9799,2.9965,-0.0083,-0.28,0.38,37484334,,,13.7432,1.1519,3.961,5.1575,9934728000,153954133,,,,,,
2017-12-22,5733926,2.9799,2.9965,2.9799,2.9882,-0.0083,-0.28,0.21,20691395,,,13.7052,1.1487,3.95,5.1432,9907284000,153376874,,,,,,
2017-12-25,5639089,2.9799,2.9965,2.9799,2.9882,0,0,0.21,20358343,,,13.7052,1.1487,3.95,5.1432,9907284000,152867889,,,,,,
2017-12-26,5486117,2.9799,3.013,2.9799,3.0048,0.0166,0.56,0.2,19872722,,,13.7811,1.1551,3.9719,5.1717,9962172000,153498358,,,,,,
2017-12-27,5666490,3.0048,3.0213,2.9965,2.9965,-0.0083,-0.28,0.21,20607798,,,13.7432,1.1519,3.961,5.1575,9934728000,154692389,,,,,,
2017-12-28,9314394,3.0048,3.0379,2.9882,3.0213,0.0248,0.83,0.34,33953229,,,13.8571,1.1615,3.9938,5.2002,10017060000,164696847,,,,,,
2017-12-29,4607437,3.013,3.0296,3.0048,3.0213,0,0,0.17,16802315,,,13.8571,1.1615,3.9938,5.2002,10017060000,162530211,,,,,,
2018-01-02,9215728,3.0213,3.0544,3.013,3.0544,0.0331,1.1,0.34,33797336,,,15.4327,1.1652,4.0929,5.7577,10126836000,156814293,,,,,,
2018-01-03,7891544,3.0461,3.0544,3.0379,3.0461,-0.0083,-0.27,0.29,29063745,,,15.3909,1.162,4.0818,5.7421,10099392000,159675118,,,,,,
2018-01-04,9355731,3.0461,3.071,3.0379,3.0544,0.0083,0.27,0.34,34545295,,,15.4327,1.1652,4.0929,5.7577,10126836000,148501593,,,,,,
2018-01-05,10666341,3.0544,3.071,3.0379,3.0627,0.0083,0.27,0.39,39354520,,,15.4745,1.1683,4.104,5.7733,10154280000,148339796,,,,,,
2018-01-08,13598251,3.0627,3.0627,3.0379,3.0627,0,0,0.5,50119086,,,15.4745,1.1683,4.104,5.7733,10154280000,149084101,,,,,,
2018-01-09,9587550,3.0544,3.0627,3.0461,3.0544,-0.0083,-0.27,0.35,35379686,,,15.4327,1.1652,4.0929,5.7577,10126836000,150132196,,,,,,
2018-01-10,7152600,3.0544,3.0627,3.0379,3.0461,-0.0083,-0.27,0.26,26350397,,,15.3909,1.162,4.0818,5.7421,10099392000,147727878,,,,,,
2018-01-11,4917146,3.0461,3.0544,3.0379,3.0461,0,0,0.18,18091477,,,15.3909,1.162,4.0818,5.7421,10099392000,148040981,,,,,,
2018-01-12,10186860,3.0544,3.071,3.0461,3.0544,0.0083,0.27,0.37,37663180,,,15.4327,1.1652,4.0929,5.7577,10126836000,147026336,,,,,,
2018-01-15,7857615,3.0461,3.0544,3.0379,3.0379,-0.0165,-0.54,0.29,28927271,,,15.3491,1.1589,4.0707,5.7265,10071948000,144585532,,,,,,
2018-01-16,11065151,3.0379,3.0461,3.0213,3.0379,0,0,0.4,40506257,,,15.3491,1.1589,4.0707,5.7265,10071948000,149176213,,,,,,
2018-01-17,22742354,3.0379,3.1206,3.0296,3.0958,0.0579,1.91,0.83,84565767,,,15.6418,1.181,4.1483,5.8357,10264056000,152751851,,,,,,
2018-01-18,9129445,3.0875,3.1041,3.071,3.0875,-0.0083,-0.27,0.33,34030744,,,15.6,1.1778,4.1372,5.8201,10236612000,149982880,,,,,,
2018-01-19,15213535,3.0958,3.1206,3.0875,3.0958,0.0083,0.27,0.55,57057633,,,15.6418,1.181,4.1483,5.8357,10264056000,152474455,,,,,,
2018-01-22,20334931,3.1041,3.1537,3.0958,3.1537,0.0579,1.87,0.74,76977510,,,15.9346,1.2031,4.226,5.9449,10456164000,159944918,,,,,,
2018-01-23,11148568,3.1537,3.1537,3.1206,3.1372,-0.0165,-0.52,0.41,42225241,,,15.8509,1.1968,4.2038,5.9137,10401276000,159597074,,,,,,
2018-01-24,18052943,3.1455,3.1786,3.1289,3.1786,0.0414,1.32,0.66,69036373,,,16.06,1.2126,4.2592,5.9917,10538496000,170475275,,,,,,
2018-01-25,15866756,3.1703,3.1869,3.1537,3.1537,-0.0249,-0.78,0.58,60750117,,,15.9346,1.2031,4.226,5.9449,10456164000,163869250,,,,,,
2018-01-26,10079875,3.1455,3.1786,3.1455,3.1786,0.0249,0.79,0.36,38538279,,,16.06,1.2126,4.2592,5.9917,10538496000,168602924,,,,,,
2018-01-29,12726801,3.1703,3.1951,3.1372,3.1537,-0.0249,-0.78,0.46,48750111,,,15.9346,1.2031,4.226,5.9449,10456164000,169966205,,,,,,
2018-01-30,7755900,3.1455,3.162,3.1289,3.1372,-0.0165,-0.52,0.28,29496454,,,15.8509,1.1968,4.2038,5.9137,10401276000,169958789,,,,,,
2018-01-31,8959589,3.1206,3.1372,3.0958,3.1041,-0.0331,-1.06,0.33,33722058,,,15.6836,1.1841,4.1594,5.8513,10291500000,163003302,,,,,,
2018-02-01,15477900,3.1124,3.1206,3.013,3.0461,-0.058,-1.87,0.56,57445735,,,15.3909,1.162,4.0818,5.7421,10099392000,174825898,,,,,,
2018-02-02,14190281,3.0461,3.0793,2.9965,3.071,0.0249,0.82,0.52,52000397,,,15.5163,1.1715,4.115,5.7889,10181724000,182647925,,,,,,
2018-02-05,12766982,3.0544,3.071,3.0213,3.0627,-0.0083,-0.27,0.47,46932399,,,15.4745,1.1683,4.104,5.7733,10154280000,185065550,,,,,,
2018-02-06,14442600,3.0379,3.0461,2.9634,2.9634,-0.0993,-3.24,0.53,52599404,,,14.9726,1.1305,3.9709,5.586,9824952000,181643085,,,,,,
2018-02-07,10008747,3.0048,3.013,2.9385,2.9468,-0.0166,-0.56,0.36,36049883,,,14.889,1.1241,3.9487,5.5548,9770064000,169164983,,,,,,
2018-02-08,7135401,2.9716,2.9799,2.9468,2.9551,0.0083,0.28,0.26,25508640,,,14.9308,1.1273,3.9598,5.5704,9797508000,169951818,,,,,,
2018-02-09,16922628,2.9303,2.9385,2.773,2.8226,-0.1325,-4.48,0.62,58566034,,,14.2617,1.0768,3.7823,5.3208,9358404000,164192777,,,,,,
2018-02-12,5891331,2.8309,2.8723,2.8309,2.8558,0.0332,1.18,0.21,20327344,,,14.4289,1.0894,3.8267,5.3832,9468180000,163209259,,,,,,
2018-02-13,5348475,2.8723,2.9054,2.864,2.8723,0.0165,0.58,0.19,18647064,,,14.5126,1.0957,3.8488,5.4144,9523068000,162346068,,,,,,
2018-02-14,3863871,2.8889,2.8889,2.864,2.8889,0.0166,0.58,0.14,13419536,,,14.5962,1.102,3.871,5.4456,9577956000,160129133,,,,,,
2018-02-22,5200315,2.9054,2.922,2.8971,2.9137,0.0248,0.86,0.19,18275915,,,14.7217,1.1115,3.9043,5.4924,9660288000,160917911,,,,,,
2018-02-23,5035364,2.9137,2.9303,2.9054,2.9303,0.0166,0.57,0.18,17743823,,,14.8054,1.1178,3.9265,5.5236,9715176000,161995514,,,,,,
2018-02-26,7658186,2.9303,2.9634,2.9054,2.9551,0.0248,0.85,0.28,27121868,,,14.9308,1.1273,3.9598,5.5704,9797508000,161415922,,,,,,
2018-02-27,4246150,2.9551,2.9551,2.922,2.922,-0.0331,-1.12,0.15,15040563,,,14.7635,1.1147,3.9154,5.508,9687732000,162579889,,,,,,
2018-02-28,3582030,2.922,2.9303,2.9137,2.9303,0.0083,0.28,0.13,12637780,,,14.8054,1.1178,3.9265,5.5236,9715176000,162903851,,,,,,
2018-03-01,3985090,2.9137,2.9385,2.9137,2.9303,0,0,0.15,14082389,,,14.8054,1.1178,3.9265,5.5236,9715176000,160217705,,,,,,
2018-03-02,3361502,2.922,2.9303,2.9137,2.922,-0.0083,-0.28,0.12,11867726,,,14.7635,1.1147,3.9154,5.508,9687732000,158453007,,,,,,
2018-03-05,3048600,2.922,2.9385,2.922,2.9303,0.0083,0.28,0.11,10795557,,,14.8054,1.1178,3.9265,5.5236,9715176000,158028326,,,,,,
2018-03-06,5067401,2.9303,2.9551,2.922,2.9551,0.0248,0.85,0.18,18001388,,,14.9308,1.1273,3.9598,5.5704,9797508000,163371252,,,,,,
2018-03-07,10287051,2.9551,2.9965,2.9468,2.9882,0.0331,1.12,0.37,37081630,,,15.0981,1.1399,4.0041,5.6328,9907284000,163009585,,,,,,
2018-03-08,3498015,2.9799,2.9965,2.9716,2.9965,0.0083,0.28,0.13,12595319,,,15.1399,1.1431,4.0152,5.6484,9934728000,161710847,,,,,,
2018-03-09,4102202,2.9965,3.0048,2.9799,2.9965,0,0,0.15,14833104,,,15.1399,1.1431,4.0152,5.6484,9934728000,158014482,,,,,,
2018-03-12,3760145,2.9965,3.013,2.9965,3.013,0.0165,0.55,0.14,13650817,,,15.2236,1.1494,4.0374,5.6796,9989616000,162536935,,,,,,
2018-03-13,6341000,3.013,3.013,2.9634,2.9634,-0.0496,-1.65,0.23,22830844,,,14.9726,1.1305,3.9709,5.586,9824952000,162250649,,,,,,
2018-03-14,3775700,2.9716,2.9799,2.9468,2.9551,-0.0083,-0.28,0.14,13492231,,,14.9308,1.1273,3.9598,5.5704,9797508000,160706025,,,,,,
2018-03-15,3041970,2.9468,2.9551,2.9385,2.9468,-0.0083,-0.28,0.11,10822364,,,14.889,1.1241,3.9487,5.5548,9770064000,160646035,,,,,,
2018-03-16,3139800,2.9385,2.9634,2.9385,2.9385,-0.0083,-0.28,0.11,11190819,,,14.8472,1.121,3.9376,5.5392,9742620000,159682192,,,,,,
2018-03-19,4060402,2.9468,2.9551,2.922,2.922,-0.0165,-0.56,0.15,14412290,,,14.7635,1.1147,3.9154,5.508,9687732000,158804692,,,,,,
2018-03-20,2768550,2.9054,2.9303,2.9054,2.922,0,0,0.1,9746017,,,14.7635,1.1147,3.9154,5.508,9687732000,159596442,,,,,,
2018-03-21,11215946,2.922,3.0544,2.922,2.9634,0.0414,1.42,0.41,40411678,,,14.9726,1.1305,3.9709,5.586,9824952000,161486758,,,,,,
2018-03-22,5382040,2.9468,2.9634,2.9303,2.9551,-0.0083,-0.28,0.19,19149330,,,14.9308,1.1273,3.9598,5.5704,9797508000,160391604,,,,,,
2018-03-23,9448000,2.9137,2.922,2.8309,2.8392,-0.1159,-3.92,0.34,32846851,,,14.3453,1.0831,3.8045,5.352,9413292000,159206697,,,,,,
2018-03-26,4794673,2.8392,2.8558,2.7978,2.8558,0.0166,0.58,0.17,16396897,,,14.4289,1.0894,3.8267,5.3832,9468180000,160302689,,,,,,
2018-03-27,5143160,2.8723,2.9137,2.864,2.8971,0.0413,1.45,0.19,17980997,,,14.6381,1.1052,3.8821,5.4612,9605400000,159478716,,,,,,
2018-03-28,3284564,2.8806,2.8889,2.864,2.864,-0.0331,-1.14,0.12,11390558,,,14.4708,1.0926,3.8378,5.3988,9495624000,159466049,,,,,,
2018-03-29,2960526,2.8806,2.8971,2.864,2.8889,0.0249,0.87,0.11,10313511,,,14.5962,1.102,3.871,5.4456,9577956000,159954296,,,,,,
2018-03-30,3687116,2.8889,2.9054,2.8723,2.8889,0,0,0.13,12856720,,,14.5962,1.102,3.871,5.4456,9577956000,159724644,,,,,,
2018-04-02,5390879,2.8889,2.8971,2.8475,2.8723,-0.0166,-0.57,0.2,18709492,,,15.2395,1.0731,3.8081,5.2222,9523068000,160080892,,,,,,
2018-04-03,3305095,2.8392,2.864,2.8392,2.8558,-0.0165,-0.57,0.12,11380787,,,15.1517,1.0669,3.7862,5.1921,9468180000,159988784,,,,,,
2018-04-04,4132103,2.864,2.8723,2.8392,2.8558,0,0,0.15,14240166,,,15.1517,1.0669,3.7862,5.1921,9468180000,160527177,,,,,,
2018-04-09,3686200,2.8475,2.8558,2.8309,2.8392,-0.0166,-0.58,0.13,12654043,,,15.0638,1.0607,3.7642,5.162,9413292000,160567720,,,,,,
2018-04-10,3466239,2.8475,2.864,2.8392,2.8558,0.0166,0.58,0.13,11945054,,,15.1517,1.0669,3.7862,5.1921,9468180000,162415437,,,,,,
2018-04-11,4245636,2.8558,2.8889,2.8558,2.8723,0.0165,0.58,0.15,14731950,,,15.2395,1.0731,3.8081,5.2222,9523068000,162082691,,,,,,
2018-04-12,2723468,2.8806,2.8806,2.8558,2.864,-0.0083,-0.29,0.1,9438881,,,15.1956,1.07,3.7971,5.2071,9495624000,161067258,,,,,,
2018-04-13,2877000,2.8723,2.8806,2.8475,2.8558,-0.0082,-0.29,0.1,9933290,,,15.1517,1.0669,3.7862,5.1921,9468180000,160905676,,,,,,
2018-04-16,5805687,2.8558,2.8971,2.8558,2.864,0.0082,0.29,0.21,20157301,,,15.1956,1.07,3.7971,5.2071,9495624000,161868872,,,,,,
2018-04-17,6613120,2.8723,2.8723,2.8226,2.8392,-0.0248,-0.87,0.24,22720859,,,15.0638,1.0607,3.7642,5.162,9413292000,160184318,,,,,,
2018-04-18,3830192,2.8558,2.8558,2.8309,2.8475,0.0083,0.29,0.14,13130794,,,15.1078,1.0638,3.7752,5.177,9440736000,160344543,,,,,,
2018-04-19,3345225,2.8475,2.8723,2.8392,2.864,0.0165,0.58,0.12,11535148,,,15.1956,1.07,3.7971,5.2071,9495624000,160894956,,,,,,
2018-04-20,3952494,2.8558,2.8558,2.8226,2.8226,-0.0414,-1.45,0.14,13547832,,,14.976,1.0545,3.7423,5.1319,9358404000,160782397,,,,,,
2018-04-23,4367844,2.8144,2.8392,2.8061,2.8226,0,0,0.16,14883710,,,14.976,1.0545,3.7423,5.1319,9358404000,160465100,,,,,,
2018-04-24,6957023,2.8226,2.8723,2.8226,2.8558,0.0332,1.18,0.25,23981243,,,15.1517,1.0669,3.7862,5.1921,9468180000,162703770,,,,,,
2018-04-25,4685801,2.8558,2.8723,2.8392,2.864,0.0082,0.29,0.17,16173315,,,15.1956,1.07,3.7971,5.2071,9495624000,161895459,,,,,,
2018-04-26,2463700,2.8558,2.864,2.8309,2.8392,-0.0248,-0.87,0.09,8461707,,,15.0638,1.0607,3.7642,5.162,9413292000,161447172,,,,,,
2018-04-27,3009900,2.8475,2.8475,2.8144,2.8226,-0.0166,-0.58,0.11,10289457,,,14.976,1.0545,3.7423,5.1319,9358404000,160697888,,,,,,
2018-05-02,4788805,2.8144,2.8475,2.8144,2.8226,0,0,0.17,16349648,,,14.976,1.0545,3.7423,5.1319,9358404000,160676501,,,,,,
2018-05-03,4255947,2.8226,2.8475,2.7978,2.8392,0.0166,0.59,0.16,14516081,,,15.0638,1.0607,3.7642,5.162,9413292000,160733013,,,,,,
2018-05-04,3050420,2.8309,2.8392,2.8144,2.8226,-0.0166,-0.58,0.11,10411841,,,14.976,1.0545,3.7423,5.1319,9358404000,160815486,,,,,,
2018-05-07,4785242,2.8309,2.8558,2.8144,2.8475,0.0249,0.88,0.17,16402847,,,15.1078,1.0638,3.7752,5.177,9440736000,162232583,,,,,,
2018-05-08,4814806,2.8475,2.864,2.8309,2.8558,0.0083,0.29,0.17,16595127,,,15.1517,1.0669,3.7862,5.1921,9468180000,162747614,,,,,,
2018-05-09,3891192,2.8558,2.864,2.8392,2.8558,0,0,0.14,13397059,,,15.1517,1.0669,3.7862,5.1921,9468180000,163925426,,,,,,
2018-05-10,6906037,2.8558,2.864,2.8309,2.8475,-0.0083,-0.29,0.25,23705206,,,15.1078,1.0638,3.7752,5.177,9440736000,164477927,,,,,,
2018-05-11,2952293,2.8392,2.8475,2.8226,2.8309,-0.0166,-0.58,0.11,10096626,,,15.0199,1.0576,3.7532,5.1469,9385848000,164539534,,,,,,
2018-05-14,4603250,2.8309,2.8475,2.8226,2.8392,0.0083,0.29,0.17,15755102,,,15.0638,1.0607,3.7642,5.162,9413292000,165254448,,,,,,
2018-05-15,3338550,2.8392,2.8475,2.8226,2.8475,0.0083,0.29,0.12,11438401,,,15.1078,1.0638,3.7752,5.177,9440736000,167245591,,,,,,
2018-05-16,2705746,2.8392,2.8475,2.8226,2.8392,-0.0083,-0.29,0.1,9261444,,,15.0638,1.0607,3.7642,5.162,9413292000,167673120,,,,,,
2018-05-17,2851132,2.8226,2.8475,2.8226,2.8309,-0.0083,-0.29,0.1,9762318,,,15.0199,1.0576,3.7532,5.1469,9385848000,168390903,,,,,,
2018-05-18,3291874,2.8309,2.8392,2.8226,2.8309,0,0,0.12,11265482,,,15.0199,1.0576,3.7532,5.1469,9385848000,167605275,,,,,,
2018-05-21,6399775,2.8392,2.8723,2.8392,2.8723,0.0414,1.46,0.23,22092801,,,15.2395,1.0731,3.8081,5.2222,9523068000,169605515,,,,,,
2018-05-22,3346595,2.864,2.8723,2.8558,2.8723,0,0,0.12,11580356,,,15.2395,1.0731,3.8081,5.2222,9523068000,169228924,,,,,,
2018-05-23,3467938,2.864,2.8723,2.8392,2.8392,-0.0331,-1.15,0.13,11971662,,,15.0638,1.0607,3.7642,5.162,9413292000,169357944,,,,,,
2018-05-24,3193317,2.8392,2.864,2.8392,2.8475,0.0083,0.29,0.12,11006161,,,15.1078,1.0638,3.7752,5.177,9440736000,169992757,,,,,,
2018-05-25,5844340,2.8558,2.8723,2.8475,2.864,0.0165,0.58,0.21,20204587,,,15.1956,1.07,3.7971,5.2071,9495624000,169891375,,,,,,
2018-05-28,4189503,2.8558,2.8723,2.8392,2.864,0,0,0.15,14454784,,,15.1956,1.07,3.7971,5.2071,9495624000,170659768,,,,,,
2018-05-29,3545208,2.8558,2.864,2.8309,2.8309,-0.0331,-1.16,0.13,12193208,,,15.0199,1.0576,3.7532,5.1469,9385848000,170557002,,,,,,
2018-05-30,8316700,2.8309,2.8392,2.7316,2.773,-0.0579,-2.05,0.3,27922962,,,14.7125,1.036,3.6764,5.0416,9193740000,169516653,,,,,,
2018-05-31,3839295,2.773,2.7978,2.7647,2.7978,0.0248,0.89,0.14,12934310,,,14.8442,1.0453,3.7093,5.0867,9276072000,172647713,,,,,,
2018-06-01,6850423,2.7813,2.8061,2.7481,2.7978,0,0,0.25,22992076,,,14.8442,1.0453,3.7093,5.0867,9276072000,172843454,,,,,,
2018-06-04,4588800,2.7895,2.8061,2.7647,2.7895,-0.0083,-0.3,0.17,15448251,,,14.8003,1.0422,3.6984,5.0717,9248628000,173704988,,,,,,
2018-06-05,5901172,2.7813,2.8475,2.7813,2.8309,0.0414,1.48,0.21,20106674,,,15.0199,1.0576,3.7532,5.1469,9385848000,178084304,,,,,,
2018-06-06,4023079,2.8309,2.8475,2.8144,2.8392,0.0083,0.29,0.15,13757670,,,15.0638,1.0607,3.7642,5.162,9413292000,178338545,,,,,,
2018-06-07,2461587,2.8392,2.8475,2.8226,2.8226,-0.0166,-0.58,0.09,8427999,,,14.976,1.0545,3.7423,5.1319,9358404000,177401880,,,,,,
2018-06-08,4519723,2.8392,2.8475,2.7978,2.8309,0.0083,0.29,0.16,15391325,,,15.0199,1.0576,3.7532,5.1469,9385848000,178318026,,,,,,
2018-06-11,3380006,2.8226,2.8226,2.7813,2.7978,-0.0331,-1.17,0.12,11476315,,,14.8442,1.0453,3.7093,5.0867,9276072000,178753486,,,,,,
2018-06-12,2941300,2.7978,2.8392,2.7978,2.8061,0.0083,0.3,0.11,10015364,,,14.8882,1.0484,3.7203,5.1018,9303516000,179103226,,,,,,
2018-06-13,3686369,2.8061,2.8309,2.7895,2.7895,-0.0166,-0.59,0.13,12507875,,,14.8003,1.0422,3.6984,5.0717,9248628000,178489905,,,,,,
2018-06-14,3873403,2.7895,2.8144,2.7813,2.8061,0.0166,0.6,0.14,13099734,,,14.8882,1.0484,3.7203,5.1018,9303516000,178113220,,,,,,
2018-06-15,7022500,2.8318,2.8404,2.7804,2.8061,0,0,0.26,23014775,,,14.3611,1.0502,3.5886,4.9212,8974188000,177269744,,,,,,
2018-06-19,7526089,2.7889,2.7889,2.5916,2.6602,-0.1459,-5.2,0.27,23674330,,,13.6145,0.9956,3.4021,4.6653,8507640000,177493491,,,,,,
2018-06-20,4682472,2.6602,2.6774,2.6173,2.6516,-0.0086,-0.32,0.17,14426245,,,13.5706,0.9924,3.3911,4.6503,8480196000,177859978,,,,,,
2018-06-21,4696500,2.6602,2.6602,2.6001,2.6345,-0.0171,-0.64,0.17,14429647,,,13.4828,0.986,3.3691,4.6202,8425308000,178400856,,,,,,
2018-06-22,4069151,2.6259,2.6259,2.5744,2.6087,-0.0258,-0.98,0.15,12335090,,,13.351,0.9764,3.3362,4.575,8342976000,177586494,,,,,,
2018-06-25,3269350,2.6259,2.6431,2.5916,2.6087,0,0,0.12,9990414,,,13.351,0.9764,3.3362,4.575,8342976000,178366005,,,,,,
2018-06-26,3970076,2.5916,2.6001,2.5658,2.583,-0.0257,-0.99,0.14,11943040,,,13.2193,0.9667,3.3033,4.5299,8260644000,175862658,,,,,,
2018-06-27,2811083,2.583,2.6001,2.5744,2.5916,0.0086,0.33,0.1,8470702,,,13.2632,0.9699,3.3143,4.5449,8288088000,175963880,,,,,,
2018-06-28,2541100,2.5916,2.5916,2.5658,2.5658,-0.0258,-1,0.09,7637216,,,13.1314,0.9603,3.2813,4.4998,8205756000,176151116,,,,,,
2018-06-29,4023105,2.5744,2.6001,2.5658,2.5916,0.0258,1.01,0.15,12113171,,,13.2632,0.9699,3.3143,4.5449,8288088000,176211773,,,,,,
2018-07-02,5269050,2.6001,2.6001,2.5658,2.6001,0.0085,0.33,0.19,15853116,,,12.9944,0.9494,3.2747,4.2914,8315532000,176218875,,,,,,
2018-07-03,3309200,2.5916,2.5916,2.5658,2.5916,-0.0085,-0.33,0.12,9955153,,,12.9515,0.9463,3.2639,4.2772,8288088000,176535970,,,,,,
2018-07-04,2022451,2.583,2.5916,2.5744,2.5744,-0.0172,-0.66,0.07,6075314,,,12.8657,0.94,3.2423,4.2489,8233200000,178152618,,,,,,
2018-07-05,3836929,2.5744,2.5916,2.5658,2.5916,0.0172,0.67,0.14,11547988,,,12.9515,0.9463,3.2639,4.2772,8288088000,178018057,,,,,,
2018-07-06,4298705,2.583,2.5916,2.5315,2.583,-0.0086,-0.33,0.16,12880266,,,12.9086,0.9431,3.2531,4.263,8260644000,178639564,,,,,,
2018-07-09,3167011,2.583,2.6173,2.5744,2.6087,0.0257,0.99,0.11,9586005,,,13.0373,0.9525,3.2855,4.3055,8342976000,178689793,,,,,,
2018-07-10,14616274,2.6173,2.6173,2.4972,2.583,-0.0257,-0.99,0.53,43544619,,,12.9086,0.9431,3.2531,4.263,8260644000,189080805,,,,,,
2018-07-11,7897387,2.5572,2.5572,2.5058,2.5315,-0.0515,-1.99,0.29,23237034,,,12.6513,0.9243,3.1882,4.1781,8095980000,190521689,,,,,,
2018-07-12,4707779,2.5315,2.5658,2.5229,2.5572,0.0257,1.02,0.17,13994389,,,12.78,0.9337,3.2207,4.2205,8178312000,190459669,,,,,,
2018-07-13,2635265,2.5572,2.5572,2.5401,2.5487,-0.0085,-0.33,0.1,7819761,,,12.7371,0.9306,3.2099,4.2064,8150868000,190027676,,,,,,
2018-07-16,2882153,2.5487,2.5572,2.5315,2.5401,-0.0086,-0.34,0.1,8527904,,,12.6942,0.9275,3.199,4.1922,8123424000,191555849,,,,,,
2018-07-17,2276050,2.5401,2.5401,2.5143,2.5315,-0.0086,-0.34,0.08,6703633,,,12.6513,0.9243,3.1882,4.1781,8095980000,190971718,,,,,,
2018-07-18,2775307,2.5229,2.5401,2.5229,2.5315,0,0,0.1,8187442,,,12.6513,0.9243,3.1882,4.1781,8095980000,190929666,,,,,,
2018-07-19,2927906,2.5229,2.5401,2.5143,2.5315,0,0,0.11,8624716,,,12.6513,0.9243,3.1882,4.1781,8095980000,189909132,,,,,,
2018-07-20,4501308,2.5315,2.5572,2.5143,2.5572,0.0257,1.02,0.16,13328694,,,12.78,0.9337,3.2207,4.2205,8178312000,189505406,,,,,,
2018-07-23,5502151,2.5487,2.5916,2.5401,2.583,0.0258,1.01,0.2,16474001,,,12.9086,0.9431,3.2531,4.263,8260644000,191569766,,,,,,
2018-07-24,16416293,2.5744,2.6516,2.5744,2.6345,0.0515,1.99,0.6,50005140,,,13.1659,0.9619,3.3179,4.348,8425308000,186192762,,,,,,
2018-07-25,7651565,2.6259,2.6345,2.6001,2.6087,-0.0258,-0.98,0.28,23325002,,,13.0373,0.9525,3.2855,4.3055,8342976000,184578597,,,,,,
2018-07-26,7948998,2.6087,2.6602,2.6087,2.6431,0.0344,1.32,0.29,24391890,,,13.2088,0.9651,3.3287,4.3622,8452752000,185569723,,,,,,
2018-07-27,6974900,2.6345,2.6688,2.6259,2.6431,0,0,0.25,21505578,,,13.2088,0.9651,3.3287,4.3622,8452752000,186079699,,,,,,
2018-07-30,4364041,2.6431,2.6431,2.6001,2.6173,-0.0258,-0.98,0.16,13308661,,,13.0802,0.9557,3.2963,4.3197,8370420000,185454845,,,,,,
2018-07-31,3794619,2.6087,2.6259,2.6001,2.6173,0,0,0.14,11560769,,,13.0802,0.9557,3.2963,4.3197,8370420000,184500360,,,,,,
2018-08-01,3906129,2.6259,2.6345,2.5916,2.5916,-0.0257,-0.98,0.14,11916037,,,12.9515,0.9463,3.2639,4.2772,8288088000,183210720,,,,,,
2018-08-02,5548634,2.5916,2.6087,2.5315,2.5572,-0.0344,-1.33,0.2,16576632,,,12.78,0.9337,3.2207,4.2205,8178312000,182416654,,,,,,
2018-08-03,2981550,2.5487,2.5658,2.5401,2.5401,-0.0171,-0.67,0.11,8853498,,,12.6942,0.9275,3.199,4.1922,8123424000,180471514,,,,,,
2018-08-06,3121492,2.5401,2.5572,2.5143,2.5229,-0.0172,-0.68,0.11,9218176,,,12.6084,0.9212,3.1774,4.1639,8068536000,179933490,,,,,,
2018-08-07,5082984,2.5315,2.5744,2.5229,2.5744,0.0515,2.04,0.19,15112652,,,12.8657,0.94,3.2423,4.2489,8233200000,181177490,,,,,,
2018-08-08,2658950,2.5744,2.5744,2.5487,2.5487,-0.0257,-1,0.1,7925034,,,12.7371,0.9306,3.2099,4.2064,8150868000,180966021,,,,,,
2018-08-09,5160308,2.5487,2.5916,2.5401,2.5744,0.0257,1.01,0.19,15485005,,,12.8657,0.94,3.2423,4.2489,8233200000,182912664,,,,,,
2018-08-10,3799514,2.5744,2.583,2.5572,2.5658,-0.0086,-0.33,0.14,11371684,,,12.8229,0.9369,3.2315,4.2347,8205756000,182093299,,,,,,
2018-08-13,3580186,2.5658,2.5658,2.5315,2.5487,-0.0171,-0.67,0.13,10609295,,,12.7371,0.9306,3.2099,4.2064,8150868000,180537507,,,,,,
2018-08-14,2299398,2.5487,2.5572,2.5401,2.5487,0,0,0.08,6821645,,,12.7371,0.9306,3.2099,4.2064,8150868000,180108784,,,,,,
2018-08-15,3566400,2.5487,2.5572,2.5229,2.5315,-0.0172,-0.67,0.13,10553142,,,12.6513,0.9243,3.1882,4.1781,8095980000,178482583,,,,,,
2018-08-16,3249475,2.5315,2.5315,2.5143,2.5315,0,0,0.12,9552512,,,12.6513,0.9243,3.1882,4.1781,8095980000,178356414,,,,,,
2018-08-17,2658545,2.5315,2.5401,2.5143,2.5229,-0.0086,-0.34,0.1,7813754,,,12.6084,0.9212,3.1774,4.1639,8068536000,178648171,,,,,,
2018-08-20,3133400,2.5058,2.5229,2.5058,2.5229,0,0,0.11,9180654,,,12.6084,0.9212,3.1774,4.1639,8068536000,178153095,,,,,,
2018-08-21,3723059,2.5229,2.5401,2.5143,2.5315,0.0086,0.34,0.14,10981708,,,12.6513,0.9243,3.1882,4.1781,8095980000,176661598,,,,,,
2018-08-22,1532000,2.5315,2.5315,2.5143,2.5229,-0.0086,-0.34,0.06,4505768,,,12.6084,0.9212,3.1774,4.1639,8068536000,176337730,,,,,,
2018-08-23,2755520,2.5143,2.5315,2.5058,2.5143,-0.0086,-0.34,0.1,8082776,,,12.5655,0.9181,3.1666,4.1497,8041092000,176675946,,,,,,
2018-08-24,3051870,2.5143,2.5315,2.5058,2.5229,0.0086,0.34,0.11,8959037,,,12.6084,0.9212,3.1774,4.1639,8068536000,176248604,,,,,,
2018-08-27,3899517,2.5315,2.5401,2.5143,2.5401,0.0172,0.68,0.14,11494335,,,12.6942,0.9275,3.199,4.1922,8123424000,177891914,,,,,,
2018-08-28,4052200,2.5401,2.5401,2.5229,2.5401,0,0,0.15,11954123,,,12.6942,0.9275,3.199,4.1922,8123424000,177123838,,,,,,
2018-08-29,2339075,2.5315,2.5401,2.5143,2.5229,-0.0172,-0.68,0.08,6878135,,,12.6084,0.9212,3.1774,4.1639,8068536000,176296713,,,,,,
2018-08-30,2952600,2.5143,2.5315,2.5058,2.5143,-0.0086,-0.34,0.11,8662387,,,12.5655,0.9181,3.1666,4.1497,8041092000,176320581,,,,,,
2018-08-31,3516354,2.5058,2.5315,2.5058,2.5229,0.0086,0.34,0.13,10327648,,,12.6084,0.9212,3.1774,4.1639,8068536000,175657345,,,,,,
2018-09-03,3604895,2.5229,2.5401,2.5058,2.5401,0.0172,0.68,0.13,10600463,,,12.6942,0.9275,3.199,4.1922,8123424000,174564417,,,,,,
2018-09-04,5323880,2.5315,2.5658,2.5229,2.5572,0.0171,0.67,0.19,15815953,,,12.78,0.9337,3.2207,4.2205,8178312000,174293647,,,,,,
2018-09-05,2685800,2.5572,2.5572,2.5401,2.5401,-0.0171,-0.67,0.1,7977233,,,12.6942,0.9275,3.199,4.1922,8123424000,174046574,,,,,,
2018-09-06,2231725,2.5401,2.5572,2.5315,2.5401,0,0,0.08,6616706,,,12.6942,0.9275,3.199,4.1922,8123424000,173165711,,,,,,
2018-09-07,1896725,2.5401,2.5487,2.5229,2.5401,0,0,0.07,5606933,,,12.6942,0.9275,3.199,4.1922,8123424000,172934946,,,,,,
2018-09-10,3147000,2.5315,2.5401,2.4972,2.5058,-0.0343,-1.35,0.11,9217653,,,12.5227,0.9149,3.1558,4.1356,8013648000,173297027,,,,,,
2018-09-11,1954100,2.4972,2.5143,2.4972,2.5143,0.0085,0.34,0.07,5709684,,,12.5655,0.9181,3.1666,4.1497,8041092000,173324562,,,,,,
2018-09-12,1894581,2.5143,2.5229,2.5058,2.5058,-0.0085,-0.34,0.07,5550300,,,12.5227,0.9149,3.1558,4.1356,8013648000,173256922,,,,,,
2018-09-13,2878950,2.5143,2.5315,2.5058,2.5315,0.0257,1.03,0.1,8442363,,,12.6513,0.9243,3.1882,4.1781,8095980000,172777664,,,,,,
2018-09-14,2366549,2.5315,2.5315,2.5143,2.5143,-0.0172,-0.68,0.09,6947976,,,12.5655,0.9181,3.1666,4.1497,8041092000,172733441,,,,,,
2018-09-17,2940510,2.5143,2.5229,2.4972,2.5143,0,0,0.11,8596798,,,12.5655,0.9181,3.1666,4.1497,8041092000,172134146,,,,,,
2018-09-18,3595283,2.5058,2.5401,2.5058,2.5401,0.0258,1.03,0.13,10579903,,,12.6942,0.9275,3.199,4.1922,8123424000,173165795,,,,,,
2018-09-19,4029644,2.5401,2.5487,2.5229,2.5487,0.0086,0.34,0.15,11925969,,,12.7371,0.9306,3.2099,4.2064,8150868000,171918224,,,,,,
2018-09-20,2161950,2.5401,2.5487,2.5315,2.5315,-0.0172,-0.67,0.08,6391875,,,12.6513,0.9243,3.1882,4.1781,8095980000,171645654,,,,,,
2018-09-21,5819991,2.5315,2.5658,2.5315,2.5658,0.0343,1.35,0.21,17299728,,,12.8229,0.9369,3.2315,4.2347,8205756000,170551842,,,,,,
2018-09-25,5794742,2.5572,2.5572,2.5315,2.5572,-0.0086,-0.34,0.21,17196729,,,12.78,0.9337,3.2207,4.2205,8178312000,169685683,,,,,,
2018-09-26,7229937,2.5572,2.5916,2.5487,2.5658,0.0086,0.34,0.26,21701922,,,12.8229,0.9369,3.2315,4.2347,8205756000,170453640,,,,,,
2018-09-27,4271250,2.5658,2.5916,2.5572,2.5744,0.0086,0.34,0.15,12785584,,,12.8657,0.94,3.2423,4.2489,8233200000,171425056,,,,,,
2018-09-28,2723966,2.5744,2.583,2.5658,2.5744,0,0,0.1,8169626,,,12.8657,0.94,3.2423,4.2489,8233200000,171124702,,,,,,
2018-10-08,4047491,2.5572,2.5658,2.5315,2.5401,-0.0343,-1.33,0.15,12035910,,,12.0685,0.9058,3.1275,4.4264,8123424000,169614161,,,,,,
2018-10-09,4631878,2.5401,2.5744,2.5315,2.5658,0.0257,1.01,0.17,13812329,,,12.1908,0.9149,3.1591,4.4712,8205756000,168726370,,,,,,
2018-10-10,4507300,2.5658,2.583,2.5658,2.583,0.0172,0.67,0.16,13524935,,,12.2724,0.9211,3.1803,4.5011,8260644000,168405095,,,,,,
2018-10-11,9341626,2.5572,2.5658,2.4199,2.4628,-0.1202,-4.65,0.34,27278588,,,11.7016,0.8782,3.0324,4.2918,7876428000,168957953,,,,,,
2018-10-12,5447932,2.4714,2.4714,2.3685,2.4199,-0.0429,-1.74,0.2,15363724,,,11.4977,0.8629,2.9795,4.217,7739208000,170363093,,,,,,
2018-10-15,3194558,2.4199,2.4371,2.3685,2.3856,-0.0343,-1.42,0.12,8970388,,,11.3346,0.8507,2.9373,4.1572,7629432000,170764137,,,,,,
2018-10-16,3471311,2.3856,2.4028,2.3427,2.3513,-0.0343,-1.44,0.13,9601835,,,11.1715,0.8384,2.895,4.0974,7519656000,171029504,,,,,,
2018-10-17,3145900,2.3685,2.3856,2.3427,2.3685,0.0172,0.73,0.11,8658385,,,11.2531,0.8446,2.9161,4.1273,7574544000,170894979,,,,,,
2018-10-18,3517600,2.3513,2.3685,2.2998,2.3084,-0.0601,-2.54,0.13,9531018,,,10.9677,0.8231,2.8422,4.0226,7382436000,169977348,,,,,,
2018-10-19,4365081,2.2912,2.3513,2.2569,2.3427,0.0343,1.49,0.16,11751559,,,11.1308,0.8354,2.8844,4.0824,7492212000,169995486,,,,,,
2018-10-22,7241385,2.3513,2.4457,2.3427,2.4199,0.0772,3.3,0.26,20292231,,,11.4977,0.8629,2.9795,4.217,7739208000,171456464,,,,,,
2018-10-23,3659197,2.4285,2.4285,2.3856,2.3856,-0.0343,-1.42,0.13,10265177,,,11.3346,0.8507,2.9373,4.1572,7629432000,170256707,,,,,,
2018-10-24,2747531,2.3942,2.4285,2.377,2.4028,0.0172,0.72,0.1,7703871,,,11.4162,0.8568,2.9584,4.1871,7684320000,169788286,,,,,,
2018-10-25,3711552,2.3942,2.4199,2.3599,2.4114,0.0086,0.36,0.13,10327367,,,11.4569,0.8599,2.969,4.202,7711764000,169727359,,,,,,
2018-10-26,2841517,2.4114,2.4457,2.4114,2.4285,0.0171,0.71,0.1,8028343,,,11.5385,0.866,2.9901,4.232,7766652000,169416863,,,,,,
2018-10-29,2155150,2.4285,2.4285,2.3856,2.4028,-0.0257,-1.06,0.08,6029914,,,11.4162,0.8568,2.9584,4.1871,7684320000,169967764,,,,,,
2018-10-30,3708400,2.3942,2.4285,2.3856,2.4199,0.0171,0.71,0.13,10402809,,,11.4977,0.8629,2.9795,4.217,7739208000,170283059,,,,,,
2018-10-31,3628720,2.4285,2.4457,2.4199,2.4371,0.0172,0.71,0.13,10286127,,,11.5793,0.869,3.0007,4.2469,7794096000,170097174,,,,,,
2018-11-01,5615282,2.4457,2.4714,2.4371,2.4457,0.0086,0.35,0.2,16066324,,,11.62,0.8721,3.0112,4.2619,7821540000,168573473,,,,,,
2018-11-02,6007101,2.4543,2.48,2.4457,2.48,0.0343,1.4,0.22,17261946,,,11.7831,0.8843,3.0535,4.3217,7931316000,168395688,,,,,,
2018-11-05,6679402,2.4714,2.5143,2.4628,2.5143,0.0343,1.38,0.24,19382774,,,11.9462,0.8966,3.0958,4.3815,8041092000,168397602,,,,,,
2018-11-06,4731939,2.4972,2.5058,2.4714,2.5058,-0.0085,-0.34,0.17,13732064,,,11.9054,0.8935,3.0852,4.3665,8013648000,167735124,,,,,,
2018-11-07,3318140,2.4972,2.5229,2.4972,2.5143,0.0085,0.34,0.12,9720781,,,11.9462,0.8966,3.0958,4.3815,8041092000,167929658,,,,,,
2018-11-08,2501700,2.5143,2.5315,2.5058,2.5143,0,0,0.09,7337702,,,11.9462,0.8966,3.0958,4.3815,8041092000,167070612,,,,,,
2018-11-09,3625436,2.5058,2.5229,2.48,2.5143,0,0,0.13,10564630,,,11.9462,0.8966,3.0958,4.3815,8041092000,167474547,,,,,,
2018-11-12,10442359,2.5058,2.6259,2.4972,2.6001,0.0858,3.41,0.38,31375485,,,12.3539,0.9272,3.2014,4.531,8315532000,167906623,,,,,,
2018-11-13,9968239,2.5744,2.6516,2.5572,2.6345,0.0344,1.32,0.36,30412879,,,12.517,0.9394,3.2437,4.5908,8425308000,167700421,,,,,,
2018-11-14,6866781,2.6345,2.6602,2.6173,2.6259,-0.0086,-0.33,0.25,21128448,,,12.4762,0.9364,3.2331,4.5759,8397864000,170891796,,,,,,
2018-11-15,10535537,2.6431,2.7031,2.6345,2.7031,0.0772,2.94,0.38,32851774,,,12.8432,0.9639,3.3282,4.7105,8644860000,170108614,,,,,,
2018-11-16,9674733,2.7031,2.7374,2.686,2.7117,0.0086,0.32,0.35,30641038,,,12.884,0.967,3.3388,4.7254,8672304000,169216743,,,,,,
2018-11-19,15571822,2.7374,2.7632,2.686,2.7031,-0.0086,-0.32,0.56,49455196,,,12.8432,0.9639,3.3282,4.7105,8644860000,170429943,,,,,,
2018-11-20,8649795,2.6688,2.7289,2.6688,2.6688,-0.0343,-1.27,0.31,27210005,,,12.6801,0.9517,3.2859,4.6507,8535084000,169908743,,,,,,
2018-11-21,5172861,2.6602,2.6945,2.6516,2.686,0.0172,0.64,0.19,16144499,,,12.7616,0.9578,3.3071,4.6806,8589972000,169308542,,,,,,
2018-11-22,3593003,2.686,2.6945,2.6516,2.6688,-0.0172,-0.64,0.13,11181433,,,12.6801,0.9517,3.2859,4.6507,8535084000,169255147,,,,,,
2018-11-23,6710546,2.6688,2.686,2.5744,2.583,-0.0858,-3.21,0.24,20418714,,,12.2724,0.9211,3.1803,4.5011,8260644000,167836451,,,,,,
2018-11-26,15289940,2.6087,2.8061,2.6001,2.6602,0.0772,2.99,0.55,48191570,,,12.6393,0.9486,3.2754,4.6357,8507640000,169712891,,,,,,
2018-11-27,9983753,2.6516,2.6602,2.583,2.5916,-0.0686,-2.58,0.36,30330702,,,12.3132,0.9241,3.1908,4.5161,8288088000,170297521,,,,,,
2018-11-28,4475950,2.6001,2.6173,2.5658,2.6087,0.0171,0.66,0.16,13555131,,,12.3947,0.9302,3.212,4.546,8342976000,170691845,,,,,,
2018-11-29,3752750,2.6259,2.6345,2.583,2.583,-0.0257,-0.99,0.14,11382938,,,12.2724,0.9211,3.1803,4.5011,8260644000,169900920,,,,,,
2018-11-30,4166350,2.5916,2.6001,2.5572,2.583,0,0,0.15,12506864,,,12.2724,0.9211,3.1803,4.5011,8260644000,172356741,,,,,,
2018-12-03,8033653,2.6173,2.6516,2.6173,2.6345,0.0515,1.99,0.29,24605826,,,12.517,0.9394,3.2437,4.5908,8425308000,177104347,,,,,,
2018-12-04,5844743,2.6431,2.6431,2.6001,2.6345,0,0,0.21,17832998,,,12.517,0.9394,3.2437,4.5908,8425308000,177304121,,,,,,
2018-12-05,6422055,2.6173,2.6259,2.5916,2.6087,-0.0258,-0.98,0.23,19464206,,,12.3947,0.9302,3.212,4.546,8342976000,177002435,,,,,,
2018-12-06,5047808,2.6087,2.6087,2.5572,2.5744,-0.0343,-1.31,0.18,15169325,,,12.2316,0.918,3.1697,4.4862,8233200000,177315540,,,,,,
2018-12-07,4068731,2.5572,2.583,2.5572,2.5744,0,0,0.15,12177907,,,12.2316,0.918,3.1697,4.4862,8233200000,179326464,,,,,,
2018-12-10,4175114,2.5658,2.583,2.5487,2.5744,0,0,0.15,12466426,,,12.2316,0.918,3.1697,4.4862,8233200000,178886999,,,,,,
2018-12-11,3884933,2.5658,2.5916,2.5658,2.5744,0,0,0.14,11697331,,,12.2316,0.918,3.1697,4.4862,8233200000,177409434,,,,,,
2018-12-12,3283632,2.5744,2.5916,2.5744,2.583,0.0086,0.33,0.12,9895326,,,12.2724,0.9211,3.1803,4.5011,8260644000,177316717,,,,,,
2018-12-13,4802613,2.583,2.6259,2.5744,2.6087,0.0257,0.99,0.17,14577055,,,12.3947,0.9302,3.212,4.546,8342976000,179165932,,,,,,
2018-12-14,3432705,2.6087,2.6173,2.583,2.583,-0.0257,-0.99,0.12,10376773,,,12.2724,0.9211,3.1803,4.5011,8260644000,178946743,,,,,,
2018-12-17,2981550,2.5744,2.583,2.5658,2.5744,-0.0086,-0.33,0.11,8939415,,,12.2316,0.918,3.1697,4.4862,8233200000,179438945,,,,,,
2018-12-18,3043519,2.5744,2.5916,2.5658,2.5744,0,0,0.11,9143966,,,12.2316,0.918,3.1697,4.4862,8233200000,179077153,,,,,,
2018-12-19,4255367,2.5744,2.5916,2.5658,2.583,0.0086,0.33,0.15,12775070,,,12.2724,0.9211,3.1803,4.5011,8260644000,178995585,,,,,,
2018-12-20,5723915,2.5916,2.5916,2.5229,2.5401,-0.0429,-1.66,0.21,17035332,,,12.0685,0.9058,3.1275,4.4264,8123424000,178032692,,,,,,
2018-12-21,5312401,2.5401,2.5572,2.5229,2.5401,0,0,0.19,15728728,,,12.0685,0.9058,3.1275,4.4264,8123424000,178153245,,,,,,
2018-12-24,3579700,2.5401,2.5658,2.5401,2.5572,0.0171,0.67,0.13,10663908,,,12.1501,0.9119,3.1486,4.4563,8178312000,178502200,,,,,,
2018-12-25,4373991,2.5572,2.5572,2.5058,2.5487,-0.0085,-0.33,0.16,12912628,,,12.1093,0.9088,3.138,4.4413,8150868000,177655873,,,,,,
2018-12-26,3389265,2.5572,2.5572,2.5058,2.5315,-0.0172,-0.67,0.12,10023640,,,12.0278,0.9027,3.1169,4.4114,8095980000,178396082,,,,,,
2018-12-27,2428086,2.5572,2.5658,2.5229,2.5315,0,0,0.09,7206465,,,12.0278,0.9027,3.1169,4.4114,8095980000,178702942,,,,,,
2018-12-28,3080111,2.5315,2.5487,2.5229,2.5487,0.0172,0.68,0.11,9110300,,,12.1093,0.9088,3.138,4.4413,8150868000,178352388,,,,,,
2019-01-02,6235576,2.5487,2.583,2.5401,2.5658,0.0171,0.67,0.23,18606093,,,11.1869,0.9025,3.0818,4.2913,8205756000,178856084,,,,,,
2019-01-03,7467763,2.5487,2.5916,2.5401,2.5744,0.0086,0.34,0.27,22368455,,,11.2243,0.9055,3.0921,4.3056,8233200000,177417446,,,,,,
2019-01-04,7168965,2.5487,2.6001,2.5487,2.6001,0.0257,1,0.26,21594559,,,11.3366,0.9146,3.123,4.3487,8315532000,178164258,,,,,,
2019-01-07,5231876,2.6087,2.6173,2.5916,2.6087,0.0086,0.33,0.19,15891187,,,11.374,0.9176,3.1333,4.3631,8342976000,178723633,,,,,,
2019-01-08,7730301,2.6087,2.6774,2.5916,2.6259,0.0172,0.66,0.28,23692655,,,11.4488,0.9236,3.1539,4.3918,8397864000,178451704,,,,,,
2019-01-09,9940077,2.6345,2.6602,2.6173,2.6345,0.0086,0.33,0.36,30577585,,,11.4862,0.9266,3.1642,4.4061,8425308000,177127486,,,,,,
2019-01-10,4871557,2.6345,2.6431,2.6087,2.6345,0,0,0.18,14911344,,,11.4862,0.9266,3.1642,4.4061,8425308000,176636465,,,,,,
2019-01-11,5473523,2.6345,2.6516,2.6259,2.6516,0.0171,0.65,0.19,16809254,,,11.5611,0.9327,3.1848,4.4348,8480196000,177331993,,,,,,
2019-01-14,6062880,2.6516,2.6602,2.6259,2.6431,-0.0085,-0.32,0.22,18696570,,,11.5237,0.9296,3.1745,4.4205,8452752000,177873956,,,,,,
2019-01-15,4508201,2.6345,2.6688,2.6345,2.6688,0.0257,0.97,0.16,13950038,,,11.6359,0.9387,3.2055,4.4635,8535084000,177125529,,,,,,
2019-01-16,5744651,2.6602,2.6774,2.6431,2.6431,-0.0257,-0.96,0.21,17815432,,,11.5237,0.9296,3.1745,4.4205,8452752000,177003927,,,,,,
2019-01-17,9772879,2.6516,2.6945,2.6516,2.6774,0.0343,1.3,0.35,30474717,,,11.6733,0.9417,3.2158,4.4779,8562528000,173616806,,,,,,
2019-01-18,6077156,2.686,2.6945,2.6516,2.6602,-0.0172,-0.64,0.22,18839438,,,11.5985,0.9357,3.1952,4.4492,8507640000,174517552,,,,,,
2019-01-21,5538720,2.6602,2.6774,2.6431,2.6602,0,0,0.2,17154824,,,11.5985,0.9357,3.1952,4.4492,8507640000,175772784,,,,,,
2019-01-22,4764150,2.6602,2.6688,2.6259,2.6431,-0.0171,-0.64,0.17,14705351,,,11.5237,0.9296,3.1745,4.4205,8452752000,175123288,,,,,,
2019-01-23,3070645,2.6431,2.6431,2.6173,2.6259,-0.0172,-0.65,0.11,9394942,,,11.4488,0.9236,3.1539,4.3918,8397864000,174885226,,,,,,
2019-01-24,5743138,2.6345,2.6688,2.6173,2.6602,0.0343,1.31,0.21,17765956,,,11.5985,0.9357,3.1952,4.4492,8507640000,174399698,,,,,,
2019-01-25,4551600,2.6602,2.6774,2.6431,2.6431,-0.0171,-0.64,0.17,14126145,,,11.5237,0.9296,3.1745,4.4205,8452752000,172817270,,,,,,
2019-01-28,4911162,2.6431,2.6774,2.6431,2.6516,0.0085,0.32,0.18,15220504,,,11.5611,0.9327,3.1848,4.4348,8480196000,172963925,,,,,,
2019-01-29,6979201,2.6516,2.6688,2.6259,2.6431,-0.0085,-0.32,0.25,21513899,,,11.5237,0.9296,3.1745,4.4205,8452752000,172398461,,,,,,
2019-01-30,2871801,2.6431,2.6516,2.6259,2.6345,-0.0086,-0.33,0.1,8832312,,,11.4862,0.9266,3.1642,4.4061,8425308000,173006473,,,,,,
2019-01-31,7361340,2.6345,2.6431,2.5658,2.6087,-0.0258,-0.98,0.26,22283737,,,11.374,0.9176,3.1333,4.3631,8342976000,177419607,,,,,,
2019-02-01,7843015,2.6001,2.6602,2.5916,2.6602,0.0515,1.97,0.28,24107983,,,11.5985,0.9357,3.1952,4.4492,8507640000,172383506,,,,,,
2019-02-11,10220450,2.6688,2.7031,2.6516,2.6945,0.0343,1.29,0.37,31951265,,,11.7482,0.9478,3.2364,4.5066,8617416000,172416491,,,,,,
2019-02-12,7205700,2.7031,2.7203,2.686,2.7117,0.0172,0.64,0.26,22744998,,,11.823,0.9538,3.257,4.5353,8672304000,171979927,,,,,,
2019-02-13,7758599,2.7203,2.7289,2.686,2.7117,0,0,0.28,24521231,,,11.823,0.9538,3.257,4.5353,8672304000,172798181,,,,,,
2019-02-14,5652732,2.7203,2.7203,2.6945,2.7117,0,0,0.21,17849197,,,11.823,0.9538,3.257,4.5353,8672304000,174064658,,,,,,
2019-02-15,5347150,2.7117,2.7203,2.6945,2.6945,-0.0172,-0.63,0.19,16846697,,,11.7482,0.9478,3.2364,4.5066,8617416000,174795781,,,,,,
2019-02-18,10457213,2.7031,2.7289,2.6945,2.7289,0.0344,1.28,0.37,33013336,,,11.8978,0.9598,3.2776,4.564,8727192000,177588958,,,,,,
2019-02-19,9347881,2.7289,2.746,2.7203,2.7374,0.0085,0.31,0.34,29743521,,,11.9352,0.9628,3.2879,4.5783,8754636000,176147339,,,,,,
2019-02-20,6321314,2.7374,2.7374,2.7031,2.7203,-0.0171,-0.62,0.23,20018900,,,11.8604,0.9568,3.2673,4.5496,8699748000,180825026,,,,,,
2019-02-21,6015232,2.7203,2.7374,2.7031,2.7117,-0.0086,-0.32,0.22,19065996,,,11.823,0.9538,3.257,4.5353,8672304000,180295159,,,,,,
2019-02-22,6796636,2.7031,2.7374,2.6945,2.7289,0.0172,0.63,0.24,21566962,,,11.8978,0.9598,3.2776,4.564,8727192000,177208385,,,,,,
2019-02-25,21454872,2.746,2.8318,2.7374,2.8233,0.0944,3.46,0.78,69665986,,,12.3094,0.993,3.391,4.7219,9029076000,178629331,,,,,,
2019-02-26,22341127,2.8318,2.9091,2.8061,2.8748,0.0515,1.82,0.81,74378991,,,12.5339,1.0111,3.4528,4.808,9193740000,189942305,,,,,,
2019-02-27,21761495,2.8748,2.9177,2.8404,2.8662,-0.0086,-0.3,0.79,73201901,,,12.4964,1.0081,3.4425,4.7936,9166296000,197457134,,,,,,
2019-02-28,12436786,2.8662,2.8748,2.8404,2.8576,-0.0086,-0.3,0.45,41382038,,,12.459,1.0051,3.4322,4.7793,9138852000,194936756,,,,,,
2019-03-01,11439112,2.8576,2.8662,2.8318,2.8662,0.0086,0.3,0.39,38052138,,,12.4964,1.0081,3.4425,4.7936,9166296000,193720380,,,,,,
2019-03-04,17710998,2.8662,2.9177,2.8662,2.8919,0.0257,0.9,0.64,59760031,,,12.6087,1.0172,3.4734,4.8367,9248628000,197893987,,,,,,
2019-03-05,10570912,2.9005,2.9005,2.8748,2.9005,0.0086,0.3,0.37,35599161,,,12.6461,1.0202,3.4837,4.851,9276072000,200417591,,,,,,
2019-03-06,15505807,2.9091,2.9434,2.8833,2.9262,0.0257,0.89,0.56,52599846,,,12.7583,1.0292,3.5147,4.8941,9358404000,200948862,,,,,,
2019-03-07,21691801,2.9348,2.9777,2.9091,2.9691,0.0429,1.47,0.79,74368411,,,12.9454,1.0443,3.5662,4.9658,9495624000,202358841,,,,,,
2019-03-08,20867735,2.9348,2.9434,2.8318,2.8318,-0.1373,-4.62,0.75,70428359,,,12.3468,0.996,3.4013,4.7362,9056520000,205035732,,,,,,
2019-03-11,11722176,2.8404,2.8919,2.8404,2.8919,0.0601,2.12,0.42,39193867,,,12.6087,1.0172,3.4734,4.8367,9248628000,207313292,,,,,,
2019-03-12,22237888,2.9005,2.9863,2.8919,2.9691,0.0772,2.67,0.8,76289261,,,12.9454,1.0443,3.5662,4.9658,9495624000,202355221,,,,,,
2019-03-13,33206073,2.9691,3.0807,2.952,2.9949,0.0258,0.87,1.2,117267658,,,13.0577,1.0534,3.5971,5.0089,9577956000,204358707,,,,,,
2019-03-14,17950904,3.0121,3.0464,2.8748,2.9091,-0.0858,-2.86,0.65,61593816,,,12.6835,1.0232,3.4941,4.8654,9303516000,209905484,,,,,,
2019-03-15,11130067,2.9177,2.9606,2.9005,2.952,0.0429,1.47,0.4,38026675,,,12.8706,1.0383,3.5456,4.9371,9440736000,209073212,,,,,,
2019-03-18,14115522,2.9606,3.0035,2.9434,3.0035,0.0515,1.74,0.51,48781707,,,13.0951,1.0564,3.6074,5.0233,9605400000,207992387,,,,,,
2019-03-19,21973636,3.0035,3.0893,2.9691,3.0292,0.0257,0.86,0.79,77354216,,,13.2073,1.0655,3.6383,5.0663,9687732000,208334572,,,,,,
2019-03-20,15336517,3.0035,3.0121,2.9434,2.9863,-0.0429,-1.42,0.55,53196116,,,13.0202,1.0504,3.5868,4.9945,9550512000,210063816,,,,,,
2019-03-21,11305904,2.9863,3.0121,2.9777,2.9949,0.0086,0.29,0.4,39463648,,,13.0577,1.0534,3.5971,5.0089,9577956000,212050989,,,,,,
2019-03-22,12485277,3.0035,3.0206,2.9606,3.0121,0.0172,0.57,0.45,43517998,,,13.1325,1.0594,3.6177,5.0376,9632844000,210215167,,,,,,
2019-03-25,9043078,2.9606,3.0035,2.952,2.9691,-0.043,-1.43,0.33,31402131,,,12.9454,1.0443,3.5662,4.9658,9495624000,207551140,,,,,,
2019-03-26,13889546,2.9863,2.9863,2.8662,2.8833,-0.0858,-2.89,0.51,47221494,,,12.5713,1.0142,3.4631,4.8223,9221184000,210453772,,,,,,
2019-03-27,7352082,2.8919,2.9091,2.8662,2.8833,0,0,0.27,24691747,,,12.5713,1.0142,3.4631,4.8223,9221184000,209759286,,,,,,
2019-03-28,8202424,2.8833,2.9005,2.8404,2.8404,-0.0429,-1.49,0.29,27369819,,,12.3842,0.9991,3.4116,4.7506,9083964000,206532306,,,,,,
2019-03-29,9608372,2.8318,2.9177,2.8318,2.9091,0.0687,2.42,0.34,32272292,,,12.6835,1.0232,3.4941,4.8654,9303516000,208371321,,,,,,
2019-04-01,12717318,2.9091,2.9863,2.9091,2.9777,0.0686,2.36,0.46,43825571,,,12.716,1.0114,3.515,7.3853,9523068000,211401984,,,,,,
2019-04-02,9422115,2.9949,3.0121,2.9691,2.9863,0.0086,0.29,0.34,32788942,,,12.7526,1.0143,3.5251,7.4066,9550512000,211490574,,,,,,
2019-04-03,9169974,2.9691,3.0035,2.9691,2.9949,0.0086,0.29,0.33,31960214,,,12.7892,1.0172,3.5353,7.4279,9577956000,210470416,,,,,,
2019-04-04,14242090,3.0035,3.0292,3.0035,3.0206,0.0257,0.86,0.51,50071914,,,12.8992,1.026,3.5657,7.4917,9660288000,202661023,,,,,,
2019-04-08,14920249,3.0292,3.0464,2.9777,3.0206,0,0,0.54,52533840,,,12.8992,1.026,3.5657,7.4917,9660288000,192855335,,,,,,
2019-04-09,13815866,3.0035,3.0121,2.9691,3.0035,-0.0171,-0.57,0.5,48254006,,,12.8259,1.0201,3.5454,7.4492,9605400000,188809229,,,,,,
2019-04-10,10852220,2.9949,3.0292,2.9691,3.0206,0.0171,0.57,0.39,37926162,,,12.8992,1.026,3.5657,7.4917,9660288000,191012402,,,,,,
2019-04-11,10236678,3.0206,3.0378,2.9863,3.0035,-0.0171,-0.57,0.37,35966829,,,12.8259,1.0201,3.5454,7.4492,9605400000,189587853,,,,,,
2019-04-12,8840123,2.9949,3.0121,2.9691,2.9949,-0.0086,-0.29,0.32,30758405,,,12.7892,1.0172,3.5353,7.4279,9577956000,188287909,,,,,,
2019-04-15,12004800,3.0035,3.0292,2.9777,2.9777,-0.0172,-0.57,0.44,42103268,,,12.716,1.0114,3.515,7.3853,9523068000,191268270,,,,,,
2019-04-16,11954001,2.9777,2.9863,2.9348,2.9863,0.0086,0.29,0.42,41311317,,,12.7526,1.0143,3.5251,7.4066,9550512000,190445107,,,,,,
2019-04-17,49878092,2.9777,3.2352,2.9777,3.115,0.1287,4.31,1.81,180027476,,,13.3023,1.058,3.6771,7.7259,9962172000,204955160,,,,,,
2019-04-18,47672425,3.0979,3.2008,3.0378,3.0721,-0.0429,-1.38,1.73,172510301,,,13.1191,1.0435,3.6264,7.6194,9824952000,222515340,,,,,,
2019-04-19,24495064,3.0464,3.055,2.9777,3.0121,-0.06,-1.95,0.88,85958321,,,12.8625,1.0231,3.5555,7.4705,9632844000,218802475,,,,,,
2019-04-22,19297080,3.0378,3.0893,3.0121,3.0121,0,0,0.7,68549044,,,12.8625,1.0231,3.5555,7.4705,9632844000,227529970,,,,,,
2019-04-23,15466217,3.0292,3.0635,2.9949,3.0206,0.0085,0.28,0.56,54593675,,,12.8992,1.026,3.5657,7.4917,9660288000,235187101,,,,,,
2019-04-24,12075600,3.0206,3.0464,2.9949,3.0464,0.0258,0.85,0.43,42523041,,,13.0091,1.0347,3.5961,7.5556,9742620000,235913758,,,,,,
2019-04-25,17062251,3.0378,3.0378,2.9005,2.9262,-0.1202,-3.95,0.61,59021391,,,12.4961,0.9939,3.4542,7.2576,9358404000,236888896,,,,,,
2019-04-26,9010334,2.9177,2.9348,2.8919,2.9091,-0.0171,-0.58,0.32,30569676,,,12.4228,0.9881,3.434,7.2151,9303516000,237874787,,,,,,
2019-04-29,9091300,2.9091,2.9262,2.8404,2.8576,-0.0515,-1.77,0.33,30538426,,,12.2029,0.9706,3.3732,7.0874,9138852000,237133699,,,,,,
2019-04-30,5955977,2.8662,2.9091,2.8576,2.9091,0.0515,1.8,0.22,20074767,,,12.4228,0.9881,3.434,7.2151,9303516000,235745400,,,,,,
2019-05-06,13131530,2.8919,2.8919,2.7289,2.7718,-0.1373,-4.72,0.48,43073945,,,11.8365,0.9414,3.2719,6.8745,8864412000,238527947,,,,,,
2019-05-07,8024786,2.7718,2.8318,2.7718,2.8147,0.0429,1.55,0.29,26234666,,,12.0197,0.956,3.3226,6.9809,9001632000,237980886,,,,,,
2019-05-08,6733201,2.7804,2.8147,2.7632,2.7804,-0.0343,-1.22,0.24,21868962,,,11.8731,0.9444,3.282,6.8958,8891856000,237436920,,,,,,
2019-05-09,9476300,2.7718,2.7718,2.7289,2.746,-0.0344,-1.24,0.34,30354618,,,11.7265,0.9327,3.2415,6.8107,8782080000,231647576,,,,,,
2019-05-10,7961922,2.746,2.8147,2.746,2.8061,0.0601,2.19,0.29,25860887,,,11.983,0.9531,3.3124,6.9597,8974188000,230369276,,,,,,
2019-05-13,5935244,2.7975,2.8061,2.7632,2.7889,-0.0172,-0.61,0.21,19234204,,,11.9098,0.9473,3.2922,6.9171,8919300000,230837239,,,,,,
2019-05-14,3294179,2.7632,2.7889,2.7546,2.7718,-0.0171,-0.61,0.12,10637314,,,11.8365,0.9414,3.2719,6.8745,8864412000,231155632,,,,,,
2019-05-15,5027102,2.7718,2.8147,2.7718,2.8061,0.0343,1.24,0.18,16365508,,,11.983,0.9531,3.3124,6.9597,8974188000,232671791,,,,,,
2019-05-16,7140801,2.7975,2.8318,2.7889,2.8233,0.0172,0.61,0.25,23379896,,,12.0563,0.9589,3.3327,7.0022,9029076000,231687187,,,,,,
2019-05-17,6690080,2.8147,2.8233,2.7632,2.7718,-0.0515,-1.82,0.24,21721289,,,11.8365,0.9414,3.2719,6.8745,8864412000,229776737,,,,,,
2019-05-20,6456351,2.7632,2.7804,2.7031,2.7289,-0.0429,-1.55,0.23,20545102,,,11.6532,0.9269,3.2213,6.7681,8727192000,233509438,,,,,,
2019-05-21,3633512,2.7289,2.7718,2.7289,2.7632,0.0343,1.26,0.13,11675963,,,11.7998,0.9385,3.2618,6.8532,8836968000,234804468,,,,,,
2019-05-22,5359500,2.7632,2.7975,2.7546,2.7718,0.0086,0.31,0.19,17358525,,,11.8365,0.9414,3.2719,6.8745,8864412000,232088597,,,,,,
2019-05-23,5732404,2.7632,2.7889,2.7546,2.7804,0.0086,0.31,0.21,18551404,,,11.8731,0.9444,3.282,6.8958,8891856000,231122255,,,,,,
2019-05-24,4247700,2.7804,2.7975,2.7718,2.7889,0.0085,0.31,0.15,13800294,,,11.9098,0.9473,3.2922,6.9171,8919300000,233793582,,,,,,
2019-05-27,6643904,2.7889,2.8147,2.7632,2.8147,0.0258,0.93,0.24,21638902,,,12.0197,0.956,3.3226,6.9809,9001632000,233871151,,,,,,
2019-05-28,5440153,2.8061,2.8318,2.7975,2.8147,0,0,0.19,17835952,,,12.0197,0.956,3.3226,6.9809,9001632000,233794780,,,,,,
2019-05-29,9737645,2.8147,2.9091,2.8147,2.849,0.0343,1.22,0.35,32331200,,,12.1663,0.9677,3.3631,7.0661,9111408000,231922227,,,,,,
2019-05-30,6394000,2.8233,2.8404,2.7889,2.8233,-0.0257,-0.9,0.23,20995362,,,12.0563,0.9589,3.3327,7.0022,9029076000,232436049,,,,,,
2019-05-31,4072150,2.8318,2.8404,2.8061,2.8233,0,0,0.15,13411337,,,12.0563,0.9589,3.3327,7.0022,9029076000,231856583,,,,,,
2019-06-03,6272950,2.8318,2.8576,2.8061,2.849,0.0257,0.91,0.23,20716865,,,12.1663,0.9677,3.3631,7.0661,9111408000,231991668,,,,,,
2019-06-04,4514701,2.8318,2.8404,2.8061,2.8061,-0.0429,-1.51,0.16,14857068,,,11.983,0.9531,3.3124,6.9597,8974188000,232156090,,,,,,
2019-06-05,3326793,2.8233,2.8404,2.7975,2.8061,0,0,0.12,10922122,,,11.983,0.9531,3.3124,6.9597,8974188000,231643738,,,,,,
2019-06-06,3757500,2.8147,2.8147,2.7718,2.7889,-0.0172,-0.61,0.13,12227405,,,11.9098,0.9473,3.2922,6.9171,8919300000,230491281,,,,,,
2019-06-10,2828421,2.7889,2.8061,2.7804,2.7975,0.0086,0.31,0.1,9207510,,,11.9464,0.9502,3.3023,6.9384,8946744000,231168061,,,,,,
2019-06-11,6094514,2.7889,2.8662,2.7889,2.849,0.0515,1.84,0.22,20153168,,,12.1663,0.9677,3.3631,7.0661,9111408000,230426715,,,,,,
2019-06-12,4890000,2.8662,2.8662,2.8404,2.849,0,0,0.18,16245689,,,12.1663,0.9677,3.3631,7.0661,9111408000,229132055,,,,,,
2019-06-13,4411450,2.8576,2.8748,2.8318,2.8576,0.0086,0.3,0.16,14668395,,,12.2029,0.9706,3.3732,7.0874,9138852000,228806746,,,,,,
2019-06-14,5371884,2.849,2.8662,2.8147,2.8233,-0.0343,-1.2,0.2,17789592,,,12.0563,0.9589,3.3327,7.0022,9029076000,227552366,,,,,,
2019-06-17,3177501,2.8147,2.8404,2.8061,2.8404,0.0171,0.61,0.11,10466668,,,12.1296,0.9648,3.3529,7.0448,9083964000,228097614,,,,,,
2019-06-18,4105350,2.8404,2.8576,2.8147,2.8318,-0.0086,-0.3,0.15,13565330,,,12.093,0.9619,3.3428,7.0235,9056520000,228574386,,,,,,
2019-06-19,5544300,2.8576,2.8748,2.849,2.8576,0.0258,0.91,0.19,18443587,,,12.2029,0.9706,3.3732,7.0874,9138852000,230014543,,,,,,
2019-06-20,6463331,2.8576,2.8919,2.849,2.8919,0.0343,1.2,0.24,21661353,,,12.3495,0.9823,3.4137,7.1725,9248628000,229036576,,,,,,
2019-06-21,9255469,2.9091,2.9434,2.8919,2.9262,0.0343,1.19,0.34,31482435,,,12.4961,0.9939,3.4542,7.2576,9358404000,225107121,,,,,,
2019-06-24,13811078,2.9177,2.9606,2.9091,2.9434,0.0172,0.59,0.5,47432497,,,12.5694,0.9997,3.4745,7.3002,9413292000,226900873,,,,,,
2019-06-25,7086400,2.9434,2.9606,2.9091,2.9434,0,0,0.26,24190271,,,12.5694,0.9997,3.4745,7.3002,9413292000,226664886,,,,,,
2019-06-26,6138881,2.9262,2.952,2.9262,2.952,0.0086,0.29,0.22,21045997,,,12.606,1.0027,3.4846,7.3215,9440736000,227609682,,,,,,
2019-06-27,8513999,2.952,2.9606,2.9262,2.9434,-0.0086,-0.29,0.31,29174329,,,12.5694,0.9997,3.4745,7.3002,9413292000,230207387,,,,,,
2019-06-28,10457916,2.9343,2.9433,2.8984,2.9343,-0.0091,-0.31,0.38,33965871,,,11.983,0.9967,3.3124,6.9597,8974188000,226454026,,,,,,
2019-07-01,8773728,2.9613,2.9882,2.9433,2.9523,0.018,0.61,0.32,28873761,,,11.5352,0.9659,3.2957,6.447,9029076000,228257971,,,,,,
2019-07-02,5659511,2.9523,2.9613,2.9343,2.9523,0,0,0.21,18601553,,,11.5352,0.9659,3.2957,6.447,9029076000,227539299,,,,,,
2019-07-03,4115206,2.9343,2.9523,2.9254,2.9343,-0.018,-0.61,0.15,13470700,,,11.4651,0.96,3.2757,6.4078,8974188000,229714022,,,,,,
2019-07-04,7384595,2.9433,2.9613,2.9074,2.9523,0.018,0.61,0.27,24180750,,,11.5352,0.9659,3.2957,6.447,9029076000,229405543,,,,,,
2019-07-05,12419422,2.9523,2.9972,2.9254,2.9792,0.0269,0.91,0.45,41069719,,,11.6404,0.9747,3.3258,6.5058,9111408000,235495556,,,,,,
2019-07-08,9170675,2.9613,2.9702,2.8895,2.9074,-0.0718,-2.41,0.33,29902295,,,11.3599,0.9512,3.2456,6.349,8891856000,227880737,,,,,,
2019-07-09,4680576,2.9074,2.9164,2.8805,2.8895,-0.0179,-0.62,0.17,15118392,,,11.2898,0.9453,3.2256,6.3098,8836968000,230438004,,,,,,
2019-07-10,2425599,2.8895,2.9074,2.8715,2.8805,-0.009,-0.31,0.09,7805743,,,11.2548,0.9424,3.2156,6.2902,8809524000,229921001,,,,,,
2019-07-11,2933262,2.8805,2.9074,2.8715,2.8895,0.009,0.31,0.11,9444455,,,11.2898,0.9453,3.2256,6.3098,8836968000,228700846,,,,,,
2019-07-12,2570698,2.8895,2.8984,2.8715,2.8805,-0.009,-0.31,0.09,8265478,,,11.2548,0.9424,3.2156,6.2902,8809524000,228458689,,,,,,
2019-07-15,3867719,2.8805,2.8984,2.8626,2.8895,0.009,0.31,0.14,12419927,,,11.2898,0.9453,3.2256,6.3098,8836968000,228141529,,,,,,
2019-07-16,2343401,2.8895,2.8895,2.8715,2.8895,0,0,0.09,7525524,,,11.2898,0.9453,3.2256,6.3098,8836968000,228038947,,,,,,
2019-07-17,2960210,2.8895,2.8895,2.8715,2.8715,-0.018,-0.62,0.11,9488224,,,11.2197,0.9395,3.2056,6.2706,8782080000,227543140,,,,,,
2019-07-18,3465900,2.8715,2.8715,2.8356,2.8356,-0.0359,-1.25,0.12,10999386,,,11.0794,0.9277,3.1655,6.1922,8672304000,227898271,,,,,,
2019-07-19,2218050,2.8446,2.8626,2.8356,2.8536,0.018,0.63,0.08,7047314,,,11.1496,0.9336,3.1855,6.2314,8727192000,227291901,,,,,,
2019-07-22,5465300,2.8536,2.8626,2.7728,2.7997,-0.0539,-1.89,0.2,17157558,,,10.9392,0.916,3.1254,6.1139,8562528000,222505778,,,,,,
2019-07-23,3943300,2.7997,2.8177,2.7818,2.7997,0,0,0.14,12302776,,,10.9392,0.916,3.1254,6.1139,8562528000,222002630,,,,,,
2019-07-24,4245030,2.7997,2.8177,2.7997,2.8087,0.009,0.32,0.15,13301924,,,10.9743,0.9189,3.1354,6.1335,8589972000,224957930,,,,,,
2019-07-25,2960300,2.8177,2.8267,2.8087,2.8177,0.009,0.32,0.11,9290770,,,11.0093,0.9218,3.1455,6.1531,8617416000,224026930,,,,,,
2019-07-26,3054925,2.8177,2.8267,2.7997,2.8267,0.009,0.32,0.11,9588135,,,11.0444,0.9248,3.1555,6.1727,8644860000,223583295,,,,,,
2019-07-29,2621895,2.8177,2.8267,2.8087,2.8177,-0.009,-0.32,0.1,8225328,,,11.0093,0.9218,3.1455,6.1531,8617416000,222770530,,,,,,
2019-07-30,2756075,2.8177,2.8356,2.8087,2.8267,0.009,0.32,0.1,8685762,,,11.0444,0.9248,3.1555,6.1727,8644860000,221699901,,,,,,
2019-07-31,3705100,2.8177,2.8356,2.8087,2.8087,-0.018,-0.64,0.14,11650328,,,10.9743,0.9189,3.1354,6.1335,8589972000,223183293,,,,,,
2019-08-01,4613806,2.8087,2.8267,2.7997,2.8267,0.018,0.64,0.17,14487024,,,11.0444,0.9248,3.1555,6.1727,8644860000,222631279,,,,,,
2019-08-02,5302553,2.8087,2.8267,2.7997,2.8087,-0.018,-0.64,0.19,16642343,,,10.9743,0.9189,3.1354,6.1335,8589972000,220083003,,,,,,
2019-08-05,4076100,2.8087,2.8177,2.7908,2.7997,-0.009,-0.32,0.15,12737138,,,10.9392,0.916,3.1254,6.1139,8562528000,221168615,,,,,,
2019-08-06,5909331,2.7818,2.7908,2.6921,2.7279,-0.0718,-2.56,0.22,18034053,,,10.6587,0.8925,3.0453,5.9571,8342976000,222238216,,,,,,
2019-08-07,4688000,2.7279,2.7638,2.7279,2.7638,0.0359,1.32,0.17,14393141,,,10.799,0.9042,3.0854,6.0355,8452752000,221908100,,,,,,
2019-08-08,2445400,2.7638,2.7728,2.7369,2.7638,0,0,0.09,7495217,,,10.799,0.9042,3.0854,6.0355,8452752000,222120766,,,,,,
2019-08-09,1651650,2.7549,2.7638,2.7279,2.7369,-0.0269,-0.97,0.06,5055262,,,10.6938,0.8954,3.0553,5.9767,8370420000,222967193,,,,,,
2019-08-12,2453976,2.7369,2.7549,2.719,2.7459,0.009,0.33,0.09,7476108,,,10.7288,0.8984,3.0653,5.9963,8397864000,223103713,,,,,,
2019-08-13,2530200,2.7369,2.7369,2.719,2.7279,-0.018,-0.66,0.09,7703833,,,10.6587,0.8925,3.0453,5.9571,8342976000,223156134,,,,,,
2019-08-14,3381351,2.7459,2.7549,2.7279,2.7459,0.018,0.66,0.12,10333207,,,10.7288,0.8984,3.0653,5.9963,8397864000,223491163,,,,,,
2019-08-15,5185512,2.719,2.7459,2.701,2.7459,0,0,0.19,15705691,,,10.7288,0.8984,3.0653,5.9963,8397864000,223830430,,,,,,
2019-08-16,3974382,2.7369,2.7638,2.7279,2.7459,0,0,0.14,12170103,,,10.7288,0.8984,3.0653,5.9963,8397864000,223835958,,,,,,
2019-08-19,5053381,2.7549,2.7908,2.7459,2.7908,0.0449,1.64,0.18,15608641,,,10.9041,0.913,3.1154,6.0943,8535084000,224193264,,,,,,
2019-08-20,3971174,2.7908,2.7908,2.7638,2.7728,-0.018,-0.64,0.14,12306733,,,10.834,0.9072,3.0954,6.0551,8480196000,224332703,,,,,,
2019-08-21,4124522,2.7638,2.7908,2.7638,2.7908,0.018,0.65,0.15,12788390,,,10.9041,0.913,3.1154,6.0943,8535084000,223151834,,,,,,
2019-08-22,2414804,2.7908,2.7908,2.7638,2.7818,-0.009,-0.32,0.09,7476468,,,10.8691,0.9101,3.1054,6.0747,8507640000,222940465,,,,,,
2019-08-23,2171707,2.7818,2.7818,2.7638,2.7818,0,0,0.08,6710211,,,10.8691,0.9101,3.1054,6.0747,8507640000,221738735,,,,,,
2019-08-26,2885100,2.7459,2.7549,2.7279,2.7459,-0.0359,-1.29,0.11,8810328,,,10.7288,0.8984,3.0653,5.9963,8397864000,221713630,,,,,,
2019-08-27,2964051,2.7369,2.7818,2.7369,2.7638,0.0179,0.65,0.11,9126936,,,10.799,0.9042,3.0854,6.0355,8452752000,222146284,,,,,,
2019-08-28,2427890,2.7638,2.7728,2.7549,2.7638,0,0,0.09,7488894,,,10.799,0.9042,3.0854,6.0355,8452752000,222316605,,,,,,
2019-08-29,1788195,2.7728,2.7728,2.7549,2.7638,0,0,0.07,5505149,,,10.799,0.9042,3.0854,6.0355,8452752000,222208074,,,,,,
2019-08-30,2057414,2.7728,2.7728,2.7459,2.7638,0,0,0.07,6329716,,,10.799,0.9042,3.0854,6.0355,8452752000,222429703,,,,,,
2019-09-02,5622535,2.7638,2.7997,2.7549,2.7908,0.027,0.98,0.2,17426521,,,10.9041,0.913,3.1154,6.0943,8535084000,220888183,,,,,,
2019-09-03,4259900,2.7908,2.7908,2.7549,2.7728,-0.018,-0.64,0.16,13148314,,,10.834,0.9072,3.0954,6.0551,8480196000,222254109,,,,,,
2019-09-04,4910827,2.7728,2.7908,2.7638,2.7818,0.009,0.32,0.18,15207435,,,10.8691,0.9101,3.1054,6.0747,8507640000,221558587,,,,,,
2019-09-05,9848056,2.7908,2.8177,2.7818,2.7908,0.009,0.32,0.36,30747584,,,10.9041,0.913,3.1154,6.0943,8535084000,218580037,,,,,,
2019-09-06,4426120,2.7997,2.7997,2.7818,2.7997,0.0089,0.32,0.16,13779079,,,10.9392,0.916,3.1254,6.1139,8562528000,217913228,,,,,,
2019-09-09,8343362,2.8087,2.8446,2.7997,2.8446,0.0449,1.6,0.3,26287384,,,11.1145,0.9306,3.1755,6.2118,8699748000,220852858,,,,,,
2019-09-10,5089700,2.8356,2.8356,2.7997,2.8267,-0.0179,-0.63,0.19,15970305,,,11.0444,0.9248,3.1555,6.1727,8644860000,221380031,,,,,,
2019-09-11,4072250,2.8267,2.8356,2.8087,2.8177,-0.009,-0.32,0.15,12804988,,,11.0093,0.9218,3.1455,6.1531,8617416000,221710445,,,,,,
2019-09-12,4107364,2.8177,2.8356,2.8087,2.8356,0.0179,0.64,0.15,12934349,,,11.0794,0.9277,3.1655,6.1922,8672304000,222474692,,,,,,
2019-09-16,3652113,2.8356,2.8356,2.8177,2.8267,-0.0089,-0.31,0.13,11507788,,,11.0444,0.9248,3.1555,6.1727,8644860000,222362511,,,,,,
2019-09-17,5179861,2.8267,2.8267,2.7908,2.7997,-0.027,-0.96,0.19,16232856,,,10.9392,0.916,3.1254,6.1139,8562528000,219141136,,,,,,
2019-09-18,3042203,2.7997,2.8177,2.7908,2.7997,0,0,0.11,9495839,,,10.9392,0.916,3.1254,6.1139,8562528000,219166056,,,,,,
2019-09-19,2038723,2.7997,2.8087,2.7908,2.8087,0.009,0.32,0.07,6364279,,,10.9743,0.9189,3.1354,6.1335,8589972000,218984837,,,,,,
2019-09-20,3603738,2.8087,2.8177,2.7997,2.8087,0,0,0.13,11282432,,,10.9743,0.9189,3.1354,6.1335,8589972000,217400914,,,,,,
2019-09-23,3395300,2.7997,2.8087,2.7728,2.7818,-0.0269,-0.96,0.12,10531537,,,10.8691,0.9101,3.1054,6.0747,8507640000,216489843,,,,,,
2019-09-24,2882144,2.7818,2.7908,2.7638,2.7728,-0.009,-0.32,0.11,8919590,,,10.834,0.9072,3.0954,6.0551,8480196000,216225606,,,,,,
2019-09-25,2668602,2.7728,2.7728,2.7549,2.7638,-0.009,-0.32,0.1,8226588,,,10.799,0.9042,3.0854,6.0355,8452752000,215622434,,,,,,
2019-09-26,4431132,2.7638,2.7818,2.7549,2.7549,-0.0089,-0.32,0.16,13646769,,,10.7639,0.9013,3.0753,6.0159,8425308000,216352394,,,,,,
2019-09-27,2167938,2.7638,2.7728,2.7459,2.7638,0.0089,0.32,0.08,6674228,,,10.799,0.9042,3.0854,6.0355,8452752000,215417949,,,,,,
2019-09-30,2720136,2.7638,2.7638,2.7459,2.7549,-0.0089,-0.32,0.1,8358280,,,10.6522,0.8806,3.0281,5.9426,8425308000,215170833,,,,,,
2019-10-08,3316672,2.7459,2.7549,2.7369,2.7459,-0.009,-0.33,0.12,10138020,,,10.6175,0.8777,3.0182,5.9233,8397864000,216969521,,,,,,
2019-10-09,1990686,2.7459,2.7638,2.7369,2.7638,0.0179,0.65,0.07,6106507,,,10.6869,0.8835,3.0379,5.962,8452752000,217355695,,,,,,
2019-10-10,2882524,2.7638,2.7908,2.7549,2.7818,0.018,0.65,0.11,8927610,,,10.7563,0.8892,3.0577,6.0007,8507640000,217292569,,,,,,
2019-10-11,3220950,2.7908,2.7997,2.7728,2.7908,0.009,0.32,0.12,10005112,,,10.791,0.8921,3.0675,6.02,8535084000,214764394,,,,,,
2019-10-14,5581676,2.7997,2.8267,2.7997,2.8267,0.0359,1.29,0.2,17520102,,,10.9298,0.9035,3.107,6.0975,8644860000,213257764,,,,,,
2019-10-15,4798683,2.8177,2.8267,2.7908,2.7997,-0.027,-0.96,0.17,15007232,,,10.8257,0.8949,3.0774,6.0394,8562528000,214420344,,,,,,
2019-10-16,3663164,2.7908,2.8177,2.7908,2.8087,0.009,0.32,0.13,11467591,,,10.8604,0.8978,3.0872,6.0588,8589972000,213767456,,,,,,
2019-10-17,2709744,2.7997,2.8177,2.7997,2.8177,0.009,0.32,0.1,8488199,,,10.8951,0.9007,3.0971,6.0781,8617416000,211588912,,,,,,
2019-10-18,3429000,2.8177,2.8267,2.7908,2.7997,-0.018,-0.64,0.12,10740492,,,10.8257,0.8949,3.0774,6.0394,8562528000,209463040,,,,,,
2019-10-21,3593325,2.7997,2.8087,2.7818,2.7997,0,0,0.13,11190198,,,10.8257,0.8949,3.0774,6.0394,8562528000,210036117,,,,,,
2019-10-22,4565451,2.7908,2.7997,2.7638,2.7818,-0.0179,-0.64,0.17,14141511,,,10.7563,0.8892,3.0577,6.0007,8507640000,210780228,,,,,,
2019-10-23,5161077,2.7728,2.7818,2.7369,2.7638,-0.018,-0.65,0.19,15878438,,,10.6869,0.8835,3.0379,5.962,8452752000,211416699,,,,,,
2019-10-24,3649050,2.7549,2.7638,2.7459,2.7549,-0.0089,-0.32,0.13,11182271,,,10.6522,0.8806,3.0281,5.9426,8425308000,212344497,,,,,,
2019-10-25,2853505,2.7549,2.7638,2.7369,2.7549,0,0,0.1,8749551,,,10.6522,0.8806,3.0281,5.9426,8425308000,211766971,,,,,,
2019-10-28,3786950,2.7549,2.7818,2.7549,2.7728,0.0179,0.65,0.14,11688062,,,10.7216,0.8863,3.0478,5.9813,8480196000,211174293,,,,,,
2019-10-29,3433511,2.7728,2.7728,2.7369,2.7459,-0.0269,-0.97,0.13,10543589,,,10.6175,0.8777,3.0182,5.9233,8397864000,213112546,,,,,,
2019-10-30,4143396,2.7459,2.7549,2.7279,2.7459,0,0,0.15,12657804,,,10.6175,0.8777,3.0182,5.9233,8397864000,213070964,,,,,,
2019-10-31,3644392,2.7369,2.7549,2.7279,2.7459,0,0,0.13,11138793,,,10.6175,0.8777,3.0182,5.9233,8397864000,212855375,,,,,,
2019-11-01,3540205,2.7459,2.7549,2.7279,2.7459,0,0,0.13,10820443,,,10.6175,0.8777,3.0182,5.9233,8397864000,214354213,,,,,,
2019-11-04,4741450,2.7549,2.7638,2.7369,2.7459,0,0,0.17,14527119,,,10.6175,0.8777,3.0182,5.9233,8397864000,216959453,,,,,,
2019-11-05,5359039,2.7549,2.7728,2.7459,2.7638,0.0179,0.65,0.2,16475104,,,10.6869,0.8835,3.0379,5.962,8452752000,218071041,,,,,,
2019-11-06,3725087,2.7549,2.7728,2.7369,2.7459,-0.0179,-0.65,0.14,11424193,,,10.6175,0.8777,3.0182,5.9233,8397864000,217504797,,,,,,
2019-11-07,3496277,2.7459,2.7638,2.7459,2.7549,0.009,0.33,0.13,10736225,,,10.6522,0.8806,3.0281,5.9426,8425308000,218475721,,,,,,
2019-11-08,5626800,2.7638,2.7728,2.7459,2.7638,0.0089,0.32,0.21,17304303,,,10.6869,0.8835,3.0379,5.962,8452752000,216510803,,,,,,
2019-11-11,6762245,2.7549,2.7549,2.71,2.719,-0.0448,-1.62,0.25,20636839,,,10.5134,0.8691,2.9886,5.8652,8315532000,218584752,,,,,,
2019-11-12,3066250,2.719,2.7369,2.719,2.7369,0.0179,0.66,0.11,9331020,,,10.5828,0.8749,3.0083,5.9039,8370420000,219303173,,,,,,
2019-11-13,2447457,2.7369,2.7459,2.7279,2.7459,0.009,0.33,0.09,7472033,,,10.6175,0.8777,3.0182,5.9233,8397864000,219128904,,,,,,
2019-11-14,2475850,2.7369,2.7459,2.719,2.7279,-0.018,-0.66,0.09,7530007,,,10.5481,0.872,2.9985,5.8845,8342976000,218900108,,,,,,
2019-11-15,2342800,2.7369,2.7369,2.719,2.719,-0.0089,-0.33,0.09,7109977,,,10.5134,0.8691,2.9886,5.8652,8315532000,219607892,,,,,,
2019-11-18,3010600,2.71,2.7279,2.701,2.7279,0.0089,0.33,0.11,9104130,,,10.5481,0.872,2.9985,5.8845,8342976000,221782238,,,,,,
2019-11-19,3434568,2.719,2.7459,2.71,2.7369,0.009,0.33,0.13,10439029,,,10.5828,0.8749,3.0083,5.9039,8370420000,224085003,,,,,,
2019-11-20,2627400,2.7369,2.7369,2.71,2.719,-0.0179,-0.65,0.1,7971663,,,10.5134,0.8691,2.9886,5.8652,8315532000,223780029,,,,,,
2019-11-21,2066332,2.719,2.719,2.71,2.719,0,0,0.08,6249146,,,10.5134,0.8691,2.9886,5.8652,8315532000,225298639,,,,,,
2019-11-22,6491071,2.719,2.7369,2.701,2.71,-0.009,-0.33,0.24,19611982,,,10.4787,0.8662,2.9788,5.8458,8288088000,227970889,,,,,,
2019-11-25,4484037,2.701,2.7369,2.701,2.7369,0.0269,0.99,0.16,13613021,,,10.5828,0.8749,3.0083,5.9039,8370420000,229273722,,,,,,
2019-11-26,3755000,2.7369,2.7369,2.719,2.7279,-0.009,-0.33,0.14,11414101,,,10.5481,0.872,2.9985,5.8845,8342976000,229070074,,,,,,
2019-11-27,4850563,2.719,2.7279,2.701,2.719,-0.0089,-0.33,0.18,14684473,,,10.5134,0.8691,2.9886,5.8652,8315532000,225757666,,,,,,
2019-11-28,2489100,2.71,2.719,2.701,2.71,-0.009,-0.33,0.09,7520080,,,10.4787,0.8662,2.9788,5.8458,8288088000,224494853,,,,,,
2019-11-29,2030650,2.71,2.719,2.701,2.71,0,0,0.07,6131296,,,10.4787,0.8662,2.9788,5.8458,8288088000,223537394,,,,,,
2019-12-02,4447168,2.71,2.7279,2.701,2.71,0,0,0.16,13446078,,,10.4787,0.8662,2.9788,5.8458,8288088000,223727003,,,,,,
2019-12-03,3510065,2.71,2.719,2.701,2.719,0.009,0.33,0.13,10583366,,,10.5134,0.8691,2.9886,5.8652,8315532000,224269627,,,,,,
2019-12-04,3122185,2.71,2.719,2.701,2.71,-0.009,-0.33,0.11,9420093,,,10.4787,0.8662,2.9788,5.8458,8288088000,224393922,,,,,,
2019-12-05,5656748,2.719,2.7279,2.71,2.719,0.009,0.33,0.21,17130063,,,10.5134,0.8691,2.9886,5.8652,8315532000,225546237,,,,,,
2019-12-06,2806700,2.719,2.7279,2.71,2.719,0,0,0.1,8488120,,,10.5134,0.8691,2.9886,5.8652,8315532000,225585282,,,,,,
2019-12-09,3729601,2.719,2.719,2.71,2.71,-0.009,-0.33,0.14,11275182,,,10.4787,0.8662,2.9788,5.8458,8288088000,226101664,,,,,,
2019-12-10,7279327,2.71,2.7279,2.71,2.719,0.009,0.33,0.27,22034298,,,10.5134,0.8691,2.9886,5.8652,8315532000,227112813,,,,,,
2019-12-11,8929338,2.719,2.7279,2.701,2.719,0,0,0.33,26914520,,,10.5134,0.8691,2.9886,5.8652,8315532000,221846255,,,,,,
2019-12-12,8859131,2.71,2.719,2.6831,2.6921,-0.0269,-0.99,0.32,26609227,,,10.4093,0.8605,2.959,5.8071,8233200000,220556336,,,,,,
2019-12-13,14233634,2.6921,2.71,2.6831,2.701,0.0089,0.33,0.52,42762986,,,10.444,0.8634,2.9689,5.8265,8260644000,217573237,,,,,,
2019-12-16,12687123,2.701,2.71,2.6921,2.71,0.009,0.33,0.46,38194258,,,10.4787,0.8662,2.9788,5.8458,8288088000,215827061,,,,,,
2019-12-17,23611282,2.71,2.7549,2.701,2.7369,0.0269,0.99,0.86,71821434,,,10.5828,0.8749,3.0083,5.9039,8370420000,210792226,,,,,,
2019-12-18,8321900,2.7369,2.7459,2.7279,2.7369,0,0,0.3,25368663,,,10.5828,0.8749,3.0083,5.9039,8370420000,209307482,,,,,,
2019-12-19,6116786,2.7369,2.7459,2.7279,2.7369,0,0,0.22,18659340,,,10.5828,0.8749,3.0083,5.9039,8370420000,209376314,,,,,,
2019-12-20,6886462,2.7369,2.7459,2.7279,2.7279,-0.009,-0.33,0.25,21013277,,,10.5481,0.872,2.9985,5.8845,8342976000,206569894,,,,,,
2019-12-23,7860250,2.7279,2.7459,2.719,2.719,-0.0089,-0.33,0.29,23925772,,,10.5134,0.8691,2.9886,5.8652,8315532000,207601963,,,,,,
2019-12-24,4381750,2.719,2.7369,2.719,2.7279,0.0089,0.33,0.16,13327424,,,10.5481,0.872,2.9985,5.8845,8342976000,208752154,,,,,,
2019-12-25,3434900,2.7279,2.7369,2.719,2.719,-0.0089,-0.33,0.13,10418231,,,10.5134,0.8691,2.9886,5.8652,8315532000,211214437,,,,,,
2019-12-26,6174353,2.7279,2.7369,2.719,2.7369,0.0179,0.66,0.22,18781553,,,10.5828,0.8749,3.0083,5.9039,8370420000,213151811,,,,,,
2019-12-27,6884292,2.7369,2.7459,2.7279,2.7279,-0.009,-0.33,0.25,21002333,,,10.5481,0.872,2.9985,5.8845,8342976000,214568850,,,,,,
2019-12-30,4851792,2.7279,2.7459,2.719,2.7459,0.018,0.66,0.18,14797254,,,10.6175,0.8777,3.0182,5.9233,8397864000,215703070,,,,,,
2019-12-31,8602423,2.7459,2.7638,2.7369,2.7549,0.009,0.33,0.31,26328650,,,10.1807,0.8859,2.9011,4.7064,8425308000,217472380,,,,,,
2020-01-02,11427415,2.7638,2.7908,2.7549,2.7728,0.0179,0.65,0.42,35316205,,,10.247,0.8916,2.92,4.7371,8480196000,223172342,,,,,,
2020-01-03,6033852,2.7818,2.7818,2.7638,2.7728,0,0,0.22,18640626,,,10.247,0.8916,2.92,4.7371,8480196000,224152991,,,,,,
2020-01-06,7532300,2.7638,2.7908,2.7549,2.7818,0.009,0.32,0.27,23275861,,,10.2802,0.8945,2.9295,4.7524,8507640000,206365121,,,,,,
2020-01-07,10269092,2.7818,2.7997,2.7728,2.7997,0.0179,0.64,0.37,31890724,,,10.3465,0.9003,2.9484,4.7831,8562528000,213171515,,,,,,
2020-01-08,9888841,2.7818,2.7997,2.7638,2.7638,-0.0359,-1.28,0.36,30603380,,,10.2139,0.8888,2.9106,4.7217,8452752000,216276733,,,,,,
2020-01-09,14663239,2.7728,2.7997,2.7728,2.7997,0.0359,1.3,0.53,45570840,,,10.3465,0.9003,2.9484,4.7831,8562528000,217966101,,,,,,
2020-01-10,22956541,2.7997,2.8446,2.7908,2.8356,0.0359,1.28,0.84,72212639,,,10.4791,0.9118,2.9862,4.8444,8672304000,217099856,,,,,,
2020-01-13,19935041,2.7908,2.8087,2.7818,2.7997,-0.0359,-1.27,0.73,61985020,,,10.3465,0.9003,2.9484,4.7831,8562528000,220836557,,,,,,
2020-01-14,7068387,2.7908,2.7997,2.7818,2.7908,-0.0089,-0.32,0.26,21983527,,,10.3133,0.8974,2.9389,4.7677,8535084000,222074874,,,,,,
2020-01-15,4795950,2.7818,2.7997,2.7728,2.7818,-0.009,-0.32,0.17,14848518,,,10.2802,0.8945,2.9295,4.7524,8507640000,221773282,,,,,,
2020-01-16,4547723,2.7818,2.7818,2.7638,2.7728,-0.009,-0.32,0.17,14057164,,,10.247,0.8916,2.92,4.7371,8480196000,221604138,,,,,,
2020-01-17,5140815,2.7818,2.7908,2.7728,2.7818,0.009,0.32,0.19,15921734,,,10.2802,0.8945,2.9295,4.7524,8507640000,219795992,,,,,,
2020-01-20,3652500,2.7728,2.7908,2.7728,2.7908,0.009,0.32,0.13,11317723,,,10.3133,0.8974,2.9389,4.7677,8535084000,220346722,,,,,,
2020-01-21,5296150,2.7908,2.7908,2.7638,2.7638,-0.027,-0.97,0.19,16356468,,,10.2139,0.8888,2.9106,4.7217,8452752000,219770842,,,,,,
2020-01-22,4562377,2.7549,2.7549,2.719,2.7459,-0.0179,-0.65,0.17,13943960,,,10.1475,0.883,2.8917,4.6911,8397864000,219851472,,,,,,
2020-01-23,7879652,2.7459,2.7549,2.701,2.719,-0.0269,-0.98,0.29,23934058,,,10.048,0.8743,2.8633,4.6451,8315532000,217340355,,,,,,
2020-02-03,15968700,2.4946,2.4946,2.4498,2.4498,-0.2692,-9.9,0.58,43727354,,,9.0532,0.7878,2.5798,4.1852,7492212000,215653753,,,,,,
2020-02-04,11945091,2.4498,2.4857,2.4139,2.4767,0.0269,1.1,0.44,32842237,,,9.1527,0.7964,2.6082,4.2312,7574544000,214888480,,,,,,
2020-02-05,10580885,2.4857,2.5575,2.4767,2.5485,0.0718,2.9,0.39,29686488,,,9.418,0.8195,2.6838,4.3538,7794096000,212385958,,,,,,
2020-02-06,10053505,2.5485,2.5575,2.5126,2.5485,0,0,0.37,28387899,,,9.418,0.8195,2.6838,4.3538,7794096000,211943635,,,,,,
2020-02-07,11232948,2.5575,2.5575,2.5036,2.5305,-0.018,-0.71,0.41,31616814,,,9.3516,0.8137,2.6649,4.3231,7739208000,214826419,,,,,,
2020-02-10,7873037,2.5216,2.5485,2.5036,2.5485,0.018,0.71,0.29,22188341,,,9.418,0.8195,2.6838,4.3538,7794096000,213688645,,,,,,
2020-02-11,11461709,2.5395,2.5754,2.5305,2.5575,0.009,0.35,0.42,32635190,,,9.4511,0.8224,2.6932,4.3691,7821540000,209811150,,,,,,
2020-02-12,5303635,2.5485,2.5664,2.5485,2.5575,0,0,0.19,15109287,,,9.4511,0.8224,2.6932,4.3691,7821540000,209783345,,,,,,
2020-02-13,6046371,2.5575,2.5664,2.5395,2.5395,-0.018,-0.7,0.22,17180194,,,9.3848,0.8166,2.6743,4.3385,7766652000,209474873,,,,,,
2020-02-14,10053703,2.5395,2.5575,2.5216,2.5485,0.009,0.35,0.37,28356832,,,9.418,0.8195,2.6838,4.3538,7794096000,216787757,,,,,,
2020-02-17,14192758,2.5126,2.5575,2.5036,2.5575,0.009,0.35,0.52,40169717,,,9.4511,0.8224,2.6932,4.3691,7821540000,216731751,,,,,,
2020-02-18,12554664,2.5575,2.5664,2.5395,2.5575,0,0,0.46,35771466,,,9.4511,0.8224,2.6932,4.3691,7821540000,217985483,,,,,,
2020-02-19,11514396,2.5575,2.5844,2.5485,2.5664,0.0089,0.35,0.42,32909903,,,9.4843,0.8253,2.7027,4.3845,7848984000,220531081,,,,,,
2020-02-20,9313453,2.5664,2.6023,2.5575,2.5933,0.0269,1.05,0.34,26781594,,,9.5838,0.8339,2.731,4.4305,7931316000,220288941,,,,,,
2020-02-21,9192600,2.5844,2.6113,2.5844,2.6023,0.009,0.35,0.33,26615464,,,9.6169,0.8368,2.7405,4.4458,7958760000,220874854,,,,,,
2020-02-24,10476701,2.5844,2.5933,2.5485,2.5754,-0.0269,-1.03,0.38,30001981,,,9.5175,0.8282,2.7121,4.3998,7876428000,217057478,,,,,,
2020-02-25,8814523,2.5395,2.5485,2.5216,2.5395,-0.0359,-1.39,0.32,24888448,,,9.3848,0.8166,2.6743,4.3385,7766652000,216394328,,,,,,
2020-02-26,12301963,2.5305,2.5933,2.5126,2.5754,0.0359,1.41,0.45,35157725,,,9.5175,0.8282,2.7121,4.3998,7876428000,220465888,,,,,,
2020-02-27,8136983,2.5754,2.5933,2.5575,2.5844,0.009,0.35,0.3,23357566,,,9.5506,0.831,2.7216,4.4151,7903872000,219641710,,,,,,
2020-02-28,9667350,2.5395,2.5575,2.5126,2.5216,-0.0628,-2.43,0.35,27298892,,,9.3185,0.8108,2.6554,4.3078,7711764000,219314472,,,,,,
2020-03-02,9676461,2.5216,2.5844,2.5216,2.5844,0.0628,2.49,0.35,27582164,,,9.5506,0.831,2.7216,4.4151,7903872000,223603434,,,,,,
2020-03-03,16082860,2.5933,2.6292,2.5754,2.6023,0.0179,0.69,0.59,46637294,,,9.6169,0.8368,2.7405,4.4458,7958760000,224800450,,,,,,
2020-03-04,9739410,2.5933,2.6203,2.5754,2.6203,0.018,0.69,0.35,28200556,,,9.6833,0.8426,2.7594,4.4765,8013648000,222207629,,,,,,
2020-03-05,30411020,2.6382,2.6472,2.5933,2.6472,0.0269,1.03,1.11,88838843,,,9.7827,0.8512,2.7877,4.5224,8095980000,221142603,,,,,,
2020-03-06,12346977,2.6203,2.6203,2.5933,2.6113,-0.0359,-1.36,0.45,35885062,,,9.6501,0.8397,2.7499,4.4611,7986204000,216414458,,,,,,
2020-03-09,10484027,2.5933,2.5933,2.5575,2.5844,-0.0269,-1.03,0.38,30125639,,,9.5506,0.831,2.7216,4.4151,7903872000,218360358,,,,,,
2020-03-10,16634000,2.5575,2.6292,2.5395,2.6203,0.0359,1.39,0.61,47773994,,,9.6833,0.8426,2.7594,4.4765,8013648000,220371710,,,,,,
2020-03-11,21135071,2.6292,2.6921,2.6203,2.6382,0.0179,0.68,0.77,62416574,,,9.7496,0.8484,2.7783,4.5071,8068536000,224367005,,,,,,
2020-03-12,10698510,2.6113,2.6203,2.5664,2.5933,-0.0449,-1.7,0.39,30851231,,,9.5838,0.8339,2.731,4.4305,7931316000,222347844,,,,,,
2020-03-13,12377445,2.5216,2.5575,2.4677,2.5485,-0.0448,-1.73,0.45,34736237,,,9.418,0.8195,2.6838,4.3538,7794096000,224064582,,,,,,
2020-03-16,10018500,2.5575,2.5664,2.5126,2.5216,-0.0269,-1.06,0.37,28391905,,,9.3185,0.8108,2.6554,4.3078,7711764000,225287409,,,,,,
2020-03-17,6969094,2.5126,2.5305,2.4677,2.5036,-0.018,-0.71,0.25,19402534,,,9.2522,0.8051,2.6365,4.2772,7656876000,225319696,,,,,,
2020-03-18,6237404,2.5126,2.5305,2.4677,2.4767,-0.0269,-1.07,0.23,17410162,,,9.1527,0.7964,2.6082,4.2312,7574544000,224583742,,,,,,
2020-03-19,8074050,2.4767,2.4857,2.4228,2.4587,-0.018,-0.73,0.29,22041887,,,9.0864,0.7906,2.5893,4.2005,7519656000,223590334,,,,,,
2020-03-20,5847958,2.4587,2.4767,2.4408,2.4767,0.018,0.73,0.21,16023578,,,9.1527,0.7964,2.6082,4.2312,7574544000,222590758,,,,,,
2020-03-23,6278700,2.4498,2.4498,2.4139,2.4228,-0.0539,-2.18,0.23,17003083,,,8.9537,0.7791,2.5515,4.1392,7409880000,222626255,,,,,,
2020-03-24,4879550,2.4408,2.4587,2.4139,2.4498,0.027,1.11,0.18,13250516,,,9.0532,0.7878,2.5798,4.1852,7492212000,222991136,,,,,,
2020-03-25,5003200,2.4677,2.4767,2.4587,2.4767,0.0269,1.1,0.18,13753098,,,9.1527,0.7964,2.6082,4.2312,7574544000,221829769,,,,,,
2020-03-26,4256200,2.4767,2.4767,2.4587,2.4677,-0.009,-0.36,0.16,11705217,,,9.1195,0.7935,2.5987,4.2158,7547100000,223113462,,,,,,
2020-03-27,3710600,2.4677,2.4857,2.4677,2.4677,0,0,0.14,10237978,,,9.1195,0.7935,2.5987,4.2158,7547100000,221881353,,,,,,
2020-03-30,3047751,2.4587,2.4587,2.4318,2.4498,-0.0179,-0.73,0.11,8297957,,,9.0532,0.7878,2.5798,4.1852,7492212000,222684865,,,,,,
2020-03-31,2323950,2.4498,2.4587,2.4408,2.4498,0,0,0.08,6350037,,,12.6191,0.7924,3.0515,4.0666,7492212000,222160632,,,,,,
2020-04-01,3070700,2.4498,2.4587,2.4318,2.4318,-0.018,-0.73,0.11,8359397,,,12.5266,0.7866,3.0292,4.0368,7437324000,222061762,,,,,,
2020-04-02,4475040,2.4228,2.4587,2.4228,2.4587,0.0269,1.11,0.16,12161684,,,12.6653,0.7953,3.0627,4.0815,7519656000,219601927,,,,,,
2020-04-03,2534090,2.4498,2.4587,2.4408,2.4498,-0.0089,-0.36,0.09,6917964,,,12.6191,0.7924,3.0515,4.0666,7492212000,220214949,,,,,,
2020-04-07,9218244,2.4498,2.4946,2.4408,2.4767,0.0269,1.1,0.34,25444337,,,12.7577,0.8011,3.085,4.1113,7574544000,219325317,,,,,,
2020-04-08,7642803,2.4857,2.4946,2.4408,2.4587,-0.018,-0.73,0.28,20966174,,,12.6653,0.7953,3.0627,4.0815,7519656000,220763245,,,,,,
2020-04-09,5367553,2.4677,2.4857,2.4498,2.4677,0.009,0.37,0.2,14776333,,,12.7115,0.7982,3.0739,4.0964,7547100000,220792228,,,,,,
2020-04-10,3590351,2.4677,2.4767,2.4498,2.4587,-0.009,-0.36,0.13,9835064,,,12.6653,0.7953,3.0627,4.0815,7519656000,222605727,,,,,,
2020-04-13,3465350,2.4587,2.4587,2.4408,2.4498,-0.0089,-0.36,0.13,9463110,,,12.6191,0.7924,3.0515,4.0666,7492212000,222829724,,,,,,
2020-04-14,5435841,2.4498,2.4587,2.4408,2.4498,0,0,0.2,14836476,,,12.6191,0.7924,3.0515,4.0666,7492212000,223480758,,,,,,
2020-04-15,10436301,2.4498,2.4857,2.4408,2.4498,0,0,0.38,28626730,,,12.6191,0.7924,3.0515,4.0666,7492212000,223756791,,,,,,
2020-04-16,5008684,2.4408,2.4677,2.4318,2.4587,0.0089,0.36,0.18,13705813,,,12.6653,0.7953,3.0627,4.0815,7519656000,224637147,,,,,,
2020-04-17,5151967,2.4677,2.4767,2.4587,2.4767,0.018,0.73,0.19,14176049,,,12.7577,0.8011,3.085,4.1113,7574544000,224599103,,,,,,
2020-04-20,6249032,2.4767,2.4946,2.4587,2.4857,0.009,0.36,0.23,17257686,,,12.804,0.804,3.0962,4.1262,7601988000,226060130,,,,,,
2020-04-21,6014900,2.4767,2.4767,2.4408,2.4498,-0.0359,-1.44,0.22,16473194,,,12.6191,0.7924,3.0515,4.0666,7492212000,228244320,,,,,,
2020-04-22,4961800,2.4677,2.4677,2.4408,2.4677,0.0179,0.73,0.18,13563578,,,12.7115,0.7982,3.0739,4.0964,7547100000,229464792,,,,,,
2020-04-23,5861650,2.4677,2.4677,2.4228,2.4408,-0.0269,-1.09,0.21,15992630,,,12.5728,0.7895,3.0403,4.0517,7464768000,229611023,,,,,,
2020-04-24,4050046,2.4408,2.4498,2.4318,2.4318,-0.009,-0.37,0.15,10999786,,,12.5266,0.7866,3.0292,4.0368,7437324000,228301675,,,,,,
2020-04-27,7675350,2.4408,2.4767,2.4408,2.4587,0.0269,1.11,0.28,21079192,,,12.6653,0.7953,3.0627,4.0815,7519656000,229877169,,,,,,
2020-04-28,5014622,2.4498,2.4677,2.4228,2.4408,-0.0179,-0.73,0.18,13659023,,,12.5728,0.7895,3.0403,4.0517,7464768000,230227002,,,,,,
2020-04-29,18750476,2.4857,2.5575,2.4767,2.5126,0.0718,2.94,0.68,52386188,,,12.9426,0.8127,3.1298,4.1709,7684320000,228274242,,,,,,
2020-04-30,15485216,2.4857,2.5395,2.4767,2.5395,0.0269,1.07,0.56,43272736,,,13.0813,0.8214,3.1633,4.2156,7766652000,228811548,,,,,,
2020-05-06,8806953,2.5216,2.5216,2.4857,2.5126,-0.0269,-1.06,0.32,24552617,,,12.9426,0.8127,3.1298,4.1709,7684320000,231772019,,,,,,
2020-05-07,4535388,2.5036,2.5126,2.4857,2.4946,-0.018,-0.72,0.17,12589949,,,12.8502,0.8069,3.1074,4.1411,7629432000,231268355,,,,,,
2020-05-08,6924691,2.4946,2.5036,2.4677,2.4767,-0.0179,-0.72,0.25,19199082,,,12.7577,0.8011,3.085,4.1113,7574544000,231276071,,,,,,
2020-05-11,4234871,2.4767,2.4946,2.4677,2.4767,0,0,0.15,11698022,,,12.7577,0.8011,3.085,4.1113,7574544000,232963880,,,,,,
2020-05-12,4292452,2.4677,2.4767,2.4408,2.4498,-0.0269,-1.09,0.16,11750037,,,12.6191,0.7924,3.0515,4.0666,7492212000,233576379,,,,,,
2020-05-13,2849630,2.4498,2.4587,2.4408,2.4498,0,0,0.1,7758534,,,12.6191,0.7924,3.0515,4.0666,7492212000,234261114,,,,,,
2020-05-14,3177000,2.4498,2.4498,2.4318,2.4408,-0.009,-0.37,0.12,8641588,,,12.5728,0.7895,3.0403,4.0517,7464768000,233908775,,,,,,
2020-05-15,3453670,2.4408,2.4498,2.4228,2.4318,-0.009,-0.37,0.13,9371370,,,12.5266,0.7866,3.0292,4.0368,7437324000,232623982,,,,,,
2020-05-18,2776981,2.4318,2.4498,2.4318,2.4318,0,0,0.1,7547289,,,12.5266,0.7866,3.0292,4.0368,7437324000,231831642,,,,,,
2020-05-19,1760776,2.4408,2.4498,2.4318,2.4408,0.009,0.37,0.06,4787995,,,12.5728,0.7895,3.0403,4.0517,7464768000,231766829,,,,,,
2020-05-20,2275959,2.4408,2.4408,2.4318,2.4408,0,0,0.08,6179940,,,12.5728,0.7895,3.0403,4.0517,7464768000,231255953,,,,,,
2020-05-21,3249280,2.4318,2.4408,2.4228,2.4228,-0.018,-0.74,0.12,8808834,,,12.4804,0.7837,3.018,4.0219,7409880000,231784868,,,,,,
2020-05-22,4593652,2.4318,2.4318,2.4049,2.4228,0,0,0.17,12390168,,,12.4804,0.7837,3.018,4.0219,7409880000,231587025,,,,,,
2020-05-25,4731000,2.4139,2.4228,2.387,2.387,-0.0358,-1.48,0.17,12637945,,,12.2955,0.7721,2.9733,3.9624,7300104000,229218781,,,,,,
2020-05-26,5590007,2.3959,2.3959,2.369,2.387,0,0,0.2,14840586,,,12.2955,0.7721,2.9733,3.9624,7300104000,229530707,,,,,,
2020-05-27,2939200,2.378,2.3959,2.378,2.387,0,0,0.11,7821096,,,12.2955,0.7721,2.9733,3.9624,7300104000,227808872,,,,,,
2020-05-28,4247810,2.387,2.4139,2.387,2.4139,0.0269,1.13,0.15,11358615,,,12.4342,0.7808,3.0068,4.007,7382436000,228380312,,,,,,
2020-05-29,2090040,2.4049,2.4139,2.3959,2.4139,0,0,0.08,5595228,,,12.4342,0.7808,3.0068,4.007,7382436000,228071859,,,,,,
2020-06-01,4244987,2.4049,2.4408,2.4049,2.4318,0.0179,0.74,0.15,11472240,,,12.5266,0.7866,3.0292,4.0368,7437324000,228299481,,,,,,
2020-06-02,4700200,2.4318,2.4318,2.4139,2.4318,0,0,0.17,12704744,,,12.5266,0.7866,3.0292,4.0368,7437324000,228352217,,,,,,
2020-06-03,5822837,2.4318,2.4498,2.4228,2.4408,0.009,0.37,0.21,15811306,,,12.5728,0.7895,3.0403,4.0517,7464768000,227404017,,,,,,
2020-06-04,2895481,2.4408,2.4498,2.4139,2.4228,-0.018,-0.74,0.11,7836240,,,12.4804,0.7837,3.018,4.0219,7409880000,226633590,,,,,,
2020-06-05,3034206,2.4228,2.4408,2.4139,2.4318,0.009,0.37,0.11,8217992,,,12.5266,0.7866,3.0292,4.0368,7437324000,226670333,,,,,,
2020-06-08,3174635,2.4408,2.4408,2.4228,2.4318,0,0,0.12,8610700,,,12.5266,0.7866,3.0292,4.0368,7437324000,225909053,,,,,,
2020-06-09,1944363,2.4408,2.4408,2.4228,2.4318,0,0,0.07,5259400,,,12.5266,0.7866,3.0292,4.0368,7437324000,226636355,,,,,,
2020-06-10,1843102,2.4318,2.4318,2.4139,2.4228,-0.009,-0.37,0.07,4975893,,,12.4804,0.7837,3.018,4.0219,7409880000,226229765,,,,,,
2020-06-11,1747670,2.4228,2.4228,2.4139,2.4139,-0.0089,-0.37,0.06,4707720,,,12.4342,0.7808,3.0068,4.007,7382436000,226066654,,,,,,
2020-06-12,3797574,2.4139,2.4139,2.387,2.4139,0,0,0.14,10162351,,,12.4342,0.7808,3.0068,4.007,7382436000,224949824,,,,,,
2020-06-15,8051677,2.4049,2.4139,2.387,2.3959,-0.018,-0.75,0.29,21515252,,,12.3417,0.775,2.9844,3.9773,7327548000,223533926,,,,,,
2020-06-16,10165047,2.3959,2.4139,2.3959,2.4049,0.009,0.38,0.37,27227200,,,12.388,0.7779,2.9956,3.9922,7354992000,224725522,,,,,,
2020-06-17,10247581,2.4139,2.4139,2.387,2.4049,0,0,0.37,27405953,,,12.388,0.7779,2.9956,3.9922,7354992000,221896250,,,,,,
2020-06-18,4630892,2.3959,2.4049,2.387,2.3959,-0.009,-0.37,0.17,12346693,,,12.3417,0.775,2.9844,3.9773,7327548000,221861265,,,,,,
2020-06-19,3224340,2.3959,2.4049,2.387,2.4049,0.009,0.38,0.12,8622140,,,12.388,0.7779,2.9956,3.9922,7354992000,221726327,,,,,,
2020-06-22,2807100,2.4049,2.4049,2.387,2.387,-0.0179,-0.74,0.1,7502051,,,12.2955,0.7721,2.9733,3.9624,7300104000,221263846,,,,,,
2020-06-23,3749942,2.387,2.3959,2.378,2.387,0,0,0.14,9954999,,,12.2955,0.7721,2.9733,3.9624,7300104000,221286996,,,,,,
2020-06-24,2550407,2.387,2.387,2.378,2.387,0,0,0.09,6769457,,,12.2955,0.7721,2.9733,3.9624,7300104000,220891559,,,,,,
2020-06-29,4143488,2.378,2.387,2.3511,2.36,-0.027,-1.13,0.15,10941678,,,12.1568,0.7634,2.9397,3.9177,7217772000,220689146,,,,,,
2020-06-30,3398150,2.369,2.378,2.36,2.378,0.018,0.76,0.12,8977049,,,18.6042,0.782,3.2433,3.6091,7272660000,222043863,,,,,,
2020-07-01,3987295,2.378,2.378,2.369,2.378,0,0,0.15,10539887,,,18.6042,0.782,3.2433,3.6091,7272660000,222759028,,,,,,
2020-07-02,9068067,2.378,2.4139,2.369,2.4139,0.0359,1.51,0.33,24182694,,,18.885,0.7938,3.2922,3.6636,7382436000,222532338,,,,,,
2020-07-03,10924650,2.4049,2.4498,2.3959,2.4408,0.0269,1.11,0.4,29591577,,,19.0956,0.8027,3.3289,3.7044,7464768000,224544524,,,,,,
2020-07-06,22205127,2.4498,2.5305,2.4498,2.5216,0.0808,3.31,0.81,61745987,,,19.7275,0.8292,3.4391,3.827,7711764000,223966375,,,,,,
2020-07-07,16105217,2.5395,2.5664,2.5126,2.5126,-0.009,-0.36,0.59,45479375,,,19.6573,0.8263,3.4268,3.8134,7684320000,224423509,,,,,,
2020-07-08,16283308,2.5216,2.5395,2.4946,2.5305,0.0179,0.71,0.59,45685621,,,19.7977,0.8322,3.4513,3.8406,7739208000,230734084,,,,,,
2020-07-09,17201785,2.5395,2.5664,2.5216,2.5664,0.0359,1.42,0.63,48851788,,,20.0785,0.844,3.5003,3.8951,7848984000,229545903,,,,,,
2020-07-10,11404582,2.5575,2.5664,2.5126,2.5305,-0.0359,-1.4,0.42,32344131,,,19.7977,0.8322,3.4513,3.8406,7739208000,230904982,,,,,,
2020-07-13,12626714,2.5305,2.5754,2.5216,2.5754,0.0449,1.77,0.46,35959106,,,20.1487,0.8469,3.5125,3.9087,7876428000,230540786,,,,,,
2020-07-14,12222166,2.5754,2.5844,2.5305,2.5485,-0.0269,-1.04,0.45,34798876,,,19.9381,0.8381,3.4758,3.8679,7794096000,226818265,,,,,,
2020-07-15,9681955,2.5485,2.5575,2.5036,2.5126,-0.0359,-1.41,0.35,27229469,,,19.6573,0.8263,3.4268,3.8134,7684320000,227917165,,,,,,
2020-07-16,9833008,2.5036,2.5395,2.4677,2.4857,-0.0269,-1.07,0.36,27458696,,,19.4467,0.8174,3.3901,3.7725,7601988000,228034329,,,,,,
2020-07-17,5431390,2.4857,2.4946,2.4587,2.4767,-0.009,-0.36,0.2,15002743,,,19.3765,0.8145,3.3779,3.7589,7574544000,227222276,,,,,,
2020-07-20,7241371,2.4767,2.5216,2.4767,2.5216,0.0449,1.81,0.26,20232800,,,19.7275,0.8292,3.4391,3.827,7711764000,227587765,,,,,,
2020-07-21,4695046,2.5126,2.5305,2.4946,2.5126,-0.009,-0.36,0.17,13139579,,,19.6573,0.8263,3.4268,3.8134,7684320000,228528427,,,,,,
2020-07-22,6650897,2.5126,2.5305,2.5036,2.5216,0.009,0.36,0.24,18635791,,,19.7275,0.8292,3.4391,3.827,7711764000,228463733,,,,,,
2020-07-23,6979000,2.5036,2.5126,2.4587,2.4857,-0.0359,-1.42,0.25,19335636,,,19.4467,0.8174,3.3901,3.7725,7601988000,228853162,,,,,,
2020-07-24,6621459,2.4767,2.4857,2.4228,2.4408,-0.0449,-1.81,0.24,18110165,,,19.0956,0.8027,3.3289,3.7044,7464768000,226600101,,,,,,
2020-07-27,4006950,2.4318,2.4408,2.4139,2.4228,-0.018,-0.74,0.15,10813804,,,18.9552,0.7967,3.3044,3.6772,7409880000,226082515,,,,,,
2020-07-28,3737200,2.4228,2.4587,2.4228,2.4408,0.018,0.74,0.14,10170009,,,19.0956,0.8027,3.3289,3.7044,7464768000,225628583,,,,,,
2020-07-29,4736983,2.4318,2.4677,2.4228,2.4677,0.0269,1.1,0.17,12930747,,,19.3062,0.8115,3.3656,3.7453,7547100000,225443273,,,,,,
2020-07-30,4145765,2.4677,2.4677,2.4408,2.4587,-0.009,-0.36,0.15,11331952,,,19.236,0.8086,3.3534,3.7317,7519656000,225592452,,,,,,
2020-07-31,5394723,2.4498,2.4677,2.4408,2.4587,0,0,0.2,14770634,,,19.236,0.8086,3.3534,3.7317,7519656000,225777567,,,,,,
2020-08-03,7540103,2.4498,2.4857,2.4498,2.4857,0.027,1.1,0.27,20764083,,,19.4467,0.8174,3.3901,3.7725,7601988000,224158764,,,,,,
2020-08-04,6457154,2.4767,2.4857,2.4677,2.4767,-0.009,-0.36,0.24,17816248,,,19.3765,0.8145,3.3779,3.7589,7574544000,222506516,,,,,,
2020-08-05,4943234,2.4767,2.4767,2.4587,2.4767,0,0,0.18,13605404,,,19.3765,0.8145,3.3779,3.7589,7574544000,223851642,,,,,,
2020-08-06,5646988,2.4767,2.4857,2.4677,2.4857,0.009,0.36,0.21,15566756,,,19.4467,0.8174,3.3901,3.7725,7601988000,224965396,,,,,,
2020-08-07,8456626,2.4767,2.5036,2.4677,2.4946,0.0089,0.36,0.31,23382718,,,19.5169,0.8204,3.4024,3.7861,7629432000,229034942,,,,,,
2020-08-10,9942899,2.4857,2.5305,2.4857,2.5216,0.027,1.08,0.36,27859571,,,19.7275,0.8292,3.4391,3.827,7711764000,229787067,,,,,,
2020-08-11,8230914,2.5216,2.5305,2.4857,2.4946,-0.027,-1.07,0.3,23009963,,,19.5169,0.8204,3.4024,3.7861,7629432000,229659670,,,,,,
2020-08-12,7101491,2.4857,2.5036,2.4677,2.4946,0,0,0.26,19659653,,,19.5169,0.8204,3.4024,3.7861,7629432000,229104187,,,,,,
2020-08-13,12802061,2.5036,2.5395,2.4946,2.5305,0.0359,1.44,0.47,35878017,,,19.7977,0.8322,3.4513,3.8406,7739208000,232273256,,,,,,
2020-08-14,5133918,2.5305,2.5305,2.5036,2.5216,-0.0089,-0.35,0.19,14408160,,,19.7275,0.8292,3.4391,3.827,7711764000,232916072,,,,,,
2020-08-17,7115635,2.5216,2.5485,2.5126,2.5305,0.0089,0.35,0.26,20068017,,,19.7977,0.8322,3.4513,3.8406,7739208000,232841920,,,,,,
2020-08-18,6383449,2.5395,2.5395,2.5216,2.5395,0.009,0.36,0.23,18007198,,,19.8679,0.8351,3.4636,3.8542,7766652000,232593878,,,,,,
2020-08-19,8410500,2.5305,2.5485,2.5126,2.5305,-0.009,-0.35,0.31,23724979,,,19.7977,0.8322,3.4513,3.8406,7739208000,230127725,,,,,,
2020-08-20,11866438,2.5398,2.5581,2.5032,2.5398,0.0093,0.37,0.43,32903789,,,19.5169,0.8326,3.4024,3.7861,7629432000,229888124,,,,,,
2020-08-21,5198095,2.5307,2.5398,2.5215,2.5398,0,0,0.19,14403079,,,19.5169,0.8326,3.4024,3.7861,7629432000,230048447,,,,,,
2020-08-24,3093900,2.5307,2.5398,2.5215,2.5215,-0.0183,-0.72,0.11,8560181,,,19.3765,0.8267,3.3779,3.7589,7574544000,230341564,,,,,,
2020-08-25,3191555,2.5215,2.5307,2.5032,2.5215,0,0,0.12,8797159,,,19.3765,0.8267,3.3779,3.7589,7574544000,230608305,,,,,,
2020-08-26,3812006,2.5215,2.5307,2.485,2.4941,-0.0274,-1.09,0.14,10458939,,,19.1658,0.8177,3.3412,3.7181,7492212000,230833872,,,,,,
2020-08-27,2728367,2.485,2.5032,2.4758,2.4941,0,0,0.1,7443234,,,19.1658,0.8177,3.3412,3.7181,7492212000,231530325,,,,,,
2020-08-28,3409723,2.4941,2.5215,2.4941,2.5124,0.0183,0.73,0.12,9353313,,,19.3062,0.8237,3.3656,3.7453,7547100000,233860667,,,,,,
2020-08-31,3862600,2.5307,2.5307,2.5032,2.5032,-0.0092,-0.37,0.14,10633329,,,19.236,0.8207,3.3534,3.7317,7519656000,233748944,,,,,,
2020-09-01,3475602,2.4941,2.5215,2.4941,2.5124,0.0092,0.37,0.13,9520395,,,19.3062,0.8237,3.3656,3.7453,7547100000,234376471,,,,,,
2020-09-02,3113800,2.5032,2.5215,2.4941,2.5124,0,0,0.11,8544359,,,19.3062,0.8237,3.3656,3.7453,7547100000,233234752,,,,,,
2020-09-03,3899708,2.5124,2.5215,2.5032,2.5215,0.0091,0.36,0.14,10731817,,,19.3765,0.8267,3.3779,3.7589,7574544000,235127178,,,,,,
2020-09-04,4031646,2.5032,2.5124,2.485,2.5032,-0.0183,-0.73,0.15,11035495,,,19.236,0.8207,3.3534,3.7317,7519656000,235321957,,,,,,
2020-09-07,4784400,2.5124,2.5124,2.4758,2.485,-0.0182,-0.73,0.17,13081804,,,19.0956,0.8147,3.3289,3.7044,7464768000,235567246,,,,,,
2020-09-08,16512860,2.485,2.5581,2.4758,2.5398,0.0548,2.21,0.6,45523365,,,19.5169,0.8326,3.4024,3.7861,7629432000,242951341,,,,,,
2020-09-09,27483502,2.5307,2.6037,2.5215,2.5855,0.0457,1.8,1,77315583,,,19.8679,0.8476,3.4636,3.8542,7766652000,250609120,,,,,,
2020-09-10,13134800,2.5855,2.5946,2.5124,2.5307,-0.0548,-2.12,0.48,36726228,,,19.4467,0.8296,3.3901,3.7725,7601988000,240410094,,,,,,
2020-09-11,8651662,2.5307,2.5307,2.485,2.4941,-0.0366,-1.45,0.32,23648324,,,19.1658,0.8177,3.3412,3.7181,7492212000,241903219,,,,,,
2020-09-14,6188754,2.4941,2.5124,2.4941,2.5124,0.0183,0.73,0.23,16956130,,,19.3062,0.8237,3.3656,3.7453,7547100000,244365069,,,,,,
2020-09-15,9057204,2.5124,2.5124,2.4667,2.4758,-0.0366,-1.46,0.33,24589747,,,19.0254,0.8117,3.3167,3.6908,7437324000,245497121,,,,,,
2020-09-16,3917476,2.4758,2.485,2.4576,2.4758,0,0,0.14,10590464,,,19.0254,0.8117,3.3167,3.6908,7437324000,245953631,,,,,,
2020-09-17,3594060,2.4667,2.4758,2.4576,2.4667,-0.0091,-0.37,0.13,9701445,,,18.9552,0.8087,3.3044,3.6772,7409880000,243439303,,,,,,
2020-09-18,3405367,2.4667,2.4941,2.4576,2.485,0.0183,0.74,0.12,9242180,,,19.0956,0.8147,3.3289,3.7044,7464768000,241552243,,,,,,
2020-09-21,3965500,2.485,2.4941,2.4667,2.4758,-0.0092,-0.37,0.14,10765747,,,19.0254,0.8117,3.3167,3.6908,7437324000,240568326,,,,,,
2020-09-22,2935575,2.4758,2.485,2.4667,2.4758,0,0,0.11,7945199,,,19.0254,0.8117,3.3167,3.6908,7437324000,241138741,,,,,,
2020-09-23,2634652,2.4758,2.485,2.4667,2.485,0.0092,0.37,0.1,7140821,,,19.0956,0.8147,3.3289,3.7044,7464768000,240954477,,,,,,
2020-09-24,3989301,2.4758,2.4758,2.4484,2.4576,-0.0274,-1.1,0.15,10753473,,,18.885,0.8057,3.2922,3.6636,7382436000,241362848,,,,,,
2020-09-25,2508768,2.4576,2.4667,2.4484,2.4576,0,0,0.09,6743677,,,18.885,0.8057,3.2922,3.6636,7382436000,241659512,,,,,,
2020-09-28,2371575,2.4576,2.4576,2.4302,2.4393,-0.0183,-0.74,0.09,6338510,,,18.7446,0.7997,3.2677,3.6363,7327548000,241173870,,,,,,
2020-09-29,2211850,2.4302,2.4576,2.4302,2.4484,0.0091,0.37,0.08,5926357,,,18.8148,0.8027,3.28,3.65,7354992000,240994473,,,,,,
2020-09-30,1665840,2.4484,2.4576,2.4393,2.4576,0.0092,0.38,0.06,4469623,,,17.9302,0.7631,3.166,3.3632,7382436000,240324102,,,,,,
2020-10-09,2561600,2.4667,2.485,2.4576,2.4667,0.0091,0.37,0.09,6933632,,,17.9968,0.7659,3.1777,3.3757,7409880000,240607092,,,,,,
2020-10-12,5013736,2.4758,2.4941,2.4667,2.485,0.0183,0.74,0.18,13610125,,,18.1301,0.7716,3.2013,3.4007,7464768000,241792570,,,,,,
2020-10-13,3770000,2.485,2.4941,2.4667,2.4758,-0.0092,-0.37,0.14,10222979,,,18.0635,0.7687,3.1895,3.3882,7437324000,240473767,,,,,,
2020-10-14,1497301,2.4758,2.4758,2.4576,2.4576,-0.0182,-0.74,0.05,4038222,,,17.9302,0.7631,3.166,3.3632,7382436000,240578669,,,,,,
2020-10-15,3318750,2.4667,2.4758,2.4484,2.4576,0,0,0.12,8942308,,,17.9302,0.7631,3.166,3.3632,7382436000,240443421,,,,,,
2020-10-16,2291615,2.4576,2.4667,2.4484,2.4576,0,0,0.08,6161446,,,17.9302,0.7631,3.166,3.3632,7382436000,240361060,,,,,,
2020-10-19,2503526,2.4667,2.4667,2.4484,2.4667,0.0091,0.37,0.09,6744177,,,17.9968,0.7659,3.1777,3.3757,7409880000,239661666,,,,,,
2020-10-20,1547106,2.4576,2.4667,2.4484,2.4667,0,0,0.06,4169780,,,17.9968,0.7659,3.1777,3.3757,7409880000,239069853,,,,,,
2020-10-21,2016301,2.4576,2.4667,2.4484,2.4576,-0.0091,-0.37,0.07,5421360,,,17.9302,0.7631,3.166,3.3632,7382436000,238084416,,,,,,
2020-10-22,1206250,2.4484,2.4576,2.4484,2.4576,0,0,0.04,3236025,,,17.9302,0.7631,3.166,3.3632,7382436000,238099894,,,,,,
2020-10-23,2224857,2.4576,2.4576,2.4393,2.4484,-0.0092,-0.37,0.08,5963166,,,17.8635,0.7602,3.1542,3.3507,7354992000,237430539,,,,,,
2020-10-26,1841200,2.4484,2.4484,2.4302,2.4393,-0.0091,-0.37,0.07,4915283,,,17.7969,0.7574,3.1424,3.3382,7327548000,237816942,,,,,,
2020-10-27,2352152,2.4393,2.4393,2.421,2.4393,0,0,0.09,6259700,,,17.7969,0.7574,3.1424,3.3382,7327548000,238708048,,,,,,
2020-10-28,2202748,2.4393,2.4393,2.4119,2.4302,-0.0091,-0.37,0.08,5842583,,,17.7302,0.7546,3.1306,3.3257,7300104000,238994786,,,,,,
2020-10-29,2929069,2.4119,2.421,2.4028,2.4119,-0.0183,-0.75,0.11,7733885,,,17.5969,0.7489,3.1071,3.3006,7245216000,237334587,,,,,,
2020-10-30,3601587,2.421,2.4302,2.4119,2.4119,0,0,0.13,9540201,,,17.5969,0.7489,3.1071,3.3006,7245216000,237245379,,,,,,
2020-11-02,3911725,2.421,2.421,2.4028,2.4028,-0.0091,-0.38,0.14,10318328,,,17.5302,0.746,3.0953,3.2881,7217772000,236811115,,,,,,
2020-11-03,2923195,2.4119,2.4302,2.4028,2.421,0.0182,0.76,0.11,7739191,,,17.6636,0.7517,3.1189,3.3132,7272660000,236872412,,,,,,
2020-11-04,2094173,2.421,2.4302,2.4119,2.421,0,0,0.08,5547474,,,17.6636,0.7517,3.1189,3.3132,7272660000,236638304,,,,,,
2020-11-05,3808600,2.4302,2.4393,2.4119,2.4302,0.0092,0.38,0.14,10113961,,,17.7302,0.7546,3.1306,3.3257,7300104000,237971245,,,,,,
2020-11-06,2704960,2.4302,2.4393,2.421,2.4302,0,0,0.1,7192778,,,17.7302,0.7546,3.1306,3.3257,7300104000,237274595,,,,,,
2020-11-09,10254100,2.4393,2.4667,2.4302,2.4576,0.0274,1.13,0.37,27540344,,,17.9302,0.7631,3.166,3.3632,7382436000,237928247,,,,,,
2020-11-10,12858800,2.4667,2.485,2.4302,2.4393,-0.0183,-0.74,0.47,34709723,,,17.7969,0.7574,3.1424,3.3382,7327548000,238515180,,,,,,
2020-11-11,7578802,2.4393,2.4758,2.4393,2.4667,0.0274,1.12,0.28,20419453,,,17.9968,0.7659,3.1777,3.3757,7409880000,238057580,,,,,,
2020-11-12,4332550,2.4667,2.485,2.4576,2.4758,0.0091,0.37,0.16,11728926,,,18.0635,0.7687,3.1895,3.3882,7437324000,237819345,,,,,,
2020-11-13,5187751,2.4758,2.4758,2.4393,2.4576,-0.0182,-0.74,0.19,13919612,,,17.9302,0.7631,3.166,3.3632,7382436000,237471344,,,,,,
2020-11-16,12933297,2.4667,2.4941,2.4576,2.4758,0.0182,0.74,0.47,35096677,,,18.0635,0.7687,3.1895,3.3882,7437324000,236939367,,,,,,
2020-11-17,6829753,2.4758,2.4941,2.4758,2.485,0.0092,0.37,0.25,18578789,,,18.1301,0.7716,3.2013,3.4007,7464768000,236917329,,,,,,
2020-11-18,11190150,2.485,2.5215,2.4758,2.5032,0.0182,0.73,0.41,30692800,,,18.2635,0.7773,3.2248,3.4257,7519656000,239957849,,,,,,
2020-11-19,7552851,2.4941,2.4941,2.4758,2.485,-0.0182,-0.73,0.28,20530430,,,18.1301,0.7716,3.2013,3.4007,7464768000,237738138,,,,,,
2020-11-20,4835952,2.4758,2.485,2.4667,2.4758,-0.0092,-0.37,0.18,13094231,,,18.0635,0.7687,3.1895,3.3882,7437324000,237107061,,,,,,
2020-11-23,7644051,2.4758,2.5124,2.4667,2.4941,0.0183,0.74,0.28,20861032,,,18.1968,0.7744,3.213,3.4132,7492212000,234658022,,,,,,
2020-11-24,6371747,2.4941,2.5215,2.485,2.5032,0.0091,0.36,0.23,17461631,,,18.2635,0.7773,3.2248,3.4257,7519656000,234790209,,,,,,
2020-11-25,7081552,2.5032,2.5215,2.4941,2.4941,-0.0091,-0.36,0.26,19455361,,,18.1968,0.7744,3.213,3.4132,7492212000,236598680,,,,,,
2020-11-26,3263552,2.4941,2.5032,2.485,2.5032,0.0091,0.36,0.12,8918310,,,18.2635,0.7773,3.2248,3.4257,7519656000,236458185,,,,,,
2020-11-27,6292650,2.4941,2.5215,2.485,2.5124,0.0092,0.37,0.23,17250086,,,18.3301,0.7801,3.2366,3.4382,7547100000,236332302,,,,,,
2020-11-30,10705310,2.5124,2.5398,2.5032,2.5215,0.0091,0.36,0.39,29579092,,,18.3968,0.7829,3.2483,3.4507,7574544000,238124870,,,,,,
2020-12-01,9273516,2.5124,2.5307,2.5032,2.5307,0.0092,0.36,0.34,25552273,,,18.4634,0.7858,3.2601,3.4632,7601988000,243295771,,,,,,
2020-12-02,7517160,2.5215,2.5398,2.5124,2.5215,-0.0092,-0.36,0.27,20769014,,,18.3968,0.7829,3.2483,3.4507,7574544000,246466259,,,,,,
2020-12-03,7650809,2.5215,2.5307,2.5124,2.5307,0.0092,0.36,0.28,21114659,,,18.4634,0.7858,3.2601,3.4632,7601988000,247357324,,,,,,
2020-12-04,7603694,2.5307,2.5307,2.5032,2.5032,-0.0275,-1.09,0.28,20908685,,,18.2635,0.7773,3.2248,3.4257,7519656000,251684094,,,,,,
2020-12-07,7554045,2.5124,2.5124,2.4758,2.485,-0.0182,-0.73,0.28,20598960,,,18.1301,0.7716,3.2013,3.4007,7464768000,253669643,,,,,,
2020-12-08,6492667,2.485,2.4941,2.4667,2.4758,-0.0092,-0.37,0.24,17624194,,,18.0635,0.7687,3.1895,3.3882,7437324000,257074757,,,,,,
2020-12-09,10722305,2.4758,2.4758,2.4302,2.4393,-0.0365,-1.47,0.39,28791500,,,17.7969,0.7574,3.1424,3.3382,7327548000,256736835,,,,,,
2020-12-10,13989503,2.4302,2.4393,2.4028,2.421,-0.0183,-0.75,0.51,37031989,,,17.6636,0.7517,3.1189,3.3132,7272660000,259166288,,,,,,
2020-12-11,20213419,2.421,2.421,2.3388,2.421,0,0,0.74,52675515,,,17.6636,0.7517,3.1189,3.3132,7272660000,262301869,,,,,,
2020-12-14,7687069,2.4028,2.421,2.3753,2.3936,-0.0274,-1.13,0.28,20183856,,,17.4636,0.7432,3.0836,3.2756,7190328000,264245086,,,,,,
2020-12-15,4273425,2.3936,2.4119,2.3753,2.4028,0.0092,0.38,0.16,11207433,,,17.5302,0.746,3.0953,3.2881,7217772000,267616173,,,,,,
2020-12-16,3337950,2.4028,2.421,2.3936,2.4028,0,0,0.12,8799298,,,17.5302,0.746,3.0953,3.2881,7217772000,267872765,,,,,,
2020-12-17,4839444,2.4028,2.421,2.3936,2.4119,0.0091,0.38,0.18,12770231,,,17.5969,0.7489,3.1071,3.3006,7245216000,270209898,,,,,,
2020-12-18,4898125,2.4119,2.4302,2.4028,2.421,0.0091,0.38,0.18,12971882,,,17.6636,0.7517,3.1189,3.3132,7272660000,267924193,,,,,,
2020-12-21,3972919,2.4119,2.4302,2.4028,2.4302,0.0092,0.38,0.14,10508296,,,17.7302,0.7546,3.1306,3.3257,7300104000,269325118,,,,,,
2020-12-22,3678900,2.421,2.421,2.3845,2.3845,-0.0457,-1.88,0.13,9663675,,,17.3969,0.7404,3.0718,3.2631,7162884000,267987020,,,,,,
2020-12-23,3565200,2.3936,2.4028,2.3753,2.3845,0,0,0.13,9312229,,,17.3969,0.7404,3.0718,3.2631,7162884000,269332099,,,,,,
2020-12-24,3720250,2.3936,2.3936,2.3662,2.3753,-0.0092,-0.39,0.14,9677080,,,17.3303,0.7375,3.06,3.2506,7135440000,270189053,,,,,,
2020-12-25,5731673,2.3662,2.4028,2.3662,2.4028,0.0275,1.16,0.21,14985076,,,17.5302,0.746,3.0953,3.2881,7217772000,271303105,,,,,,
2020-12-28,4718700,2.3936,2.4028,2.3753,2.3845,-0.0183,-0.76,0.17,12331493,,,17.3969,0.7404,3.0718,3.2631,7162884000,269844760,,,,,,
2020-12-29,6169488,2.3845,2.4119,2.3753,2.3936,0.0091,0.38,0.22,16166056,,,17.4636,0.7432,3.0836,3.2756,7190328000,270333257,,,,,,
2020-12-30,6478608,2.3936,2.421,2.3845,2.4119,0.0183,0.76,0.24,17069822,,,17.5969,0.7489,3.1071,3.3006,7245216000,272804964,,,,,,
2020-12-31,6642848,2.4028,2.4119,2.3845,2.4028,-0.0091,-0.38,0.24,17454118,,,15.961,0.7309,3.1032,4.1022,7217772000,273532222,,,,,,
2021-01-04,3748915,2.4028,2.4119,2.3845,2.4028,0,0,0.14,9844988,,,15.961,0.7309,3.1032,4.1022,7217772000,274441443,,,,,,
2021-01-05,7246295,2.3936,2.421,2.3936,2.4119,0.0091,0.38,0.26,19075038,,,16.0217,0.7336,3.115,4.1178,7245216000,277977467,,,,,,
2021-01-06,6506730,2.421,2.4302,2.4028,2.4302,0.0183,0.76,0.24,17190786,,,16.1431,0.7392,3.1386,4.149,7300104000,277083015,,,,,,
2021-01-07,5360695,2.4302,2.4302,2.3845,2.3936,-0.0366,-1.51,0.2,14140876,,,15.9003,0.7281,3.0914,4.0866,7190328000,275405105,,,,,,
2021-01-08,5556731,2.3936,2.421,2.3845,2.421,0.0274,1.14,0.2,14630627,,,16.0824,0.7364,3.1268,4.1334,7272660000,279787832,,,,,,
2021-01-11,7062653,2.421,2.4484,2.4028,2.4119,-0.0091,-0.38,0.26,18758325,,,16.0217,0.7336,3.115,4.1178,7245216000,282145322,,,,,,
2021-01-12,3970504,2.4028,2.4119,2.3936,2.4119,0,0,0.14,10443993,,,16.0217,0.7336,3.115,4.1178,7245216000,283468459,,,,,,
2021-01-13,4236855,2.4119,2.4119,2.3845,2.4028,-0.0091,-0.38,0.15,11106768,,,15.961,0.7309,3.1032,4.1022,7217772000,285530097,,,,,,
2021-01-14,4274803,2.4028,2.4028,2.3845,2.3936,-0.0092,-0.38,0.16,11196790,,,15.9003,0.7281,3.0914,4.0866,7190328000,282731414,,,,,,
2021-01-15,5024200,2.3936,2.4028,2.3753,2.3936,0,0,0.18,13151800,,,15.9003,0.7281,3.0914,4.0866,7190328000,283744347,,,,,,
2021-01-18,3725753,2.3936,2.4028,2.3753,2.3936,0,0,0.14,9735140,,,15.9003,0.7281,3.0914,4.0866,7190328000,283600164,,,,,,
2021-01-19,7926701,2.3845,2.4028,2.3753,2.4028,0.0092,0.38,0.29,20753573,,,15.961,0.7309,3.1032,4.1022,7217772000,286955520,,,,,,
2021-01-20,5365180,2.4028,2.4028,2.3845,2.3936,-0.0092,-0.38,0.2,14062742,,,15.9003,0.7281,3.0914,4.0866,7190328000,288914175,,,,,,
2021-01-21,2364366,2.3936,2.4028,2.3936,2.4028,0.0092,0.38,0.09,6197758,,,15.961,0.7309,3.1032,4.1022,7217772000,289117360,,,,,,
2021-01-22,3146783,2.3936,2.4028,2.3753,2.3753,-0.0275,-1.14,0.11,8199748,,,15.7789,0.7225,3.0678,4.0554,7135440000,288627805,,,,,,
2021-01-25,4705565,2.3753,2.3753,2.3479,2.3571,-0.0182,-0.77,0.17,12138480,,,15.6576,0.717,3.0442,4.0242,7080552000,290022492,,,,,,
2021-01-26,3735988,2.3571,2.3571,2.3388,2.3479,-0.0092,-0.39,0.14,9584915,,,15.5969,0.7142,3.0324,4.0086,7053108000,287085971,,,,,,
2021-01-27,2972120,2.3479,2.3479,2.3297,2.3388,-0.0091,-0.39,0.11,7602556,,,15.5362,0.7114,3.0207,3.993,7025664000,286877644,,,,,,
2021-01-28,3381984,2.3297,2.3388,2.3114,2.3205,-0.0183,-0.78,0.12,8596998,,,15.4148,0.7059,2.9971,3.9618,6970776000,286432226,,,,,,
2021-01-29,4036500,2.3205,2.3297,2.284,2.2931,-0.0274,-1.18,0.15,10201975,,,15.2327,0.6975,2.9617,3.915,6888444000,286591077,,,,,,
2021-02-01,2779452,2.2931,2.3023,2.284,2.2931,0,0,0.1,6961507,,,15.2327,0.6975,2.9617,3.915,6888444000,286480388,,,,,,
2021-02-02,2108168,2.284,2.3023,2.284,2.284,-0.0091,-0.4,0.08,5283995,,,15.1721,0.6947,2.9499,3.8994,6861000000,286650700,,,,,,
2021-02-03,3758054,2.2931,2.3023,2.284,2.2931,0.0091,0.4,0.14,9442211,,,15.2327,0.6975,2.9617,3.915,6888444000,286294611,,,,,,
2021-02-04,4533530,2.2931,2.3023,2.2474,2.2566,-0.0365,-1.59,0.17,11262691,,,14.99,0.6864,2.9145,3.8526,6778668000,285598271,,,,,,
2021-02-05,2737950,2.2474,2.284,2.2474,2.2748,0.0182,0.81,0.1,6807294,,,15.1114,0.692,2.9381,3.8838,6833556000,285678570,,,,,,
2021-02-08,2984020,2.284,2.3114,2.2748,2.3114,0.0366,1.61,0.11,7504796,,,15.3541,0.7031,2.9853,3.9462,6943332000,284161608,,,,,,
2021-02-09,2719954,2.3114,2.3388,2.3023,2.3297,0.0183,0.79,0.1,6907429,,,15.4755,0.7086,3.0089,3.9774,6998220000,283683645,,,,,,
2021-02-10,3049147,2.3388,2.3479,2.3205,2.3479,0.0182,0.78,0.11,7792490,,,15.5969,0.7142,3.0324,4.0086,7053108000,283966265,,,,,,
2021-02-18,3456549,2.3388,2.3662,2.3388,2.3479,0,0,0.13,8900127,,,15.5969,0.7142,3.0324,4.0086,7053108000,284267320,,,,,,
2021-02-19,4498187,2.3479,2.3845,2.3479,2.3753,0.0274,1.17,0.16,11676569,,,15.7789,0.7225,3.0678,4.0554,7135440000,285914336,,,,,,
2021-02-22,9096229,2.3845,2.4119,2.3753,2.3936,0.0183,0.77,0.33,23826078,,,15.9003,0.7281,3.0914,4.0866,7190328000,288124605,,,,,,
2021-02-23,3934901,2.3936,2.4028,2.3845,2.3845,-0.0091,-0.38,0.14,10306183,,,15.8396,0.7253,3.0796,4.071,7162884000,286820100,,,,,,
2021-02-24,3650814,2.3845,2.4028,2.3753,2.3845,0,0,0.13,9546750,,,15.8396,0.7253,3.0796,4.071,7162884000,285226016,,,,,,
2021-02-25,5100618,2.3845,2.4028,2.3845,2.4028,0.0183,0.77,0.19,13369860,,,15.961,0.7309,3.1032,4.1022,7217772000,284511130,,,,,,
2021-02-26,3290562,2.3936,2.3936,2.3753,2.3845,-0.0183,-0.76,0.12,8593092,,,15.8396,0.7253,3.0796,4.071,7162884000,283851922,,,,,,
2021-03-01,3201300,2.3845,2.4028,2.3845,2.4028,0.0183,0.77,0.12,8401014,,,15.961,0.7309,3.1032,4.1022,7217772000,283749238,,,,,,
2021-03-02,4725000,2.4028,2.4119,2.3845,2.3845,-0.0183,-0.76,0.17,12390944,,,15.8396,0.7253,3.0796,4.071,7162884000,285844712,,,,,,
2021-03-03,3924926,2.3845,2.4028,2.3845,2.4028,0.0183,0.77,0.14,10282810,,,15.961,0.7309,3.1032,4.1022,7217772000,286304275,,,,,,
2021-03-04,5094276,2.4028,2.4119,2.3936,2.4028,0,0,0.19,13390163,,,15.961,0.7309,3.1032,4.1022,7217772000,287661432,,,,,,
2021-03-05,5625294,2.4028,2.421,2.3936,2.4119,0.0091,0.38,0.2,14823196,,,16.0217,0.7336,3.115,4.1178,7245216000,285904320,,,,,,
2021-03-08,6785390,2.4119,2.4393,2.4028,2.4028,-0.0091,-0.38,0.25,18009536,,,15.961,0.7309,3.1032,4.1022,7217772000,286185540,,,,,,
2021-03-09,5669274,2.4028,2.421,2.3753,2.4028,0,0,0.21,14874058,,,15.961,0.7309,3.1032,4.1022,7217772000,287025001,,,,,,
2021-03-10,3445541,2.3936,2.4028,2.3845,2.3845,-0.0183,-0.76,0.13,9015594,,,15.8396,0.7253,3.0796,4.071,7162884000,286384708,,,,,,
2021-03-11,2611850,2.3845,2.4028,2.3845,2.3936,0.0091,0.38,0.1,6841343,,,15.9003,0.7281,3.0914,4.0866,7190328000,286326042,,,,,,
2021-03-12,5796005,2.4028,2.4302,2.3845,2.4302,0.0366,1.53,0.21,15304463,,,16.1431,0.7392,3.1386,4.149,7300104000,285595931,,,,,,
2021-03-15,9151025,2.421,2.4576,2.421,2.4484,0.0182,0.75,0.33,24487777,,,16.2644,0.7448,3.1622,4.1802,7354992000,290625474,,,,,,
2021-03-16,5879248,2.4393,2.4576,2.4302,2.4484,0,0,0.21,15727483,,,16.2644,0.7448,3.1622,4.1802,7354992000,293822647,,,,,,
2021-03-17,4002945,2.4484,2.4484,2.4302,2.4393,-0.0091,-0.37,0.15,10675393,,,16.2038,0.742,3.1504,4.1646,7327548000,294298269,,,,,,
2021-03-18,4373651,2.4302,2.4484,2.421,2.4393,0,0,0.16,11663896,,,16.2038,0.742,3.1504,4.1646,7327548000,294269440,,,,,,
2021-03-19,6910272,2.4302,2.4484,2.4119,2.4119,-0.0274,-1.12,0.25,18390810,,,16.0217,0.7336,3.115,4.1178,7245216000,293792657,,,,,,
2021-03-22,6720519,2.421,2.4576,2.4119,2.4484,0.0365,1.51,0.24,17937612,,,16.2644,0.7448,3.1622,4.1802,7354992000,294169320,,,,,,
2021-03-23,5651035,2.4576,2.4576,2.421,2.4302,-0.0182,-0.74,0.21,15078805,,,16.1431,0.7392,3.1386,4.149,7300104000,294991670,,,,,,
2021-03-24,5497947,2.4393,2.4576,2.4302,2.4393,0.0091,0.37,0.2,14720163,,,16.2038,0.742,3.1504,4.1646,7327548000,294993928,,,,,,
2021-03-25,3671109,2.4484,2.4576,2.4302,2.4393,0,0,0.13,9806491,,,16.2038,0.742,3.1504,4.1646,7327548000,293775009,,,,,,
2021-03-26,4208971,2.4484,2.4576,2.4393,2.4484,0.0091,0.37,0.15,11269204,,,16.2644,0.7448,3.1622,4.1802,7354992000,294012490,,,,,,
2021-03-29,10044686,2.4484,2.4758,2.4393,2.4667,0.0183,0.75,0.37,27056160,,,16.3858,0.7503,3.1858,4.2114,7409880000,292749897,,,,,,
2021-03-30,5620802,2.4667,2.4667,2.4302,2.4576,-0.0091,-0.37,0.2,15054816,,,16.3251,0.7475,3.174,4.1958,7382436000,292198457,,,,,,
2021-03-31,8003675,2.4576,2.485,2.4484,2.485,0.0274,1.11,0.29,21666852,,,10.3992,0.7387,2.6424,2.9767,7464768000,293054009,,,,,,
2021-04-01,4476745,2.485,2.485,2.4576,2.4667,-0.0183,-0.74,0.16,12094705,,,10.3227,0.7332,2.623,2.9548,7409880000,293773898,,,,,,
2021-04-02,4222833,2.4667,2.4667,2.4484,2.4576,-0.0091,-0.37,0.15,11369959,,,10.2845,0.7305,2.6133,2.9439,7382436000,292514408,,,,,,
2021-04-06,4592604,2.4576,2.4667,2.4484,2.4667,0.0091,0.37,0.17,12370217,,,10.3227,0.7332,2.623,2.9548,7409880000,291356065,,,,,,
2021-04-07,3667256,2.4667,2.4758,2.4576,2.4667,0,0,0.13,9888985,,,10.3227,0.7332,2.623,2.9548,7409880000,291484570,,,,,,
2021-04-08,3898133,2.4576,2.4758,2.4576,2.4667,0,0,0.14,10515655,,,10.3227,0.7332,2.623,2.9548,7409880000,292768417,,,,,,
2021-04-09,3861850,2.4576,2.4667,2.4393,2.4484,-0.0183,-0.74,0.14,10349700,,,10.2463,0.7278,2.6036,2.9329,7354992000,293040448,,,,,,
2021-04-12,3768026,2.4393,2.4576,2.4393,2.4484,0,0,0.14,10088723,,,10.2463,0.7278,2.6036,2.9329,7354992000,293489503,,,,,,
2021-04-13,2133825,2.4484,2.4576,2.4393,2.4484,0,0,0.08,5708890,,,10.2463,0.7278,2.6036,2.9329,7354992000,292895949,,,,,,
2021-04-14,3469050,2.4393,2.4484,2.421,2.4393,-0.0091,-0.37,0.13,9232259,,,10.208,0.7251,2.5939,2.922,7327548000,292991771,,,,,,
2021-04-15,3594225,2.4302,2.4576,2.4302,2.4484,0.0091,0.37,0.13,9622264,,,10.2463,0.7278,2.6036,2.9329,7354992000,292944910,,,,,,
2021-04-16,4585206,2.4484,2.4667,2.4393,2.4576,0.0092,0.38,0.17,12344516,,,10.2845,0.7305,2.6133,2.9439,7382436000,293798496,,,,,,
2021-04-19,3710778,2.4667,2.4758,2.4576,2.4758,0.0182,0.74,0.14,10027278,,,10.361,0.7359,2.6327,2.9657,7437324000,293770204,,,,,,
2021-04-20,2879901,2.4667,2.4758,2.4484,2.4484,-0.0274,-1.11,0.1,7750794,,,10.2463,0.7278,2.6036,2.9329,7354992000,294267373,,,,,,
2021-04-21,2398480,2.4484,2.4576,2.4393,2.4393,-0.0091,-0.37,0.09,6418087,,,10.208,0.7251,2.5939,2.922,7327548000,294940670,,,,,,
2021-04-22,2833955,2.4484,2.4576,2.4393,2.4393,0,0,0.1,7591452,,,10.208,0.7251,2.5939,2.922,7327548000,294891008,,,,,,
2021-04-23,2901401,2.4484,2.4484,2.421,2.4302,-0.0091,-0.37,0.11,7719037,,,10.1698,0.7224,2.5842,2.911,7300104000,294290439,,,,,,
2021-04-26,3704636,2.4302,2.4393,2.421,2.421,-0.0092,-0.38,0.13,9852886,,,10.1316,0.7197,2.5744,2.9001,7272660000,293677844,,,,,,
2021-04-27,3246231,2.421,2.4302,2.4028,2.421,0,0,0.12,8576536,,,10.1316,0.7197,2.5744,2.9001,7272660000,293729605,,,,,,
2021-04-28,3416641,2.4119,2.4393,2.4028,2.4302,0.0092,0.38,0.12,9041744,,,10.1698,0.7224,2.5842,2.911,7300104000,294587392,,,,,,
2021-04-29,5512818,2.4302,2.4576,2.4302,2.4576,0.0274,1.13,0.2,14738679,,,10.2845,0.7305,2.6133,2.9439,7382436000,293336639,,,,,,
2021-04-30,14113541,2.4576,2.4758,2.4393,2.4576,0,0,0.51,38038966,,,10.2845,0.7305,2.6133,2.9439,7382436000,285887126,,,,,,
2021-05-06,14005300,2.4576,2.5124,2.4576,2.4941,0.0365,1.49,0.51,38343271,,,10.4374,0.7414,2.6522,2.9876,7492212000,288464975,,,,,,
2021-05-07,10790040,2.5032,2.5307,2.4941,2.5307,0.0366,1.47,0.39,29758280,,,10.5904,0.7522,2.691,3.0314,7601988000,288913389,,,,,,
2021-05-10,10091722,2.5307,2.5581,2.5215,2.5398,0.0091,0.36,0.37,28038760,,,10.6286,0.755,2.7007,3.0423,7629432000,291663749,,,,,,
2021-05-11,8070115,2.5489,2.5489,2.5124,2.5398,0,0,0.29,22342030,,,10.6286,0.755,2.7007,3.0423,7629432000,290492516,,,,,,
2021-05-12,7012943,2.5307,2.5581,2.5215,2.5581,0.0183,0.72,0.26,19559929,,,10.7051,0.7604,2.7202,3.0642,7684320000,288722571,,,,,,
2021-05-13,6007400,2.5581,2.5581,2.5307,2.5398,-0.0183,-0.72,0.22,16748066,,,10.6286,0.755,2.7007,3.0423,7629432000,288673461,,,,,,
2021-05-14,11459281,2.5398,2.5855,2.5307,2.5672,0.0274,1.08,0.42,32155380,,,10.7433,0.7631,2.7299,3.0752,7711764000,290534517,,,,,,
2021-05-17,7020802,2.5581,2.5855,2.5489,2.5581,-0.0091,-0.35,0.26,19705406,,,10.7051,0.7604,2.7202,3.0642,7684320000,290025069,,,,,,
2021-05-18,3183765,2.5581,2.5672,2.5489,2.5581,0,0,0.12,8904521,,,10.7051,0.7604,2.7202,3.0642,7684320000,286854817,,,,,,
2021-05-19,4660997,2.5398,2.5581,2.5124,2.5215,-0.0366,-1.43,0.17,12905731,,,10.5521,0.7495,2.6813,3.0205,7574544000,287279197,,,,,,
2021-05-20,3256357,2.5124,2.5215,2.5032,2.5032,-0.0183,-0.73,0.12,8944317,,,10.4757,0.7441,2.6619,2.9986,7519656000,286641694,,,,,,
2021-05-21,4034821,2.5032,2.5215,2.4941,2.5124,0.0092,0.37,0.15,11082679,,,10.5139,0.7468,2.6716,3.0095,7547100000,287093351,,,,,,
2021-05-24,5026870,2.5124,2.5489,2.5124,2.5398,0.0274,1.09,0.18,13950567,,,10.6286,0.755,2.7007,3.0423,7629432000,287302426,,,,,,
2021-05-25,5058074,2.5489,2.5581,2.5307,2.5398,0,0,0.18,14077739,,,10.6286,0.755,2.7007,3.0423,7629432000,287734033,,,,,,
2021-05-26,5018742,2.5307,2.5581,2.5215,2.5489,0.0091,0.36,0.18,13953160,,,10.6668,0.7577,2.7105,3.0533,7656876000,287756661,,,,,,
2021-05-27,4055952,2.5489,2.5672,2.5398,2.5581,0.0092,0.36,0.15,11346119,,,10.7051,0.7604,2.7202,3.0642,7684320000,287574128,,,,,,
2021-05-28,4179578,2.5581,2.5672,2.5398,2.5489,-0.0092,-0.36,0.15,11696056,,,10.6668,0.7577,2.7105,3.0533,7656876000,287242458,,,,,,
2021-05-31,7550969,2.5398,2.5763,2.5307,2.5581,0.0092,0.36,0.28,21104267,,,10.7051,0.7604,2.7202,3.0642,7684320000,287151703,,,,,,
2021-06-01,3722200,2.5581,2.5672,2.5307,2.5398,-0.0183,-0.72,0.14,10349648,,,10.6286,0.755,2.7007,3.0423,7629432000,287493439,,,,,,
2021-06-02,6375121,2.5307,2.5398,2.5032,2.5124,-0.0274,-1.08,0.23,17554140,,,10.5139,0.7468,2.6716,3.0095,7547100000,287629850,,,,,,
2021-06-03,5320033,2.5032,2.5398,2.5032,2.5307,0.0183,0.73,0.19,14668312,,,10.5904,0.7522,2.691,3.0314,7601988000,287545855,,,,,,
2021-06-04,4429250,2.5307,2.5307,2.5032,2.5124,-0.0183,-0.72,0.16,12219787,,,10.5139,0.7468,2.6716,3.0095,7547100000,288157143,,,,,,
2021-06-07,6193382,2.5124,2.5398,2.4941,2.5032,-0.0092,-0.37,0.23,17056307,,,10.4757,0.7441,2.6619,2.9986,7519656000,289509788,,,,,,
2021-06-08,5473888,2.5032,2.5215,2.4941,2.5124,0.0092,0.37,0.2,14993257,,,10.5139,0.7468,2.6716,3.0095,7547100000,290879736,,,,,,
2021-06-09,11785000,2.5032,2.5124,2.4667,2.4758,-0.0366,-1.46,0.43,31982361,,,10.361,0.7359,2.6327,2.9657,7437324000,292569087,,,,,,
2021-06-10,7336060,2.4758,2.4758,2.4484,2.4576,-0.0182,-0.74,0.27,19758495,,,10.2845,0.7305,2.6133,2.9439,7382436000,293454093,,,,,,
2021-06-11,7057750,2.4484,2.4576,2.4393,2.4484,-0.0092,-0.37,0.26,18884769,,,10.2463,0.7278,2.6036,2.9329,7354992000,290476189,,,,,,
2021-06-15,6255650,2.4484,2.4576,2.4302,2.4484,0,0,0.23,16733541,,,10.2463,0.7278,2.6036,2.9329,7354992000,293151952,,,,,,
2021-06-16,3459250,2.4484,2.4484,2.4302,2.4393,-0.0091,-0.37,0.13,9224527,,,10.208,0.7251,2.5939,2.922,7327548000,295091261,,,,,,
2021-06-17,2831400,2.4393,2.4484,2.4393,2.4484,0.0091,0.37,0.1,7573358,,,10.2463,0.7278,2.6036,2.9329,7354992000,295347911,,,,,,
2021-06-18,3003002,2.4393,2.4484,2.4302,2.4393,-0.0091,-0.37,0.11,8017694,,,10.208,0.7251,2.5939,2.922,7327548000,295948191,,,,,,
2021-06-21,4631800,2.4393,2.4393,2.421,2.4302,-0.0091,-0.37,0.17,12295112,,,10.1698,0.7224,2.5842,2.911,7300104000,296089447,,,,,,
2021-06-22,5097869,2.4393,2.4667,2.4302,2.4667,0.0365,1.5,0.19,13685848,,,10.3227,0.7332,2.623,2.9548,7409880000,297606844,,,,,,
2021-06-23,3922669,2.4667,2.4758,2.4576,2.4758,0.0091,0.37,0.14,10599484,,,10.361,0.7359,2.6327,2.9657,7437324000,298112677,,,,,,
2021-06-24,4960652,2.4758,2.485,2.4667,2.4758,0,0,0.18,13450201,,,10.361,0.7359,2.6327,2.9657,7437324000,298952980,,,,,,
2021-06-25,5340292,2.4758,2.485,2.4576,2.4667,-0.0091,-0.37,0.19,14435085,,,10.3227,0.7332,2.623,2.9548,7409880000,298359525,,,,,,
2021-06-28,8561055,2.4763,2.4953,2.4668,2.4763,0.0096,0.39,0.31,22421148,,,9.9786,0.7286,2.5356,2.8563,7162884000,293974919,,,,,,
2021-06-29,3140100,2.4763,2.4858,2.4668,2.4763,0,0,0.11,8211273,,,9.9786,0.7286,2.5356,2.8563,7162884000,293949279,,,,,,
2021-06-30,3600119,2.4858,2.4953,2.4763,2.4953,0.019,0.77,0.13,9435394,,,7.7844,0.7182,2.3076,3.3343,7217772000,294694365,,,,,,
2021-07-01,4144101,2.4953,2.4953,2.4668,2.4668,-0.0285,-1.14,0.15,10847587,,,7.6956,0.7101,2.2813,3.2962,7135440000,293134565,,,,,,
2021-07-02,2392800,2.4858,2.4858,2.4668,2.4668,0,0,0.09,6246718,,,7.6956,0.7101,2.2813,3.2962,7135440000,292965760,,,,,,
2021-07-05,3084550,2.4763,2.4858,2.4668,2.4858,0.019,0.77,0.11,8069759,,,7.7548,0.7155,2.2988,3.3216,7190328000,293210790,,,,,,
2021-07-06,6270236,2.4763,2.5237,2.4763,2.5237,0.0379,1.52,0.23,16579245,,,7.8732,0.7264,2.3339,3.3723,7300104000,292722706,,,,,,
2021-07-07,4630533,2.5142,2.5332,2.5047,2.5142,-0.0095,-0.38,0.17,12292044,,,7.8436,0.7237,2.3251,3.3596,7272660000,292682280,,,,,,
2021-07-08,3063190,2.5142,2.5237,2.4953,2.5047,-0.0095,-0.38,0.11,8108015,,,7.814,0.721,2.3164,3.3469,7245216000,292911097,,,,,,
2021-07-09,2351801,2.4953,2.5142,2.4953,2.5142,0.0095,0.38,0.09,6210377,,,7.8436,0.7237,2.3251,3.3596,7272660000,292846207,,,,,,
2021-07-12,10337178,2.5142,2.5237,2.4668,2.4953,-0.0189,-0.75,0.38,27187251,,,7.7844,0.7182,2.3076,3.3343,7217772000,289997198,,,,,,
2021-07-13,3645600,2.4858,2.4953,2.4763,2.4858,-0.0095,-0.38,0.13,9537258,,,7.7548,0.7155,2.2988,3.3216,7190328000,290732689,,,,,,
2021-07-14,3641700,2.4763,2.4858,2.4668,2.4668,-0.019,-0.76,0.13,9495305,,,7.6956,0.7101,2.2813,3.2962,7135440000,290179977,,,,,,
2021-07-15,3299856,2.4763,2.4763,2.4573,2.4668,0,0,0.12,8557214,,,7.6956,0.7101,2.2813,3.2962,7135440000,291452810,,,,,,
2021-07-16,2592000,2.4573,2.4668,2.4478,2.4573,-0.0095,-0.39,0.09,6718189,,,7.666,0.7073,2.2725,3.2835,7107996000,291334568,,,,,,
2021-07-19,3899060,2.4478,2.4573,2.4383,2.4573,0,0,0.14,10038857,,,7.666,0.7073,2.2725,3.2835,7107996000,291789023,,,,,,
2021-07-20,3220404,2.4478,2.4478,2.4288,2.4383,-0.019,-0.77,0.12,8272805,,,7.6068,0.7019,2.255,3.2582,7053108000,291615013,,,,,,
2021-07-21,4832254,2.4383,2.4668,2.4383,2.4478,0.0095,0.39,0.18,12490338,,,7.6364,0.7046,2.2637,3.2709,7080552000,291601686,,,,,,
2021-07-22,4084650,2.4478,2.4668,2.4383,2.4668,0.019,0.78,0.15,10573428,,,7.6956,0.7101,2.2813,3.2962,7135440000,290942584,,,,,,
2021-07-23,4797700,2.4668,2.4668,2.4288,2.4573,-0.0095,-0.39,0.17,12374602,,,7.666,0.7073,2.2725,3.2835,7107996000,289139963,,,,,,
2021-07-26,6531556,2.4478,2.4668,2.4288,2.4573,0,0,0.24,16831924,,,7.666,0.7073,2.2725,3.2835,7107996000,287793043,,,,,,
2021-07-27,4815050,2.4478,2.4478,2.4288,2.4383,-0.019,-0.77,0.18,12388386,,,7.6068,0.7019,2.255,3.2582,7053108000,287746779,,,,,,
2021-07-28,7055437,2.4383,2.4478,2.3814,2.3909,-0.0474,-1.94,0.26,17905359,,,7.4588,0.6882,2.2111,3.1948,6915888000,289053376,,,,,,
2021-07-29,5330818,2.4004,2.4099,2.3719,2.3909,0,0,0.19,13437856,,,7.4588,0.6882,2.2111,3.1948,6915888000,286510333,,,,,,
2021-07-30,5596749,2.3909,2.4099,2.3719,2.4004,0.0095,0.4,0.2,14069982,,,7.4884,0.6909,2.2199,3.2075,6943332000,285674007,,,,,,
2021-08-02,6052451,2.3909,2.4288,2.3814,2.4194,0.019,0.79,0.22,15343096,,,7.5476,0.6964,2.2374,3.2328,6998220000,287309112,,,,,,
2021-08-03,3943575,2.4099,2.4288,2.4004,2.4194,0,0,0.14,10032179,,,7.5476,0.6964,2.2374,3.2328,6998220000,287547797,,,,,,
2021-08-04,3855350,2.4194,2.4288,2.4099,2.4099,-0.0095,-0.39,0.14,9806150,,,7.518,0.6937,2.2286,3.2202,6970776000,286874037,,,,,,
2021-08-05,3262542,2.4099,2.4194,2.4004,2.4099,0,0,0.12,8290436,,,7.518,0.6937,2.2286,3.2202,6970776000,287041225,,,,,,
2021-08-06,2739495,2.4099,2.4099,2.3909,2.4004,-0.0095,-0.39,0.1,6917116,,,7.4884,0.6909,2.2199,3.2075,6943332000,287511011,,,,,,
2021-08-09,4724140,2.4004,2.4194,2.3909,2.4004,0,0,0.17,11970522,,,7.4884,0.6909,2.2199,3.2075,6943332000,288253801,,,,,,
2021-08-10,4343214,2.4004,2.4099,2.3909,2.4004,0,0,0.16,10984165,,,7.4884,0.6909,2.2199,3.2075,6943332000,285877088,,,,,,
2021-08-11,6036921,2.4004,2.4194,2.4004,2.4099,0.0095,0.4,0.22,15343904,,,7.518,0.6937,2.2286,3.2202,6970776000,284304673,,,,,,
2021-08-12,4522013,2.4099,2.4194,2.4004,2.4099,0,0,0.16,11489729,,,7.518,0.6937,2.2286,3.2202,6970776000,283171934,,,,,,
2021-08-13,2949390,2.4194,2.4194,2.4004,2.4099,0,0,0.11,7492100,,,7.518,0.6937,2.2286,3.2202,6970776000,283045663,,,,,,
2021-08-16,4680913,2.4099,2.4194,2.4004,2.4099,0,0,0.17,11899523,,,7.518,0.6937,2.2286,3.2202,6970776000,283107145,,,,,,
2021-08-17,3902200,2.4099,2.4194,2.4004,2.4004,-0.0095,-0.39,0.14,9907241,,,7.4884,0.6909,2.2199,3.2075,6943332000,283281482,,,,,,
2021-08-18,3739267,2.4004,2.4099,2.3909,2.4099,0.0095,0.4,0.14,9458208,,,7.518,0.6937,2.2286,3.2202,6970776000,283229237,,,,,,
2021-08-19,3743926,2.4004,2.4099,2.3909,2.4004,-0.0095,-0.39,0.14,9470464,,,7.4884,0.6909,2.2199,3.2075,6943332000,283757435,,,,,,
2021-08-20,3005392,2.4004,2.4004,2.3909,2.3909,-0.0095,-0.4,0.11,7586006,,,7.4588,0.6882,2.2111,3.1948,6915888000,284112952,,,,,,
2021-08-23,7416267,2.4004,2.4288,2.3909,2.4194,0.0285,1.19,0.27,18857118,,,7.5476,0.6964,2.2374,3.2328,6998220000,283126481,,,,,,
2021-08-24,4211131,2.4099,2.4288,2.4099,2.4194,0,0,0.15,10749507,,,7.5476,0.6964,2.2374,3.2328,6998220000,282953442,,,,,,
2021-08-25,6988173,2.4288,2.4573,2.4099,2.4478,0.0284,1.17,0.25,17963676,,,7.6364,0.7046,2.2637,3.2709,7080552000,285638768,,,,,,
2021-08-26,9982120,2.4478,2.4858,2.4478,2.4668,0.019,0.78,0.36,25953430,,,7.6956,0.7101,2.2813,3.2962,7135440000,285865852,,,,,,
2021-08-27,6489284,2.4573,2.4858,2.4478,2.4763,0.0095,0.39,0.24,16883538,,,7.7252,0.7128,2.2901,3.3089,7162884000,285900208,,,,,,
2021-08-30,6342878,2.4763,2.4858,2.4478,2.4668,-0.0095,-0.38,0.23,16478045,,,7.6956,0.7101,2.2813,3.2962,7135440000,285585915,,,,,,
2021-08-31,11185651,2.4668,2.4858,2.4383,2.4763,0.0095,0.39,0.41,28966066,,,7.7252,0.7128,2.2901,3.3089,7162884000,287177001,,,,,,
2021-09-01,19018475,2.4763,2.5237,2.4763,2.5237,0.0474,1.91,0.69,50267512,,,7.8732,0.7264,2.3339,3.3723,7300104000,290756800,,,,,,
2021-09-02,11726397,2.5237,2.5427,2.5142,2.5332,0.0095,0.38,0.43,31255616,,,7.9028,0.7292,2.3427,3.385,7327548000,290018583,,,,,,
2021-09-03,13606155,2.5332,2.5617,2.5237,2.5522,0.019,0.75,0.5,36521085,,,7.962,0.7346,2.3602,3.4103,7382436000,289794727,,,,,,
2021-09-06,12405235,2.5522,2.5901,2.5427,2.5712,0.019,0.74,0.45,33657599,,,8.0212,0.7401,2.3778,3.4357,7437324000,287074342,,,,,,
2021-09-07,16904226,2.5712,2.6281,2.5712,2.6091,0.0379,1.47,0.62,46456096,,,8.1396,0.751,2.4129,3.4864,7547100000,286325715,,,,,,
2021-09-08,25852434,2.6281,2.6755,2.6186,2.6755,0.0664,2.54,0.94,72016242,,,8.3468,0.7701,2.4743,3.5751,7739208000,274965405,,,,,,
2021-09-09,33737360,2.6755,2.7324,2.6565,2.723,0.0475,1.78,1.23,95859939,,,8.4948,0.7838,2.5182,3.6385,7876428000,276254521,,,,,,
2021-09-10,24223882,2.723,2.7704,2.666,2.6945,-0.0285,-1.05,0.88,69362052,,,8.406,0.7756,2.4919,3.6005,7794096000,274321745,,,,,,
2021-09-13,18690588,2.6755,2.723,2.6565,2.7135,0.019,0.71,0.68,53038785,,,8.4652,0.7811,2.5094,3.6258,7848984000,273593323,,,,,,
2021-09-14,17912532,2.7135,2.723,2.6471,2.666,-0.0475,-1.75,0.65,50819315,,,8.3172,0.7674,2.4655,3.5625,7711764000,271730180,,,,,,
2021-09-15,12442671,2.6471,2.685,2.6471,2.6565,-0.0095,-0.36,0.45,34922319,,,8.2876,0.7647,2.4568,3.5498,7684320000,273828882,,,,,,
2021-09-16,19945545,2.666,2.7324,2.6281,2.6376,-0.0189,-0.71,0.73,56399134,,,8.2284,0.7592,2.4392,3.5244,7629432000,274761915,,,,,,
2021-09-17,12808124,2.6471,2.6755,2.5901,2.6281,-0.0095,-0.36,0.47,35571306,,,8.1988,0.7565,2.4304,3.5117,7601988000,273064488,,,,,,
2021-09-22,43336466,2.6091,2.7894,2.5522,2.7799,0.1518,5.78,1.58,123020361,,,8.6724,0.8002,2.5708,3.7146,8041092000,284155995,,,,,,
2021-09-23,40730665,2.7799,2.9127,2.7609,2.8463,0.0664,2.39,1.48,121858768,,,8.8796,0.8193,2.6322,3.8033,8233200000,283744117,,,,,,
2021-09-24,19627784,2.8463,2.8558,2.7609,2.7609,-0.0854,-3,0.72,57831431,,,8.6132,0.7947,2.5533,3.6892,7986204000,287987981,,,,,,
2021-09-27,25428196,2.7704,2.8463,2.6945,2.7419,-0.019,-0.69,0.93,74235359,,,8.554,0.7893,2.5357,3.6639,7931316000,288244801,,,,,,
2021-09-28,12676641,2.723,2.7704,2.704,2.7514,0.0095,0.35,0.46,36501096,,,8.5836,0.792,2.5445,3.6766,7958760000,288922591,,,,,,
2021-09-29,16898975,2.7419,2.7514,2.666,2.7135,-0.0379,-1.38,0.62,48371574,,,8.4652,0.7811,2.5094,3.6258,7848984000,274786128,,,,,,
2021-09-30,12703223,2.7324,2.7419,2.6565,2.6945,-0.019,-0.7,0.46,36023198,,,8.497,0.7584,2.567,3.7358,7794096000,274208482,,,,,,
2021-10-08,13169796,2.704,2.7799,2.704,2.7324,0.0379,1.41,0.48,38045068,,,8.6167,0.7691,2.6032,3.7884,7903872000,274772445,,,,,,
2021-10-11,11153752,2.7419,2.7609,2.704,2.723,-0.0094,-0.34,0.41,32044396,,,8.5867,0.7665,2.5942,3.7752,7876428000,278723588,,,,,,
2021-10-12,13467747,2.7135,2.723,2.6281,2.6755,-0.0475,-1.74,0.49,37869166,,,8.4372,0.7531,2.549,3.7095,7739208000,277637207,,,,,,
2021-10-13,14350220,2.6755,2.7419,2.6281,2.723,0.0475,1.78,0.52,40615808,,,8.5867,0.7665,2.5942,3.7752,7876428000,293854739,,,,,,
2021-10-14,10172503,2.7135,2.7324,2.685,2.6945,-0.0285,-1.05,0.37,29025400,,,8.497,0.7584,2.567,3.7358,7794096000,298958721,,,,,,
2021-10-15,8056400,2.6945,2.7135,2.6376,2.6471,-0.0474,-1.76,0.29,22576998,,,8.3474,0.7451,2.5218,3.67,7656876000,298987288,,,,,,
2021-10-18,7575001,2.6471,2.6755,2.6281,2.666,0.0189,0.71,0.28,21195101,,,8.4072,0.7504,2.5399,3.6963,7711764000,298722988,,,,,,
2021-10-19,4533050,2.666,2.666,2.6471,2.6565,-0.0095,-0.36,0.17,12692064,,,8.3773,0.7478,2.5309,3.6832,7684320000,299446354,,,,,,
2021-10-20,6419000,2.6565,2.666,2.6281,2.6281,-0.0284,-1.07,0.23,17905181,,,8.2876,0.7397,2.5038,3.6437,7601988000,298867206,,,,,,
2021-10-21,6392238,2.6376,2.6565,2.6091,2.6091,-0.019,-0.72,0.23,17743198,,,8.2277,0.7344,2.4857,3.6174,7547100000,299910095,,,,,,
2021-10-22,7785652,2.6091,2.6186,2.5712,2.5806,-0.0285,-1.09,0.28,21270676,,,8.138,0.7264,2.4586,3.5779,7464768000,301188602,,,,,,
2021-10-25,6060600,2.5806,2.5901,2.5522,2.5806,0,0,0.22,16411339,,,8.138,0.7264,2.4586,3.5779,7464768000,302247104,,,,,,
2021-10-26,5994447,2.5806,2.5901,2.5522,2.5617,-0.0189,-0.73,0.22,16236431,,,8.0781,0.7211,2.4405,3.5516,7409880000,302306820,,,,,,
2021-10-27,7424201,2.5617,2.5617,2.5047,2.5237,-0.038,-1.48,0.27,19769838,,,7.9584,0.7104,2.4043,3.499,7300104000,301423502,,,,,,
2021-10-28,7308325,2.5142,2.5142,2.4763,2.4953,-0.0284,-1.13,0.27,19215515,,,7.8687,0.7024,2.3772,3.4595,7217772000,302532240,,,,,,
2021-10-29,6115554,2.4953,2.5332,2.4763,2.5237,0.0284,1.14,0.22,16162580,,,7.9584,0.7104,2.4043,3.499,7300104000,302084691,,,,,,
2021-11-01,7775232,2.5237,2.5237,2.4953,2.5142,-0.0095,-0.38,0.28,20546417,,,7.9285,0.7077,2.3953,3.4858,7272660000,302472877,,,,,,
2021-11-02,13075802,2.5142,2.5142,2.4288,2.4668,-0.0474,-1.89,0.48,33943126,,,7.7789,0.6943,2.3501,3.4201,7135440000,301752135,,,,,,
2021-11-03,6834100,2.4573,2.4763,2.4383,2.4668,0,0,0.25,17688004,,,7.7789,0.6943,2.3501,3.4201,7135440000,300914675,,,,,,
2021-11-04,5738166,2.4573,2.4763,2.4478,2.4573,-0.0095,-0.39,0.21,14840220,,,7.749,0.6917,2.3411,3.4069,7107996000,300628979,,,,,,
2021-11-05,5425100,2.4573,2.4573,2.4383,2.4573,0,0,0.2,14009473,,,7.749,0.6917,2.3411,3.4069,7107996000,301519503,,,,,,
2021-11-08,5815315,2.4573,2.4668,2.4383,2.4478,-0.0095,-0.39,0.21,15022707,,,7.7191,0.689,2.332,3.3938,7080552000,303149735,,,,,,
2021-11-09,5492313,2.4478,2.4763,2.4478,2.4668,0.019,0.78,0.2,14262285,,,7.7789,0.6943,2.3501,3.4201,7135440000,304886240,,,,,,
2021-11-10,5773753,2.4668,2.4858,2.4478,2.4763,0.0095,0.39,0.21,14976522,,,7.8089,0.697,2.3591,3.4332,7162884000,306662485,,,,,,
2021-11-11,6346276,2.4763,2.5047,2.4668,2.4953,0.019,0.77,0.23,16679298,,,7.8687,0.7024,2.3772,3.4595,7217772000,305948238,,,,,,
2021-11-12,4581450,2.4953,2.5047,2.4858,2.4858,-0.0095,-0.38,0.17,12031788,,,7.8388,0.6997,2.3682,3.4464,7190328000,305668625,,,,,,
2021-11-15,7052950,2.4858,2.5142,2.4668,2.4953,0.0095,0.38,0.26,18514472,,,7.8687,0.7024,2.3772,3.4595,7217772000,306229999,,,,,,
2021-11-16,5406923,2.4953,2.5142,2.4858,2.4953,0,0,0.2,14242579,,,7.8687,0.7024,2.3772,3.4595,7217772000,306916005,,,,,,
2021-11-17,4353101,2.4858,2.4953,2.4763,2.4953,0,0,0.16,11395669,,,7.8687,0.7024,2.3772,3.4595,7217772000,308623414,,,,,,
2021-11-18,3799245,2.4858,2.5047,2.4763,2.4953,0,0,0.14,9981729,,,7.8687,0.7024,2.3772,3.4595,7217772000,307673268,,,,,,
2021-11-19,12279703,2.4953,2.5332,2.4858,2.5332,0.0379,1.52,0.45,32519996,,,7.9884,0.713,2.4134,3.5122,7327548000,306954138,,,,,,
2021-11-22,5052515,2.5142,2.5332,2.5142,2.5237,-0.0095,-0.38,0.18,13435911,,,7.9584,0.7104,2.4043,3.499,7300104000,307265531,,,,,,
2021-11-23,5347400,2.5142,2.5427,2.5142,2.5332,0.0095,0.38,0.19,14267208,,,7.9884,0.713,2.4134,3.5122,7327548000,307769064,,,,,,
2021-11-24,13966720,2.5332,2.6565,2.5142,2.5712,0.038,1.5,0.51,37822927,,,8.108,0.7237,2.4495,3.5648,7437324000,307134702,,,,,,
2021-11-25,8766033,2.5427,2.5617,2.5427,2.5522,-0.019,-0.74,0.32,23563190,,,8.0482,0.7184,2.4315,3.5385,7382436000,308374414,,,,,,
2021-11-26,18406658,2.5427,2.6471,2.5332,2.6471,0.0949,3.72,0.67,50319339,,,8.3474,0.7451,2.5218,3.67,7656876000,313983835,,,,,,
2021-11-29,15174694,2.6186,2.6565,2.5806,2.6091,-0.038,-1.44,0.55,41850823,,,8.2277,0.7344,2.4857,3.6174,7547100000,315800458,,,,,,
2021-11-30,6843048,2.6091,2.6186,2.5806,2.5901,-0.019,-0.73,0.25,18718917,,,8.1679,0.7291,2.4676,3.5911,7492212000,316007388,,,,,,
2021-12-01,6272484,2.5806,2.6091,2.5712,2.5996,0.0095,0.37,0.23,17150464,,,8.1978,0.7317,2.4767,3.6042,7519656000,314724568,,,,,,
2021-12-02,7381650,2.5996,2.6186,2.5806,2.5806,-0.019,-0.73,0.27,20238280,,,8.138,0.7264,2.4586,3.5779,7464768000,313291385,,,,,,
2021-12-03,9784213,2.5806,2.6376,2.5806,2.6186,0.038,1.47,0.36,26957034,,,8.2576,0.7371,2.4947,3.6305,7574544000,307809111,,,,,,
2021-12-06,8165189,2.6091,2.6281,2.5996,2.6091,-0.0095,-0.36,0.3,22504746,,,8.2277,0.7344,2.4857,3.6174,7547100000,312016135,,,,,,
2021-12-07,6336120,2.6186,2.6281,2.5996,2.6186,0.0095,0.36,0.23,17476243,,,8.2576,0.7371,2.4947,3.6305,7574544000,312826391,,,,,,
2021-12-08,6111400,2.6186,2.6376,2.6091,2.6281,0.0095,0.36,0.22,16891120,,,8.2876,0.7397,2.5038,3.6437,7601988000,314173927,,,,,,
2021-12-09,6935108,2.6186,2.6471,2.6186,2.6376,0.0095,0.36,0.25,19234878,,,8.3175,0.7424,2.5128,3.6569,7629432000,313194085,,,,,,
2021-12-10,7945429,2.6376,2.6755,2.6281,2.6281,-0.0095,-0.36,0.29,22190870,,,8.2876,0.7397,2.5038,3.6437,7601988000,314740695,,,,,,
2021-12-13,5991479,2.6281,2.6281,2.6091,2.6186,-0.0095,-0.36,0.22,16534674,,,8.2576,0.7371,2.4947,3.6305,7574544000,316183443,,,,,,
2021-12-14,4031389,2.6186,2.6186,2.5996,2.6091,-0.0095,-0.36,0.15,11074071,,,8.2277,0.7344,2.4857,3.6174,7547100000,317852591,,,,,,
2021-12-15,7170908,2.6091,2.6565,2.5996,2.6376,0.0285,1.09,0.26,19926025,,,8.3175,0.7424,2.5128,3.6569,7629432000,316858674,,,,,,
2021-12-16,8464150,2.6471,2.6565,2.6186,2.6471,0.0095,0.36,0.31,23546587,,,8.3474,0.7451,2.5218,3.67,7656876000,319463266,,,,,,
2021-12-17,9953648,2.6471,2.6755,2.6281,2.666,0.0189,0.71,0.36,27902601,,,8.4072,0.7504,2.5399,3.6963,7711764000,326913964,,,,,,
2021-12-20,7944601,2.666,2.685,2.6565,2.685,0.019,0.71,0.29,22411128,,,8.4671,0.7558,2.558,3.7226,7766652000,327807897,,,,,,
2021-12-21,15823149,2.685,2.7514,2.6755,2.7419,0.0569,2.12,0.58,45369572,,,8.6466,0.7718,2.6122,3.8015,7931316000,328153484,,,,,,
2021-12-22,16001344,2.7419,2.7989,2.6945,2.723,-0.0189,-0.69,0.58,46112365,,,8.5867,0.7665,2.5942,3.7752,7876428000,328522906,,,,,,
2021-12-23,12223902,2.7135,2.7135,2.6755,2.685,-0.038,-1.4,0.45,34672919,,,8.4671,0.7558,2.558,3.7226,7766652000,326934022,,,,,,
2021-12-24,7683852,2.685,2.6945,2.6565,2.6565,-0.0285,-1.06,0.28,21617365,,,8.3773,0.7478,2.5309,3.6832,7684320000,325382125,,,,,,
2021-12-27,4821452,2.6565,2.685,2.6471,2.6755,0.019,0.72,0.18,13571661,,,8.4372,0.7531,2.549,3.7095,7739208000,325890327,,,,,,
2021-12-28,6108233,2.666,2.6755,2.6376,2.6471,-0.0284,-1.06,0.22,17058838,,,8.3474,0.7451,2.5218,3.67,7656876000,325456142,,,,,,
2021-12-29,7252387,2.6376,2.6755,2.6186,2.666,0.0189,0.71,0.26,20223032,,,8.4072,0.7504,2.5399,3.6963,7711764000,325121334,,,,,,
2021-12-30,7040674,2.666,2.6945,2.6565,2.666,0,0,0.26,19840860,,,8.4072,0.7504,2.5399,3.6963,7711764000,322685061,,,,,,
2021-12-31,6386630,2.666,2.6755,2.6471,2.6755,0.0095,0.36,0.23,17917350,,,9.3331,0.7391,2.5995,3.267,7739208000,324113851,,,,,,
2022-01-04,13440350,2.6755,2.7324,2.666,2.723,0.0475,1.78,0.49,38421083,,,9.4986,0.7522,2.6456,3.3249,7876428000,322242438,,,,,,
2022-01-05,8117789,2.7324,2.7324,2.704,2.704,-0.019,-0.7,0.3,23225074,,,9.4324,0.7469,2.6271,3.3017,7821540000,323392839,,,,,,
2022-01-06,10200382,2.7135,2.7514,2.6945,2.7419,0.0379,1.4,0.37,29314569,,,9.5648,0.7574,2.664,3.3481,7931316000,320693438,,,,,,
2022-01-07,11797289,2.7419,2.7704,2.7324,2.7514,0.0095,0.35,0.43,34269295,,,9.5979,0.76,2.6732,3.3596,7958760000,323757750,,,,,,
2022-01-10,5831750,2.7324,2.7609,2.7324,2.7419,-0.0095,-0.35,0.21,16890072,,,9.5648,0.7574,2.664,3.3481,7931316000,322594513,,,,,,
2022-01-11,8342456,2.7324,2.7799,2.7324,2.7609,0.019,0.69,0.3,24292948,,,9.631,0.7627,2.6824,3.3712,7986204000,322728662,,,,,,
2022-01-12,7546109,2.7514,2.7704,2.723,2.7419,-0.019,-0.69,0.27,21795004,,,9.5648,0.7574,2.664,3.3481,7931316000,321990693,,,,,,
2022-01-13,6738450,2.7419,2.7704,2.7324,2.7514,0.0095,0.35,0.25,19564813,,,9.5979,0.76,2.6732,3.3596,7958760000,321811522,,,,,,
2022-01-14,9389700,2.7419,2.7514,2.685,2.6945,-0.0569,-2.07,0.34,26893790,,,9.3993,0.7443,2.6179,3.2901,7794096000,320668069,,,,,,
2022-01-17,6828301,2.6945,2.7514,2.6945,2.723,0.0285,1.06,0.25,19610721,,,9.4986,0.7522,2.6456,3.3249,7876428000,320774684,,,,,,
2022-01-18,7433000,2.7324,2.7419,2.6945,2.7135,-0.0095,-0.35,0.27,21314030,,,9.4655,0.7496,2.6363,3.3133,7848984000,320424692,,,,,,
2022-01-19,8221901,2.7135,2.7609,2.704,2.7419,0.0284,1.05,0.3,23773790,,,9.5648,0.7574,2.664,3.3481,7931316000,322313235,,,,,,
2022-01-20,4358950,2.7419,2.7514,2.7135,2.7324,-0.0095,-0.35,0.16,12540323,,,9.5317,0.7548,2.6548,3.3365,7903872000,323760635,,,,,,
2022-01-21,6795300,2.723,2.7324,2.6755,2.685,-0.0474,-1.73,0.25,19305495,,,9.3662,0.7417,2.6087,3.2786,7766652000,323220366,,,,,,
2022-01-24,12265100,2.685,2.685,2.5806,2.6186,-0.0664,-2.47,0.45,33938844,,,9.1345,0.7234,2.5442,3.1975,7574544000,323915134,,,,,,
2022-01-25,8554532,2.6281,2.666,2.5996,2.5996,-0.019,-0.73,0.31,23645909,,,9.0684,0.7181,2.5257,3.1743,7519656000,320269554,,,,,,
2022-01-26,7766491,2.5901,2.6281,2.5806,2.6186,0.019,0.73,0.28,21328743,,,9.1345,0.7234,2.5442,3.1975,7574544000,324068410,,,,,,
2022-01-27,6704116,2.6281,2.6281,2.5996,2.6091,-0.0095,-0.36,0.24,18461902,,,9.1015,0.7207,2.5349,3.1859,7547100000,322694782,,,,,,
2022-01-28,17161371,2.6186,2.7514,2.6186,2.723,0.1139,4.37,0.63,48672869,,,9.4986,0.7522,2.6456,3.3249,7876428000,326525852,,,,,,
2022-02-07,27148305,2.7419,2.8273,2.7419,2.8083,0.0853,3.13,0.99,79908429,,,9.7965,0.7758,2.7285,3.4292,8123424000,319975257,,,,,,
2022-02-08,34680824,2.8273,2.9127,2.8178,2.8937,0.0854,3.04,1.26,105166722,,,10.0943,0.7994,2.8115,3.5334,8370420000,320249850,,,,,,
2022-02-09,18233186,2.9127,2.9127,2.8463,2.8748,-0.0189,-0.65,0.66,55137161,,,10.0281,0.7941,2.7931,3.5103,8315532000,323041261,,,,,,
2022-02-10,14554728,2.8748,2.8937,2.8463,2.8843,0.0095,0.33,0.53,44040021,,,10.0612,0.7967,2.8023,3.5218,8342976000,327422744,,,,,,
2022-02-11,12133881,2.8653,2.8843,2.8558,2.8558,-0.0285,-0.99,0.44,36688276,,,9.962,0.7889,2.7746,3.4871,8260644000,330366855,,,,,,
2022-02-14,14620812,2.8558,2.8653,2.7799,2.7989,-0.0569,-1.99,0.53,43329720,,,9.7634,0.7732,2.7193,3.4176,8095980000,328608194,,,,,,
2022-02-15,10508352,2.7989,2.8083,2.7514,2.7704,-0.0285,-1.02,0.38,30778315,,,9.6641,0.7653,2.6917,3.3828,8013648000,333830628,,,,,,
2022-02-16,11996600,2.7704,2.8368,2.7704,2.8178,0.0474,1.71,0.44,35556748,,,9.8296,0.7784,2.7377,3.4407,8150868000,336892074,,,,,,
2022-02-17,11214396,2.8368,2.8368,2.7609,2.7894,-0.0284,-1.01,0.41,32990790,,,9.7303,0.7705,2.7101,3.406,8068536000,335455635,,,,,,
2022-02-18,11954175,2.7704,2.8463,2.7609,2.8368,0.0474,1.7,0.44,35355838,,,9.8958,0.7836,2.7562,3.4639,8205756000,333303894,,,,,,
2022-02-21,6881400,2.8273,2.8368,2.7989,2.8178,-0.019,-0.67,0.25,20442653,,,9.8296,0.7784,2.7377,3.4407,8150868000,334242841,,,,,,
2022-02-22,7978201,2.8178,2.8273,2.7704,2.7799,-0.0379,-1.35,0.29,23483237,,,9.6972,0.7679,2.7009,3.3944,8041092000,332879705,,,,,,
2022-02-23,30144009,2.7894,2.8937,2.7799,2.8843,0.1044,3.76,1.1,90364215,,,10.0612,0.7967,2.8023,3.5218,8342976000,338465448,,,,,,
2022-02-24,24412205,2.8653,2.8748,2.7419,2.7609,-0.1234,-4.28,0.89,72039765,,,9.631,0.7627,2.6824,3.3712,7986204000,338843507,,,,,,
2022-02-25,11293150,2.7704,2.8083,2.7704,2.7799,0.019,0.69,0.41,33207499,,,9.6972,0.7679,2.7009,3.3944,8041092000,337978412,,,,,,
2022-02-28,8827250,2.7989,2.8083,2.7514,2.7799,0,0,0.32,25859146,,,9.6972,0.7679,2.7009,3.3944,8041092000,337919726,,,,,,
2022-03-01,6834400,2.7894,2.7989,2.7704,2.7894,0.0095,0.34,0.25,20051060,,,9.7303,0.7705,2.7101,3.406,8068536000,338818112,,,,,,
2022-03-02,8160779,2.7799,2.8178,2.7704,2.7989,0.0095,0.34,0.3,24094606,,,9.7634,0.7732,2.7193,3.4176,8095980000,338277252,,,,,,
2022-03-03,17611472,2.8083,2.8653,2.7989,2.8653,0.0664,2.37,0.64,52858737,,,9.995,0.7915,2.7838,3.4987,8288088000,339881502,,,,,,
2022-03-04,13603850,2.8463,2.8653,2.7989,2.8083,-0.057,-1.99,0.5,40502979,,,9.7965,0.7758,2.7285,3.4292,8123424000,340582162,,,,,,
2022-03-07,11132714,2.7989,2.8083,2.7704,2.7799,-0.0284,-1.01,0.41,32679622,,,9.6972,0.7679,2.7009,3.3944,8041092000,343632002,,,,,,
2022-03-08,13668350,2.7609,2.7799,2.7135,2.723,-0.0569,-2.05,0.5,39505667,,,9.4986,0.7522,2.6456,3.3249,7876428000,344004050,,,,,,
2022-03-09,17518091,2.7324,2.7799,2.6186,2.6945,-0.0285,-1.05,0.64,50050326,,,9.3993,0.7443,2.6179,3.2901,7794096000,344240401,,,,,,
2022-03-10,16585520,2.723,2.8178,2.723,2.7894,0.0949,3.52,0.6,48521667,,,9.7303,0.7705,2.7101,3.406,8068536000,344165502,,,,,,
2022-03-11,9257100,2.7894,2.7989,2.7135,2.7894,0,0,0.34,26905396,,,9.7303,0.7705,2.7101,3.406,8068536000,344419831,,,,,,
2022-03-14,8623773,2.7799,2.8083,2.7324,2.7324,-0.057,-2.04,0.31,25183615,,,9.5317,0.7548,2.6548,3.3365,7903872000,345104413,,,,,,
2022-03-15,19552353,2.723,2.723,2.5996,2.6091,-0.1233,-4.51,0.71,54706766,,,9.1015,0.7207,2.5349,3.1859,7547100000,348272806,,,,,,
2022-03-16,12000794,2.6376,2.685,2.5996,2.666,0.0569,2.18,0.44,33474580,,,9.3,0.7365,2.5903,3.2554,7711764000,346772747,,,,,,
2022-03-17,9485312,2.685,2.6945,2.6376,2.6565,-0.0095,-0.36,0.35,26722927,,,9.2669,0.7338,2.581,3.2438,7684320000,345970771,,,,,,
2022-03-18,9509794,2.6471,2.7135,2.6376,2.704,0.0475,1.79,0.35,26841471,,,9.4324,0.7469,2.6271,3.3017,7821540000,345526024,,,,,,
2022-03-21,7432316,2.704,2.704,2.6565,2.6945,-0.0095,-0.35,0.27,21018013,,,9.3993,0.7443,2.6179,3.2901,7794096000,346420533,,,,,,
2022-03-22,10724672,2.685,2.7324,2.6755,2.7324,0.0379,1.41,0.39,30653758,,,9.5317,0.7548,2.6548,3.3365,7903872000,346768573,,,,,,
2022-03-23,4270695,2.7135,2.7419,2.6945,2.7135,-0.0189,-0.69,0.16,12222811,,,9.4655,0.7496,2.6363,3.3133,7848984000,347338086,,,,,,
2022-03-24,4557284,2.704,2.723,2.6945,2.704,-0.0095,-0.35,0.17,12992137,,,9.4324,0.7469,2.6271,3.3017,7821540000,348784518,,,,,,
2022-03-25,5977633,2.7135,2.7324,2.685,2.6945,-0.0095,-0.35,0.22,17042194,,,9.3993,0.7443,2.6179,3.2901,7794096000,347664615,,,,,,
2022-03-28,7586730,2.685,2.723,2.6565,2.723,0.0285,1.06,0.28,21597360,,,9.4986,0.7522,2.6456,3.3249,7876428000,344711726,,,,,,
2022-03-29,5366836,2.704,2.723,2.6755,2.6755,-0.0475,-1.74,0.2,15260770,,,9.3331,0.7391,2.5995,3.267,7739208000,345128981,,,,,,
2022-03-30,19659550,2.6945,2.7135,2.6755,2.704,0.0285,1.07,0.72,55723134,,,9.4324,0.7469,2.6271,3.3017,7821540000,316815804,,,,,,
2022-03-31,24407062,2.6945,2.7894,2.685,2.7609,0.0569,2.1,0.89,70731384,,,9.7021,0.7429,2.7156,3.6492,7986204000,307678681,,,,,,
2022-04-01,12648704,2.7609,2.8083,2.7419,2.7989,0.038,1.38,0.46,37099588,,,9.8355,0.7531,2.753,3.6994,8095980000,307404635,,,,,,
2022-04-06,21305336,2.7894,2.8748,2.7799,2.8558,0.0569,2.03,0.78,63622688,,,10.0355,0.7684,2.8089,3.7746,8260644000,307474124,,,,,,
2022-04-07,14629472,2.8558,2.8843,2.8273,2.8368,-0.019,-0.67,0.53,43990645,,,9.9688,0.7633,2.7903,3.7495,8205756000,306947026,,,,,,
2022-04-08,11168549,2.8368,2.8558,2.7989,2.8463,0.0095,0.33,0.41,33322417,,,10.0022,0.7659,2.7996,3.7621,8233200000,307636272,,,,,,
2022-04-11,16297598,2.8653,2.8748,2.8083,2.8273,-0.019,-0.67,0.59,48892831,,,9.9355,0.7607,2.781,3.737,8178312000,306316475,,,,,,
2022-04-12,13550496,2.8083,2.8937,2.7894,2.8843,0.057,2.02,0.49,40733243,,,10.1355,0.7761,2.8369,3.8122,8342976000,306126326,,,,,,
2022-04-13,11684170,2.8937,2.8937,2.8463,2.8463,-0.038,-1.32,0.43,35330292,,,10.0022,0.7659,2.7996,3.7621,8233200000,305314570,,,,,,
2022-04-14,9978230,2.8463,2.8653,2.8368,2.8368,-0.0095,-0.33,0.36,29958204,,,9.9688,0.7633,2.7903,3.7495,8205756000,306749345,,,,,,
2022-04-15,10242280,2.8463,2.8558,2.7989,2.8178,-0.019,-0.67,0.37,30504975,,,9.9022,0.7582,2.7716,3.7245,8150868000,306520823,,,,,,
2022-04-18,7698500,2.7989,2.8273,2.7799,2.8178,0,0,0.28,22729119,,,9.9022,0.7582,2.7716,3.7245,8150868000,307111740,,,,,,
2022-04-19,7326124,2.8178,2.8368,2.7989,2.8273,0.0095,0.34,0.27,21748194,,,9.9355,0.7607,2.781,3.737,8178312000,307481786,,,,,,
2022-04-20,7616200,2.8273,2.8463,2.7894,2.8178,-0.0095,-0.34,0.28,22590818,,,9.9022,0.7582,2.7716,3.7245,8150868000,307360913,,,,,,
2022-04-21,14939376,2.7989,2.7989,2.7135,2.7324,-0.0854,-3.03,0.54,43313195,,,9.6021,0.7352,2.6876,3.6116,7903872000,307372851,,,,,,
2022-04-22,9552935,2.7324,2.7799,2.7135,2.7609,0.0285,1.04,0.35,27699493,,,9.7021,0.7429,2.7156,3.6492,7986204000,305496360,,,,,,
2022-04-25,17977573,2.7324,2.7514,2.6281,2.6376,-0.1233,-4.47,0.66,50961934,,,9.2687,0.7097,2.5943,3.4862,7629432000,305750414,,,,,,
2022-04-26,20044531,2.6471,2.666,2.5617,2.5712,-0.0664,-2.52,0.73,55069322,,,9.0353,0.6918,2.529,3.3984,7437324000,306938786,,,,,,
2022-04-27,13532561,2.5617,2.6091,2.5047,2.5996,0.0284,1.1,0.49,36401966,,,9.1353,0.6995,2.557,3.436,7519656000,306947326,,,,,,
2022-04-28,11024600,2.5901,2.6471,2.5617,2.5996,0,0,0.4,30234589,,,9.1353,0.6995,2.557,3.436,7519656000,303106789,,,,,,
2022-04-29,12109625,2.6091,2.6565,2.5901,2.6376,0.038,1.46,0.44,33566832,,,9.2687,0.7097,2.5943,3.4862,7629432000,303084941,,,,,,
2022-05-05,10639016,2.6281,2.6945,2.6186,2.6565,0.0189,0.72,0.39,29853762,,,9.3354,0.7148,2.613,3.5113,7684320000,300285151,,,,,,
2022-05-06,8741835,2.6281,2.6376,2.5806,2.5901,-0.0664,-2.5,0.32,24004352,,,9.102,0.6969,2.5477,3.4235,7492212000,300010155,,,,,,
2022-05-09,5909900,2.5996,2.6281,2.5806,2.6186,0.0285,1.1,0.22,16307002,,,9.202,0.7046,2.5756,3.4611,7574544000,299662902,,,,,,
2022-05-10,8317767,2.6091,2.6471,2.5806,2.6376,0.019,0.73,0.3,22917649,,,9.2687,0.7097,2.5943,3.4862,7629432000,300868238,,,,,,
2022-05-11,10970152,2.6281,2.666,2.6186,2.6281,-0.0095,-0.36,0.4,30598633,,,9.2353,0.7071,2.585,3.4737,7601988000,302638720,,,,,,
2022-05-12,8280891,2.6186,2.6471,2.5996,2.6376,0.0095,0.36,0.3,22940978,,,9.2687,0.7097,2.5943,3.4862,7629432000,302303194,,,,,,
2022-05-13,10955473,2.6471,2.685,2.6376,2.666,0.0284,1.08,0.4,30759880,,,9.3687,0.7174,2.6223,3.5238,7711764000,303008267,,,,,,
2022-05-16,6293098,2.6755,2.685,2.6471,2.6755,0.0095,0.36,0.23,17667282,,,9.402,0.7199,2.6316,3.5364,7739208000,302053131,,,,,,
2022-05-17,6711400,2.6755,2.685,2.6471,2.6565,-0.019,-0.71,0.24,18817632,,,9.3354,0.7148,2.613,3.5113,7684320000,302847940,,,,,,
2022-05-18,6493600,2.6565,2.666,2.6376,2.6376,-0.0189,-0.71,0.24,18140613,,,9.2687,0.7097,2.5943,3.4862,7629432000,304633507,,,,,,
2022-05-19,8808200,2.6091,2.666,2.5996,2.6565,0.0189,0.72,0.32,24458157,,,9.3354,0.7148,2.613,3.5113,7684320000,302000571,,,,,,
2022-05-20,9052051,2.6565,2.6755,2.6471,2.666,0.0095,0.36,0.33,25434723,,,9.3687,0.7174,2.6223,3.5238,7711764000,301372546,,,,,,
2022-05-23,9382612,2.6755,2.6945,2.666,2.685,0.019,0.71,0.34,26559330,,,9.4354,0.7225,2.641,3.5489,7766652000,306354638,,,,,,
2022-05-24,11483412,2.6945,2.704,2.6186,2.6281,-0.0569,-2.12,0.42,32273276,,,9.2353,0.7071,2.585,3.4737,7601988000,307691245,,,,,,
2022-05-25,14783541,2.6376,2.7135,2.6281,2.704,0.0759,2.89,0.54,41838055,,,9.5021,0.7276,2.6596,3.574,7821540000,308157290,,,,,,
2022-05-26,14686828,2.704,2.7609,2.685,2.7514,0.0474,1.75,0.54,42295738,,,9.6688,0.7403,2.7063,3.6367,7958760000,305913373,,,,,,
2022-05-27,8226172,2.7514,2.7609,2.723,2.7514,0,0,0.3,23807628,,,9.6688,0.7403,2.7063,3.6367,7958760000,304930025,,,,,,
2022-05-30,7684998,2.7609,2.7799,2.723,2.7419,-0.0095,-0.35,0.28,22233587,,,9.6354,0.7378,2.697,3.6241,7931316000,305608878,,,,,,
2022-05-31,8203540,2.7514,2.7609,2.723,2.7419,0,0,0.3,23728921,,,9.6354,0.7378,2.697,3.6241,7931316000,304518634,,,,,,
2022-06-01,8074723,2.7324,2.7799,2.7324,2.7704,0.0285,1.04,0.29,23525687,,,9.7354,0.7454,2.725,3.6618,8013648000,303668566,,,,,,
2022-06-02,6613300,2.7609,2.7704,2.7324,2.7419,-0.0285,-1.03,0.24,19143100,,,9.6354,0.7378,2.697,3.6241,7931316000,304452636,,,,,,
2022-06-06,11140400,2.7514,2.7514,2.704,2.723,-0.0189,-0.69,0.41,31916635,,,9.5687,0.7327,2.6783,3.5991,7876428000,308102333,,,,,,
2022-06-07,11097500,2.704,2.7704,2.704,2.7419,0.0189,0.69,0.4,31966096,,,9.6354,0.7378,2.697,3.6241,7931316000,306181478,,,,,,
2022-06-08,10865200,2.7419,2.7609,2.704,2.7324,-0.0095,-0.35,0.4,31245577,,,9.6021,0.7352,2.6876,3.6116,7903872000,306312951,,,,,,
2022-06-09,6711702,2.7324,2.7419,2.7135,2.723,-0.0094,-0.34,0.24,19286735,,,9.5687,0.7327,2.6783,3.5991,7876428000,304929960,,,,,,
2022-06-10,7031797,2.723,2.7514,2.6945,2.7324,0.0094,0.35,0.26,20161447,,,9.6021,0.7352,2.6876,3.6116,7903872000,304571096,,,,,,
2022-06-13,9165800,2.7135,2.7324,2.6755,2.685,-0.0474,-1.73,0.33,26109374,,,9.4354,0.7225,2.641,3.5489,7766652000,306662300,,,,,,
2022-06-14,9333640,2.685,2.723,2.666,2.723,0.038,1.42,0.34,26498160,,,9.5687,0.7327,2.6783,3.5991,7876428000,307323261,,,,,,
2022-06-15,11056737,2.7135,2.7609,2.7135,2.7419,0.0189,0.69,0.4,31949924,,,9.6354,0.7378,2.697,3.6241,7931316000,309134082,,,,,,
2022-06-16,9099400,2.7419,2.7609,2.704,2.723,-0.0189,-0.69,0.33,26142845,,,9.5687,0.7327,2.6783,3.5991,7876428000,311036366,,,,,,
2022-06-17,7267700,2.704,2.723,2.6945,2.7135,-0.0095,-0.35,0.26,20761545,,,9.5354,0.7301,2.669,3.5865,7848984000,305161938,,,,,,
2022-06-20,6270102,2.704,2.723,2.6945,2.7135,0,0,0.23,17906967,,,9.5354,0.7301,2.669,3.5865,7848984000,304562351,,,,,,
2022-06-21,6057650,2.723,2.7324,2.704,2.723,0.0095,0.35,0.22,17379684,,,9.5687,0.7327,2.6783,3.5991,7876428000,304992658,,,,,,
2022-06-22,5236169,2.723,2.7324,2.704,2.704,-0.019,-0.7,0.19,14984441,,,9.5021,0.7276,2.6596,3.574,7821540000,305350027,,,,,,
2022-06-23,9751546,2.723,2.7514,2.7135,2.7419,0.0379,1.4,0.36,28080660,,,9.6354,0.7378,2.697,3.6241,7931316000,309634775,,,,,,
2022-06-24,7409954,2.7514,2.7514,2.723,2.7514,0.0095,0.35,0.27,21402309,,,9.6688,0.7403,2.7063,3.6367,7958760000,312163447,,,,,,
2022-06-27,12996132,2.7609,2.7989,2.7419,2.7704,0.019,0.69,0.47,37895952,,,9.7354,0.7454,2.725,3.6618,8013648000,311014218,,,,,,
2022-06-28,13951414,2.7704,2.7799,2.7324,2.7799,0.0095,0.34,0.51,40500681,,,9.7688,0.748,2.7343,3.6743,8041092000,314266931,,,,,,
2022-06-29,14121316,2.8,2.8,2.76,2.76,-0.0199,-0.72,0.51,39244852,,,9.202,0.7326,2.5756,3.4611,7574544000,305043865,,,,,,
2022-06-30,7860094,2.78,2.79,2.76,2.77,0.01,0.36,0.29,21807236,,,9.2353,0.7353,2.585,3.4737,7601988000,304901697,,,,,,
2022-07-01,5849649,2.77,2.78,2.76,2.77,0,0,0.21,16221185,,,9.2353,0.7353,2.585,3.4737,7601988000,304104778,,,,,,
2022-07-04,6564798,2.77,2.77,2.75,2.76,-0.01,-0.36,0.24,18091539,,,9.202,0.7326,2.5756,3.4611,7574544000,304443157,,,,,,
2022-07-05,7076752,2.76,2.78,2.75,2.77,0.01,0.36,0.26,19528534,,,9.2353,0.7353,2.585,3.4737,7601988000,303652163,,,,,,
2022-07-06,8372294,2.76,2.76,2.71,2.72,-0.05,-1.81,0.31,22824363,,,9.0686,0.722,2.5383,3.411,7464768000,303477692,,,,,,
2022-07-07,3806340,2.73,2.74,2.72,2.73,0.01,0.37,0.14,10391722,,,9.102,0.7247,2.5477,3.4235,7492212000,302577236,,,,,,
2022-07-08,2877905,2.73,2.74,2.71,2.73,0,0,0.1,7836542,,,9.102,0.7247,2.5477,3.4235,7492212000,302449784,,,,,,
2022-07-11,6185000,2.73,2.76,2.71,2.75,0.02,0.73,0.23,16944086,,,9.1687,0.73,2.5663,3.4486,7547100000,302425356,,,,,,
2022-07-12,127050989,2.88,3.03,2.84,3.03,0.28,10.18,4.63,381640049,,,10.1022,0.8043,2.8276,3.7997,8315532000,337757820,,,,,,
2022-07-13,137907520,3.1,3.33,3.07,3.33,0.3,9.9,5.03,450166094,,,11.1024,0.8839,3.1076,4.1759,9138852000,347437597,,,,,,
2022-07-14,148916039,3.29,3.29,3.01,3.07,-0.26,-7.81,5.43,463530109,,,10.2356,0.8149,2.8649,3.8499,8425308000,351808007,,,,,,
2022-07-15,128482888,3,3.29,2.95,3.11,0.04,1.3,4.68,398415635,,,10.3689,0.8255,2.9023,3.9,8535084000,348937780,,,,,,
2022-07-18,83290758,3.07,3.14,3,3.06,-0.05,-1.61,3.03,255666596,,,10.2022,0.8123,2.8556,3.8373,8397864000,357706185,,,,,,
2022-07-19,48114414,3.05,3.09,3,3.05,-0.01,-0.33,1.75,146123567,,,10.1689,0.8096,2.8463,3.8248,8370420000,360766062,,,,,,
2022-07-20,49177576,3.04,3.04,2.96,3.01,-0.04,-1.31,1.79,147282861,,,10.0355,0.799,2.8089,3.7746,8260644000,362628254,,,,,,
2022-07-21,30205468,2.99,3,2.93,2.94,-0.07,-2.33,1.1,89267898,,,9.8021,0.7804,2.7436,3.6868,8068536000,361212294,,,,,,
2022-07-22,40945271,2.94,3.03,2.94,2.99,0.05,1.7,1.49,122434856,,,9.9688,0.7937,2.7903,3.7495,8205756000,366268466,,,,,,
2022-07-25,26518775,2.99,3.02,2.94,2.94,-0.05,-1.67,0.97,78971316,,,9.8021,0.7804,2.7436,3.6868,8068536000,364471566,,,,,,
2022-07-26,25370229,2.94,2.98,2.91,2.96,0.02,0.68,0.92,74645476,,,9.8688,0.7857,2.7623,3.7119,8123424000,360356719,,,,,,
2022-07-27,15200241,2.96,2.98,2.93,2.95,-0.01,-0.34,0.55,44748819,,,9.8355,0.7831,2.753,3.6994,8095980000,360170552,,,,,,
2022-07-28,20762800,2.95,2.97,2.92,2.93,-0.02,-0.68,0.76,60938404,,,9.7688,0.7778,2.7343,3.6743,8041092000,359738949,,,,,,
2022-07-29,17208600,2.93,2.94,2.9,2.91,-0.02,-0.68,0.63,50116128,,,9.7021,0.7725,2.7156,3.6492,7986204000,356121077,,,,,,
2022-08-01,17748123,2.89,2.91,2.87,2.91,0,0,0.65,51259873,,,9.7021,0.7725,2.7156,3.6492,7986204000,354811098,,,,,,
2022-08-02,29233374,2.86,2.93,2.79,2.84,-0.07,-2.41,1.07,83235784,,,9.4687,0.7539,2.6503,3.5614,7794096000,354433421,,,,,,
2022-08-03,21336214,2.81,2.86,2.79,2.8,-0.04,-1.41,0.78,60174636,,,9.3354,0.7433,2.613,3.5113,7684320000,353203155,,,,,,
2022-08-04,11744300,2.81,2.82,2.78,2.82,0.02,0.71,0.43,32865383,,,9.402,0.7486,2.6316,3.5364,7739208000,354853062,,,,,,
2022-08-05,9708072,2.81,2.83,2.79,2.82,0,0,0.35,27233729,,,9.402,0.7486,2.6316,3.5364,7739208000,352552328,,,,,,
2022-08-08,11797047,2.82,2.85,2.8,2.85,0.03,1.06,0.43,33481779,,,9.5021,0.7565,2.6596,3.574,7821540000,351042749,,,,,,
2022-08-09,8077885,2.85,2.85,2.81,2.82,-0.03,-1.05,0.29,22788768,,,9.402,0.7486,2.6316,3.5364,7739208000,351331703,,,,,,
2022-08-10,9729160,2.82,2.82,2.79,2.8,-0.02,-0.71,0.35,27281181,,,9.3354,0.7433,2.613,3.5113,7684320000,354218394,,,,,,
2022-08-11,15788128,2.81,2.85,2.8,2.84,0.04,1.43,0.58,44697834,,,9.4687,0.7539,2.6503,3.5614,7794096000,350158299,,,,,,
2022-08-12,13345200,2.83,2.87,2.82,2.85,0.01,0.35,0.49,37990030,,,9.5021,0.7565,2.6596,3.574,7821540000,345961263,,,,,,
2022-08-15,9346950,2.85,2.86,2.81,2.81,-0.04,-1.4,0.34,26413148,,,9.3687,0.7459,2.6223,3.5238,7711764000,345471866,,,,,,
2022-08-16,8410825,2.82,2.85,2.81,2.83,0.02,0.71,0.31,23798552,,,9.4354,0.7512,2.641,3.5489,7766652000,344430944,,,,,,
2022-08-17,9080233,2.82,2.84,2.82,2.84,0.01,0.35,0.33,25702024,,,9.4687,0.7539,2.6503,3.5614,7794096000,341816206,,,,,,
2022-08-18,11079400,2.83,2.83,2.79,2.8,-0.04,-1.41,0.4,31083487,,,9.3354,0.7433,2.613,3.5113,7684320000,344101921,,,,,,
2022-08-19,7214300,2.8,2.82,2.79,2.81,0.01,0.36,0.26,20263045,,,9.3687,0.7459,2.6223,3.5238,7711764000,342107776,,,,,,
2022-08-22,6281618,2.81,2.82,2.79,2.8,-0.01,-0.36,0.23,17634105,,,9.3354,0.7433,2.613,3.5113,7684320000,341801105,,,,,,
2022-08-23,8377568,2.8,2.84,2.79,2.84,0.04,1.43,0.31,23626935,,,9.4687,0.7539,2.6503,3.5614,7794096000,341052771,,,,,,
2022-08-24,13838509,2.83,2.88,2.81,2.82,-0.02,-0.7,0.5,39338752,,,9.402,0.7486,2.6316,3.5364,7739208000,340660042,,,,,,
2022-08-25,20135962,2.82,2.88,2.81,2.88,0.06,2.13,0.73,57520961,,,9.6021,0.7645,2.6876,3.6116,7903872000,339723202,,,,,,
2022-08-26,11376000,2.87,2.88,2.85,2.87,-0.01,-0.35,0.41,32559120,,,9.5687,0.7618,2.6783,3.5991,7876428000,340352653,,,,,,
2022-08-29,12422400,2.85,2.87,2.81,2.86,-0.01,-0.35,0.45,35283823,,,9.5354,0.7592,2.669,3.5865,7848984000,340733935,,,,,,
2022-08-30,7906305,2.85,2.89,2.85,2.87,0.01,0.35,0.29,22654016,,,9.3585,0.7464,2.8185,3.5453,7876428000,340417771,,,,,,
2022-08-31,11081041,2.88,2.89,2.84,2.85,-0.02,-0.7,0.4,31696709,,,9.2933,0.7412,2.7989,3.5206,7821540000,341559006,,,,,,
2022-09-01,22958582,2.86,2.95,2.86,2.89,0.04,1.4,0.84,66706731,,,9.4237,0.7516,2.8381,3.57,7931316000,337573445,,,,,,
2022-09-02,11647188,2.9,2.94,2.88,2.9,0.01,0.35,0.42,33796361,,,9.4563,0.7542,2.848,3.5824,7958760000,338706712,,,,,,
2022-09-05,18270813,2.88,2.95,2.88,2.94,0.04,1.38,0.67,53501390,,,9.5868,0.7646,2.8872,3.6318,8068536000,337371866,,,,,,
2022-09-06,13913558,2.96,2.97,2.93,2.95,0.01,0.34,0.51,41068878,,,9.6194,0.7672,2.8971,3.6441,8095980000,336650026,,,,,,
2022-09-07,11609850,2.95,2.96,2.92,2.94,-0.01,-0.34,0.42,34152165,,,9.5868,0.7646,2.8872,3.6318,8068536000,333413035,,,,,,
2022-09-08,13757659,2.95,2.97,2.93,2.96,0.02,0.68,0.5,40686480,,,9.652,0.7698,2.9069,3.6565,8123424000,333026267,,,,,,
2022-09-09,9916000,2.96,2.99,2.95,2.96,0,0,0.36,29398597,,,9.652,0.7698,2.9069,3.6565,8123424000,334754221,,,,,,
2022-09-13,13194750,2.98,2.98,2.92,2.93,-0.03,-1.01,0.48,38821760,,,9.5541,0.762,2.8774,3.6194,8041092000,333372232,,,,,,
2022-09-14,11312619,2.91,2.94,2.88,2.91,-0.02,-0.68,0.41,32936259,,,9.4889,0.7568,2.8578,3.5947,7986204000,332905380,,,,,,
2022-09-15,11568902,2.92,2.94,2.87,2.91,0,0,0.42,33577801,,,9.4889,0.7568,2.8578,3.5947,7986204000,331737771,,,,,,
2022-09-16,14106006,2.89,2.91,2.83,2.83,-0.08,-2.75,0.51,40354937,,,9.2281,0.736,2.7792,3.4959,7766652000,331873809,,,,,,
2022-09-19,7114564,2.83,2.85,2.81,2.84,0.01,0.35,0.26,20126557,,,9.2607,0.7386,2.789,3.5082,7794096000,332361767,,,,,,
2022-09-20,8754380,2.84,2.88,2.83,2.84,0,0,0.32,24917516,,,9.2607,0.7386,2.789,3.5082,7794096000,333632596,,,,,,
2022-09-21,19875752,2.84,2.89,2.8,2.87,0.03,1.06,0.72,56752176,,,9.3585,0.7464,2.8185,3.5453,7876428000,327810698,,,,,,
2022-09-22,11138990,2.86,2.88,2.82,2.84,-0.03,-1.05,0.41,31652263,,,9.2607,0.7386,2.789,3.5082,7794096000,328162711,,,,,,
2022-09-23,8505935,2.84,2.86,2.81,2.83,-0.01,-0.35,0.31,24091531,,,9.2281,0.736,2.7792,3.4959,7766652000,327670652,,,,,,
2022-09-26,17956300,2.83,2.83,2.71,2.71,-0.12,-4.24,0.65,49574330,,,8.8368,0.7048,2.6614,3.3477,7437324000,329944828,,,,,,
2022-09-27,9442705,2.71,2.77,2.7,2.76,0.05,1.85,0.34,25811329,,,8.9998,0.7178,2.7105,3.4094,7574544000,327951190,,,,,,
2022-09-28,6299950,2.75,2.76,2.71,2.73,-0.03,-1.09,0.23,17234320,,,8.902,0.71,2.681,3.3724,7492212000,323961611,,,,,,
2022-09-29,8823301,2.75,2.76,2.68,2.69,-0.04,-1.47,0.32,23906326,,,8.7716,0.6996,2.6417,3.323,7382436000,323715012,,,,,,
2022-09-30,8272600,2.69,2.74,2.69,2.72,0.03,1.12,0.3,22455559,,,8.869,0.706,2.671190791241854,3.360009309882839,7464768000,322536579,,,,,,
2022-10-10,12421900,2.71,2.78,2.69,2.74,0.02,0.74,0.45,34076455,,,8.9346,0.7126,2.6908,3.3847,7519656000,324368475,,,,,,
2022-10-11,7931146,2.74,2.75,2.68,2.72,-0.02,-0.73,0.29,21492185,,,8.8694,0.7074,2.6712,3.36,7464768000,324644805,,,,,,
2022-10-12,5909260,2.73,2.76,2.71,2.75,0.03,1.1,0.22,16142236,,,8.9672,0.7152,2.7007,3.3971,7547100000,325874372,,,,,,
2022-10-13,7784236,2.75,2.75,2.72,2.74,-0.01,-0.36,0.28,21286193,,,8.9346,0.7126,2.6908,3.3847,7519656000,328035367,,,,,,
2022-10-14,8786258,2.75,2.77,2.74,2.76,0.02,0.73,0.32,24231676,,,8.9998,0.7178,2.7105,3.4094,7574544000,325044582,,,,,,
2022-10-17,9513192,2.75,2.77,2.72,2.77,0.01,0.36,0.35,26096547,,,9.0324,0.7204,2.7203,3.4218,7601988000,324394523,,,,,,
2022-10-18,7310000,2.76,2.78,2.75,2.76,-0.01,-0.36,0.27,20227296,,,8.9998,0.7178,2.7105,3.4094,7574544000,323827205,,,,,,
2022-10-19,6274150,2.76,2.78,2.75,2.75,-0.01,-0.36,0.23,17318477,,,8.9672,0.7152,2.7007,3.3971,7547100000,323938967,,,,,,
2022-10-20,7579500,2.75,2.77,2.73,2.75,0,0,0.28,20845628,,,8.9672,0.7152,2.7007,3.3971,7547100000,323114068,,,,,,
2022-10-21,5805845,2.76,2.77,2.74,2.76,0.01,0.36,0.21,16026425,,,8.9306,0.7096,2.7018,3.5582,7574544000,322622706,,,,,,
2022-10-24,9162710,2.76,2.77,2.69,2.7,-0.06,-2.17,0.33,24956615,,,8.7365,0.6942,2.6431,3.4808,7409880000,324143054,,,,,,
2022-10-25,7439500,2.7,2.72,2.67,2.71,0.01,0.37,0.27,20025482,,,8.7688,0.6968,2.6529,3.4937,7437324000,323084681,,,,,,
2022-10-26,6706475,2.7,2.74,2.7,2.71,0,0,0.24,18232563,,,8.7688,0.6968,2.6529,3.4937,7437324000,324740915,,,,,,
2022-10-27,8534772,2.71,2.74,2.7,2.73,0.02,0.74,0.31,23251425,,,8.8336,0.7019,2.6724,3.5195,7492212000,322131651,,,,,,
2022-10-28,8761400,2.72,2.73,2.69,2.7,-0.03,-1.1,0.32,23764526,,,8.7365,0.6942,2.6431,3.4808,7409880000,325488716,,,,,,
2022-10-31,7880662,2.7,2.72,2.67,2.71,0.01,0.37,0.29,21255536,,,8.7688,0.6968,2.6529,3.4937,7437324000,325895485,,,,,,
2022-11-01,8206178,2.71,2.76,2.7,2.74,0.03,1.11,0.3,22451594,,,8.8659,0.7045,2.6822,3.5324,7519656000,325669595,,,,,,
2022-11-02,6551150,2.75,2.77,2.74,2.74,0,0,0.24,18024181,,,8.8659,0.7045,2.6822,3.5324,7519656000,325687946,,,,,,
2022-11-03,4116989,2.74,2.75,2.73,2.73,-0.01,-0.36,0.15,11270049,,,8.8336,0.7019,2.6724,3.5195,7492212000,325277848,,,,,,
2022-11-04,5330111,2.73,2.76,2.73,2.75,0.02,0.73,0.19,14653002,,,8.8983,0.707,2.692,3.5453,7547100000,324680080,,,,,,
2022-11-07,6979333,2.76,2.78,2.75,2.77,0.02,0.73,0.25,19281928,,,8.963,0.7122,2.7116,3.5711,7601988000,325347892,,,,,,
2022-11-08,4088050,2.76,2.77,2.74,2.75,-0.02,-0.72,0.15,11250372,,,8.8983,0.707,2.692,3.5453,7547100000,325076410,,,,,,
2022-11-09,4330612,2.75,2.77,2.74,2.76,0.01,0.36,0.16,11936053,,,8.9306,0.7096,2.7018,3.5582,7574544000,324657951,,,,,,
2022-11-10,8687764,2.75,2.78,2.72,2.77,0.01,0.36,0.32,23935858,,,8.963,0.7122,2.7116,3.5711,7601988000,324478758,,,,,,
2022-11-11,12023703,2.79,2.81,2.77,2.8,0.03,1.08,0.44,33575539,,,9.0601,0.7199,2.741,3.6098,7684320000,324753510,,,,,,
2022-11-14,10427987,2.8,2.83,2.79,2.82,0.02,0.71,0.38,29368934,,,9.1248,0.725,2.7605,3.6355,7739208000,325072759,,,,,,
2022-11-15,7860015,2.81,2.83,2.8,2.83,0.01,0.35,0.29,22156421,,,9.1571,0.7276,2.7703,3.6484,7766652000,326644622,,,,,,
2022-11-16,5891450,2.82,2.84,2.81,2.81,-0.02,-0.71,0.21,16642095,,,9.0924,0.7225,2.7508,3.6226,7711764000,327032800,,,,,,
2022-11-17,5427454,2.81,2.83,2.8,2.82,0.01,0.36,0.2,15318027,,,9.1248,0.725,2.7605,3.6355,7739208000,326490158,,,,,,
2022-11-18,6762800,2.82,2.83,2.79,2.8,-0.02,-0.71,0.25,18983541,,,9.0601,0.7199,2.741,3.6098,7684320000,326402586,,,,,,
2022-11-21,6834053,2.8,2.8,2.76,2.78,-0.02,-0.71,0.25,18994740,,,8.9954,0.7148,2.7214,3.584,7629432000,326948239,,,,,,
2022-11-22,8206513,2.78,2.83,2.77,2.81,0.03,1.08,0.3,23018539,,,9.0924,0.7225,2.7508,3.6226,7711764000,326537346,,,,,,
2022-11-23,7706275,2.8,2.84,2.8,2.82,0.01,0.36,0.28,21736375,,,9.1248,0.725,2.7605,3.6355,7739208000,326284583,,,,,,
2022-11-24,6278200,2.82,2.84,2.81,2.82,0,0,0.23,17742818,,,9.1248,0.725,2.7605,3.6355,7739208000,328510142,,,,,,
2022-11-25,14768800,2.81,2.87,2.81,2.86,0.04,1.42,0.54,42071291,,,9.2542,0.7353,2.7997,3.6871,7848984000,326137924,,,,,,
2022-11-28,11214152,2.85,2.86,2.8,2.85,-0.01,-0.35,0.41,31750489,,,9.2219,0.7328,2.7899,3.6742,7821540000,326964974,,,,,,
2022-11-29,11679042,2.85,2.89,2.84,2.89,0.04,1.4,0.43,33574105,,,9.3513,0.743,2.8291,3.7258,7931316000,324219759,,,,,,
2022-11-30,8904358,2.88,2.91,2.87,2.88,-0.01,-0.35,0.32,25709166,,,9.3189,0.7405,2.8193,3.7129,7903872000,323560369,,,,,,
2022-12-01,11426800,2.9,2.91,2.85,2.86,-0.02,-0.69,0.42,32917569,,,9.2542,0.7353,2.7997,3.6871,7848984000,322337862,,,,,,
2022-12-02,8498600,2.87,2.88,2.85,2.88,0.02,0.7,0.31,24367592,,,9.3189,0.7405,2.8193,3.7129,7903872000,321542927,,,,,,
2022-12-05,20500028,2.88,2.96,2.88,2.94,0.06,2.08,0.75,60025253,,,9.513,0.756,2.878016283276846,3.790239563058913,8068536000,320231893,,,,,,
2022-12-06,2660100,2.94,2.95,2.92,2.93,-0.01,-0.34,0.1,7797764,,,9.481,0.753,2.8682271122452923,3.777347591755992,8041092000,,,,,,,
