timestamp,volume,open,high,low,close,chg,percent,turnoverrate,amount,volume_post,amount_post,pe,pb,ps,pcf,market_capital,balance,hold_volume_cn,hold_ratio_cn,net_volume_cn,hold_volume_hk,hold_ratio_hk,net_volume_hk
2010-07-26,982343,11.1606,11.4625,11.0945,11.4342,0.2736,2.45,0.76,11797054.48,,,66.8913,3.3412,1.7172,-47.1765,1571230740,,,,,,,
2010-07-27,1994904,11.3964,11.9247,11.3304,11.6511,0.2169,1.9,1.54,24787404.33,,,68.1607,3.4046,1.7498,-48.0717,1601047825,,,,,,,
2010-07-28,1427910,11.604,11.9436,11.604,11.8964,0.2453,2.11,1.1,17947373.9,,,69.5957,3.4763,1.7867,-49.0838,1634754095,,,,,,,
2010-07-29,909341,11.887,11.953,11.7927,11.9247,0.0283,0.24,0.7,11446726.9,,,69.7612,3.4845,1.7909,-49.2005,1638643280,,,,,,,
2010-07-30,808205,11.8115,12.0002,11.7927,11.9908,0.0661,0.55,0.62,10170792.5,,,70.1476,3.5038,1.8008,-49.473,1647718045,,,,,,,
2010-08-02,1076978,11.9908,12.3776,11.8964,12.3493,0.3585,2.99,0.83,13920478.12,,,72.2448,3.6086,1.8547,-50.9521,1696981055,,,,,,,
2010-08-03,1010565,12.2644,12.4059,12.1229,12.17,-0.1793,-1.45,0.78,13086603.8,,,71.1962,3.5562,1.8277,-50.2126,1672349550,,,,,,,
2010-08-04,1077676,12.0757,12.3964,12.0757,12.3587,0.1887,1.55,0.83,13997671.43,,,72.3,3.6113,1.8561,-50.9911,1698277450,,,,,,,
2010-08-05,1135917,12.4719,12.6229,12.17,12.3493,-0.0094,-0.08,0.88,14940000.58,,,72.2448,3.6086,1.8547,-50.9521,1696981055,,,,,,,
2010-08-06,1051371,12.3398,12.5946,12.0851,12.5946,0.2453,1.99,0.81,13785977.43,,,73.6798,3.6803,1.8915,-51.9642,1730687325,,,,,,,
2010-08-09,803328,12.5946,12.8115,12.4247,12.7644,0.1698,1.35,0.62,10818697.46,,,74.6732,3.7299,1.917,-52.6648,1754022435,,,,,,,
2010-08-10,1584422,12.7832,12.9059,12.2927,12.2927,-0.4717,-3.7,1.22,21130378.37,,,71.9137,3.592,1.8462,-50.7186,1689202685,,,,,,,
2010-08-11,693658,12.6229,12.6229,12.3398,12.5663,0.2736,2.23,0.54,9179225.53,,,73.5142,3.672,1.8872,-51.8474,1726798140,,,,,,,
2010-08-12,983529,12.5757,12.6606,12.2832,12.2832,-0.2831,-2.25,0.76,13004651.36,,,71.8585,3.5893,1.8447,-50.6797,1687906290,,,,,,,
2010-08-13,1885292,12.4436,13.0663,12.2832,12.9531,0.6699,5.45,1.45,25653324.94,,,75.777,3.785,1.9453,-53.4433,1779950335,,,,,,,
2010-08-16,1021502,12.9625,13.0946,12.8776,13.0474,0.0943,0.73,0.79,14076605.6,,,76.3289,3.8126,1.9595,-53.8325,1792914285,,,,,,,
2010-08-17,1558470,12.9625,13.4908,12.8776,13.3682,0.3208,2.46,1.2,21936947.52,,,78.2054,3.9063,2.0077,-55.156,1836991715,,,,,,,
2010-08-18,986540,13.4908,13.6795,13.2927,13.3587,-0.0095,-0.07,0.76,14033784.02,,,78.1502,3.9036,2.0063,-55.117,1835695320,,,,,,,
2010-08-19,1591698,13.3021,13.538,12.9436,13.1795,-0.1792,-1.34,1.23,22137263.55,,,77.1016,3.8512,1.9793,-54.3775,1811063815,,,,,,,
2010-08-20,1094683,13.0002,13.2644,12.9248,13.1134,-0.0661,-0.5,0.84,15161604.31,,,76.7153,3.8319,1.9694,-54.105,1801989050,,,,,,,
2010-08-23,938041,12.7455,13.4908,12.6417,13.1512,0.0378,0.29,0.72,13222827.73,,,76.936,3.8429,1.9751,-54.2607,1807174630,,,,,,,
2010-08-24,672636,13.0757,13.3021,13.0663,13.1134,-0.0378,-0.29,0.52,9385486.4,,,76.7153,3.8319,1.9694,-54.105,1801989050,,,,,,,
2010-08-25,662845,12.9531,13.2927,12.9248,12.9436,-0.1698,-1.29,0.51,9206396.16,,,75.7218,3.7823,1.9439,-53.4044,1778653940,,,,,,,
2010-08-26,567586,13.1606,13.1606,12.8021,13.0663,0.1227,0.95,0.44,7807149.14,,,76.4393,3.8181,1.9623,-53.9104,1795507075,,,,,,,
2010-08-27,621577,13.0285,13.321,12.8776,13.2644,0.1981,1.52,0.48,8656020.91,,,77.5983,3.876,1.9921,-54.7278,1822731370,,,,,,,
2010-08-30,1602994,13.2549,13.8021,13.2549,13.7267,0.4623,3.49,1.24,23143912.08,,,80.3027,4.0111,2.0615,-56.6351,1886254725,,,,,,,
2010-08-31,606430,13.7078,13.7078,13.538,13.604,-0.1227,-0.89,0.47,8737950.33,,,79.5852,3.9752,2.0431,-56.1291,1869401590,,,,,,,
2010-09-01,657931,13.6795,13.6795,13.2832,13.3021,-0.3019,-2.22,0.51,9384611.77,,,77.8191,3.887,1.9978,-54.8835,1827916950,,,,,,,
2010-09-02,806803,13.4059,13.604,13.0663,13.5474,0.2453,1.84,0.62,11482474.68,,,79.2541,3.9587,2.0346,-55.8955,1861623220,,,,,,,
2010-09-03,744451,13.5474,13.6606,13.3776,13.4059,-0.1415,-1.04,0.57,10660569.6,,,78.4262,3.9173,2.0133,-55.3117,1842177295,,,,,,,
2010-09-06,725198,13.4153,13.6417,13.3493,13.3965,-0.0094,-0.07,0.56,10352776.82,,,78.371,3.9146,2.0119,-55.2727,1840880900,,,,,,,
2010-09-07,3683414,13.4531,14.7361,13.3965,14.7361,1.3396,10,2.84,57067712.45,,,86.2081,4.306,2.2131,-60.8,2024968990,,,,,,,
2010-09-08,4306870,15.0474,15.0569,14.2644,14.6512,-0.0849,-0.58,3.32,66689890.75,,,85.7114,4.2812,2.2004,-60.4497,2013301435,,,,,,,
2010-09-09,2100060,14.5097,14.604,14.1512,14.2455,-0.4057,-2.77,1.62,31944923.14,,,83.3382,4.1627,2.1394,-58.7759,1957556450,,,,,,,
2010-09-10,1851919,14.1512,14.5191,13.887,14.4153,0.1698,1.19,1.43,27848756.03,,,84.3316,4.2123,2.165,-59.4766,1980891560,,,,,,,
2010-09-13,1745866,14.2927,14.3965,13.9625,14.1512,-0.2641,-1.83,1.35,26234181.6,,,82.7863,4.1351,2.1253,-58.3867,1944592500,,,,,,,
2010-09-14,1524430,14.3116,14.3682,14.038,14.0946,-0.0566,-0.4,1.18,22919656.96,,,82.4551,4.1186,2.1168,-58.1532,1936814130,,,,,,,
2010-09-15,1218157,14.1606,14.2267,13.6512,13.6512,-0.4434,-3.15,0.94,17895767.42,,,79.8612,3.989,2.0502,-56.3237,1875883565,,,,,,,
2010-09-16,1247993,13.6512,13.7738,13.0757,13.3682,-0.283,-2.07,0.96,17637060.2,,,78.2054,3.9063,2.0077,-55.156,1836991715,,,,,,,
2010-09-17,922263,13.3965,13.4625,13.038,13.3304,-0.0378,-0.28,0.71,12892156.11,,,77.9847,3.8953,2.002,-55.0003,1831806135,,,,,,,
2010-09-20,701821,13.3399,13.6229,13.1134,13.5097,0.1793,1.35,0.54,10017873.2,,,79.0333,3.9477,2.0289,-55.7398,1856437640,,,,,,,
2010-09-21,303025,13.5097,13.5851,13.3116,13.4342,-0.0755,-0.56,0.23,4320100.87,,,78.5918,3.9256,2.0176,-55.4284,1846066480,,,,,,,
2010-09-27,695610,13.4436,13.8587,13.2266,13.7455,0.3113,2.32,0.54,10115831.69,,,80.4131,4.0166,2.0644,-56.713,1888847515,,,,,,,
2010-09-28,522739,13.8493,13.8587,13.4719,13.4814,-0.2641,-1.92,0.4,7594636.13,,,78.8677,3.9394,2.0247,-55.6231,1852548455,,,,,,,
2010-09-29,583313,13.2832,13.6323,13.2738,13.3776,-0.1038,-0.77,0.45,8309588.35,,,78.2606,3.9091,2.0091,-55.1949,1838288110,,,,,,,
2010-09-30,352649,13.3021,13.6512,13.2832,13.6512,0.2736,2.05,0.27,5048324.98,,,86.4423,3.9743,1.9349,33.2875,1875883565,,,,,,,
2010-10-08,1683189,13.7455,14.4625,13.7078,14.1701,0.5189,3.8,1.3,25256454.28,,,89.7279,4.1253,2.0085,34.5527,1947185290,,,,,,,
2010-10-11,2350887,14.1701,14.6984,14.0568,14.3399,0.1698,1.2,1.81,35936700.98,,,90.8032,4.1748,2.0326,34.9668,1970520400,,,,,,,
2010-10-12,1293301,14.3399,14.4908,14.0568,14.387,0.0471,0.33,1,19535047.01,,,91.1019,4.1885,2.0392,35.0818,1977002375,,,,,,,
2010-10-13,1058921,14.4625,14.4625,14.0002,14.1418,-0.2452,-1.7,0.82,15871266.46,,,89.5487,4.1171,2.0045,34.4837,1943296105,,,,,,,
2010-10-14,1645755,14.1418,14.1418,13.2361,13.4908,-0.651,-4.6,1.27,23846612.21,,,85.4267,3.9276,1.9122,32.8964,1853844850,,,,,,,
2010-10-15,1202547,13.4908,13.6229,13.2078,13.4531,-0.0377,-0.28,0.93,17040751.14,,,85.1878,3.9166,1.9069,32.8044,1848659270,,,,,,,
2010-10-18,927993,13.3776,13.3965,12.9248,13.2078,-0.2453,-1.82,0.72,12950792.39,,,83.6345,3.8452,1.8721,32.2063,1814953000,,,,,,,
2010-10-19,847206,13.3021,13.6606,13.2927,13.5568,0.349,2.64,0.65,12121827.96,,,85.8449,3.9468,1.9216,33.0574,1862919615,,,,,,,
2010-10-20,1014286,13.2927,13.6323,13.2078,13.3965,-0.1603,-1.18,0.78,14401001.32,,,84.8293,3.9001,1.8988,32.6664,1840880900,,,,,,,
2010-10-21,1339250,13.387,13.7738,13.387,13.5474,0.1509,1.13,1.03,19242510.03,,,85.7852,3.9441,1.9202,33.0344,1861623220,,,,,,,
2010-10-22,2242800,13.3965,14.1418,13.3965,14.0474,0.5,3.69,1.73,32981099.99,,,88.9513,4.0896,1.9911,34.2537,1930332155,,,,,,,
2010-10-25,3119191,13.8021,14.7455,13.8021,14.5852,0.5378,3.83,2.41,47545903.27,,,92.3564,4.2462,2.0673,35.5649,2004226670,,,,,,,
2010-10-26,1644013,14.5852,14.7172,14.2738,14.4153,-0.1699,-1.16,1.27,25199009.88,,,91.2811,4.1967,2.0433,35.1508,1980891560,,,,,,,
2010-10-27,1506665,14.3304,14.7833,14.2455,14.4248,0.0095,0.07,1.16,23173172.36,,,91.3409,4.1995,2.0446,35.1738,1982187955,,,,,,,
2010-10-28,3926393,14.4342,15.5663,14.4248,15.5003,1.0755,7.46,3.03,63443161.34,,,98.1511,4.5126,2.197,37.7964,2129976985,,,,,,,
2010-10-29,1721553,15.5097,15.6135,15.1229,15.1889,-0.3114,-2.01,1.33,27890694.03,,,96.1797,4.422,2.1529,37.0372,2087195950,,,,,,,
2010-11-01,2401337,15.0852,16.0003,15.0097,15.7173,0.5284,3.48,1.85,39668132.71,,,99.5251,4.5758,2.2278,38.3255,2159794070,,,,,,,
2010-11-02,2401028,15.6135,15.9154,14.9625,14.9625,-0.7548,-4.8,1.85,39084953.78,,,94.746,4.356,2.1208,36.4851,2056082470,,,,,,,
2010-11-03,1065371,15.0286,15.255,14.7172,14.821,-0.1415,-0.95,0.82,16862792.72,,,93.8499,4.3148,2.1008,36.14,2036636545,,,,,,,
2010-11-04,1370980,14.7644,15.2644,14.5757,15.1889,0.3679,2.48,1.06,21763619.55,,,96.1797,4.422,2.1529,37.0372,2087195950,,,,,,,
2010-11-05,1542017,15.1889,15.5569,14.9625,15.3493,0.1604,1.06,1.19,25034159.42,,,97.1953,4.4686,2.1756,37.4283,2109234665,,,,,,,
2010-11-08,1342270,15.3588,15.8399,15.2833,15.5474,0.1981,1.29,1.04,22022678.86,,,98.4498,4.5263,2.2037,37.9114,2136458960,,,,,,,
2010-11-09,1784821,15.5474,15.9154,15.3116,15.8965,0.3491,2.25,1.38,29558325.85,,,100.6602,4.628,2.2532,38.7625,2184425575,,,,,,,
2010-11-10,1148926,15.9437,16.3305,15.5663,15.6795,-0.217,-1.37,0.89,19349787.7,,,99.2862,4.5648,2.2224,38.2334,2154608490,,,,,,,
2010-11-11,2844547,15.6606,16.8399,15.5474,16.1512,0.4717,3.01,2.19,48635333.89,,,102.2731,4.7021,2.2893,39.3837,2219428240,,,,,,,
2010-11-12,2731810,16.038,16.2739,15.1984,15.3588,-0.7924,-4.91,2.11,45468097.55,,,97.255,4.4714,2.177,37.4513,2110531060,,,,,,,
2010-11-15,2043803,15.1135,16.0286,15.1135,15.972,0.6132,3.99,1.58,34180894.74,,,101.1381,4.6499,2.2639,38.9466,2194796735,,,,,,,
2010-11-16,2738013,16.038,16.038,14.6229,14.9908,-0.9812,-6.14,2.11,44814160.52,,,94.9252,4.3643,2.1248,36.5541,2059971655,,,,,,,
2010-11-17,1916910,14.7833,15.1889,14.1135,14.1323,-0.8585,-5.73,1.48,29691303.54,,,89.489,4.1143,2.0031,34.4607,1941999710,,,,,,,
2010-11-18,816509,14.2078,14.5946,13.9814,14.4248,0.2925,2.07,0.63,12362265.41,,,91.3409,4.1995,2.0446,35.1738,1982187955,,,,,,,
2010-11-19,1413710,14.3965,14.5097,13.9625,14.4059,-0.0189,-0.13,1.09,21362224.61,,,91.2214,4.194,2.0419,35.1278,1979595165,,,,,,,
2010-11-22,1825031,14.1512,14.604,13.9625,14.5191,0.1132,0.79,1.41,27882506.44,,,91.9383,4.227,2.058,35.4039,1995151905,,,,,,,
2010-11-23,1441379,14.5569,14.6701,14.1984,14.6135,0.0944,0.65,1.11,22095517.44,,,92.5357,4.2544,2.0713,35.6339,2008115855,,,,,,,
2010-11-24,792764,14.3304,14.9814,14.3304,14.9531,0.3396,2.32,0.61,12407780.61,,,94.6863,4.3533,2.1195,36.4621,2054786075,,,,,,,
2010-11-25,1422741,14.9531,15.0757,14.7361,14.9814,0.0283,0.19,1.1,22530134.91,,,94.8655,4.3615,2.1235,36.5311,2058675260,,,,,,,
2010-11-26,1469417,15.0003,15.0003,14.4342,14.7455,-0.2359,-1.57,1.13,22819441.14,,,93.372,4.2929,2.0901,35.956,2026265385,,,,,,,
2010-11-29,1773274,14.7455,15.0191,14.4531,14.7738,0.0283,0.19,1.37,27923475.69,,,93.5512,4.3011,2.0941,36.025,2030154570,,,,,,,
2010-11-30,2976620,14.8399,15.3776,14.4719,14.8776,0.1038,0.7,2.3,47208864.27,,,94.2083,4.3313,2.1088,36.2781,2044414915,,,,,,,
2010-12-01,3751463,14.7927,15.8493,14.7927,15.5191,0.6415,4.31,2.89,61552553.24,,,98.2706,4.5181,2.1997,37.8424,2132569775,,,,,,,
2010-12-02,2928511,15.5663,15.9625,15.1984,15.7173,0.1982,1.28,2.26,48321889.33,,,99.5251,4.5758,2.2278,38.3255,2159794070,,,,,,,
2010-12-03,1855399,15.6606,15.9248,15.4342,15.5663,-0.151,-0.96,1.43,30891815.31,,,98.5693,4.5318,2.2064,37.9574,2139051750,,,,,,,
2010-12-06,1598639,15.604,15.7361,14.6229,14.6229,-0.9434,-6.06,1.23,25521230.22,,,92.5954,4.2572,2.0727,35.6569,2009412250,,,,,,,
2010-12-07,1350645,14.6323,14.6984,14.2927,14.538,-0.0849,-0.58,1.04,20766100.89,,,92.0577,4.2324,2.0606,35.4499,1997744695,,,,,,,
2010-12-08,989586,14.4342,14.7738,14.3965,14.5191,-0.0189,-0.13,0.76,15301547.54,,,91.9383,4.227,2.058,35.4039,1995151905,,,,,,,
2010-12-09,1505077,14.4342,14.5191,13.538,13.604,-0.9151,-6.3,1.16,22262902.1,,,86.1436,3.9605,1.9283,33.1725,1869401590,,,,,,,
2010-12-10,1864334,13.67,14.1229,13.3304,13.9814,0.3774,2.77,1.44,27252254.79,,,88.5331,4.0704,1.9817,34.0926,1921257390,,,,,,,
2010-12-13,998575,13.9814,14.3399,13.8776,14.3304,0.349,2.5,0.77,15040023.35,,,90.7435,4.172,2.0312,34.9438,1969224005,,,,,,,
2010-12-14,805945,14.3399,14.6229,14.255,14.538,0.2076,1.45,0.62,12387901.85,,,92.0577,4.2324,2.0606,35.4499,1997744695,,,,,,,
2010-12-15,785431,14.5097,14.6889,14.1984,14.5663,0.0283,0.19,0.61,12026835.06,,,92.237,4.2407,2.0647,35.5189,2001633880,,,,,,,
2010-12-16,977519,14.6135,14.6606,13.887,14.2644,-0.3019,-2.07,0.75,14849019.87,,,90.3253,4.1528,2.0219,34.7828,1960149240,,,,,,,
2010-12-17,1137115,14.2361,14.2361,13.9153,14.0568,-0.2076,-1.46,0.88,16984096.69,,,89.0111,4.0924,1.9924,34.2767,1931628550,,,,,,,
2010-12-20,1204030,14.0946,14.2455,13.4153,13.6795,-0.3773,-2.68,0.93,17498822.02,,,86.6215,3.9825,1.939,33.3565,1879772750,,,,,,,
2010-12-21,961437,13.9153,14.0757,13.7267,14.0757,0.3962,2.9,0.74,14232488.09,,,89.1305,4.0979,1.9951,34.3227,1934221340,,,,,,,
2010-12-22,597006,14.1512,14.2361,13.9059,14.038,-0.0377,-0.27,0.46,8876876.42,,,88.8916,4.0869,1.9898,34.2307,1929035760,,,,,,,
2010-12-23,419742,13.9153,14.0285,13.5757,13.7267,-0.3113,-2.22,0.32,6133565.51,,,86.9202,3.9962,1.9456,33.4715,1886254725,,,,,,,
2010-12-24,345443,13.5851,13.755,13.4436,13.6512,-0.0755,-0.55,0.27,4982033.89,,,86.4423,3.9743,1.9349,33.2875,1875883565,,,,,,,
2010-12-27,645115,13.9153,13.9436,13.4908,13.4908,-0.1604,-1.17,0.5,9415921.5,,,85.4267,3.9276,1.9122,32.8964,1853844850,,,,,,,
2010-12-28,715235,13.387,13.4908,13.0285,13.1983,-0.2925,-2.17,0.55,10012247.2,,,83.5748,3.8424,1.8708,32.1833,1813656605,,,,,,,
2010-12-29,282716,13.0757,13.4153,13.0757,13.2738,0.0755,0.57,0.22,3949690.08,,,84.0527,3.8644,1.8815,32.3673,1824027765,,,,,,,
2010-12-30,397009,13.2738,13.3965,13.1134,13.3587,0.0849,0.64,0.31,5597348.54,,,84.5904,3.8891,1.8935,32.5743,1835695320,,,,,,,
2010-12-31,397203,13.2455,13.4908,13.2455,13.4908,0.1321,0.99,0.31,5629251.12,,,70.3804,3.9009,1.7887,25.4355,1853844850,,,,,,,
2011-01-04,685159,13.5757,13.8021,13.3965,13.7833,0.2925,2.17,0.53,9913148.04,,,71.9061,3.9854,1.8275,25.9869,1894033095,,,,,,,
2011-01-05,487034,13.6795,13.8682,13.6134,13.7644,-0.0189,-0.14,0.38,7115216.62,,,71.8077,3.98,1.825,25.9513,1891440305,,,,,,,
2011-01-06,292001,13.8021,13.8116,13.5002,13.5851,-0.1793,-1.3,0.23,4217268.46,,,70.8726,3.9282,1.8012,25.6133,1866808800,,,,,,,
2011-01-07,419200,13.6984,14.0568,13.5757,13.7078,0.1227,0.9,0.32,6125485.81,,,71.5124,3.9636,1.8175,25.8446,1883661935,,,,,,,
2011-01-10,423908,13.9059,13.9059,13.3965,13.4436,-0.2642,-1.93,0.33,6128570.61,,,70.1343,3.8872,1.7825,25.3465,1847362875,,,,,,,
2011-01-11,251781,13.4436,13.604,13.2927,13.4908,0.0472,0.35,0.19,3592040.2,,,70.3804,3.9009,1.7887,25.4355,1853844850,,,,,,,
2011-01-12,252418,13.5097,13.7738,13.3682,13.7267,0.2359,1.75,0.19,3646793.86,,,71.6108,3.9691,1.82,25.8802,1886254725,,,,,,,
2011-01-13,430980,13.4908,13.7833,13.4059,13.7361,0.0094,0.07,0.33,6267139.4,,,71.66,3.9718,1.8213,25.8979,1887551120,,,,,,,
2011-01-14,370920,13.6417,13.7738,13.2361,13.3304,-0.4057,-2.95,0.29,5274853.71,,,69.5437,3.8545,1.7675,25.1331,1831806135,,,,,,,
2011-01-17,688520,13.2832,13.4814,12.17,12.2644,-1.066,-8,0.53,9202223.6,,,63.9822,3.5463,1.6261,23.1232,1685313500,,,,,,,
2011-01-18,415978,12.2644,12.4436,11.821,12.2266,-0.0378,-0.31,0.32,5375271.88,,,63.7853,3.5353,1.6211,23.052,1680127920,,,,,,,
2011-01-19,310128,12.2549,12.4908,12.0851,12.4153,0.1887,1.54,0.24,4066270.94,,,64.7697,3.5899,1.6461,23.4078,1706055820,,,,,,,
2011-01-20,346665,12.4342,12.4342,12.0285,12.1229,-0.2924,-2.36,0.27,4485650.67,,,63.2439,3.5053,1.6074,22.8564,1665867575,,,,,,,
2011-01-21,256499,12.1229,12.2549,11.9813,12.1323,0.0094,0.08,0.2,3301518.46,,,63.2931,3.5081,1.6086,22.8741,1667163970,,,,,,,
2011-01-24,356491,12.2361,12.3115,11.887,12.0379,-0.0944,-0.78,0.28,4586618.38,,,62.801,3.4808,1.5961,22.6963,1654200020,,,,,,,
2011-01-25,349046,12.0096,12.1512,11.604,11.7078,-0.3301,-2.74,0.27,4373343.51,,,61.0784,3.3853,1.5523,22.0737,1608826195,,,,,,,
2011-01-26,216031,11.9342,11.9342,11.6983,11.8304,0.1226,1.05,0.17,2698644.22,,,61.7182,3.4208,1.5686,22.305,1625679330,,,,,,,
2011-01-27,302125,11.8304,12.0474,11.7738,12.0285,0.1981,1.67,0.23,3823831.72,,,62.7518,3.4781,1.5948,22.6785,1652903625,,,,,,,
2011-01-28,322469,11.9436,12.2266,11.9436,12.17,0.1415,1.18,0.25,4131151.72,,,63.49,3.519,1.6136,22.9453,1672349550,,,,,,,
2011-01-31,308933,12.0002,12.321,12.0002,12.321,0.151,1.24,0.24,4005112.56,,,64.2775,3.5626,1.6336,23.2299,1693091870,,,,,,,
2011-02-01,412483,12.3493,12.6229,12.2832,12.6229,0.3019,2.45,0.32,5429897.36,,,65.8524,3.6499,1.6737,23.7991,1734576510,,,,,,,
2011-02-09,305020,12.5946,12.6229,12.3587,12.3776,-0.2453,-1.94,0.24,4031836.71,,,64.5728,3.579,1.6411,23.3366,1700870240,,,,,,,
2011-02-10,382231,12.4342,12.6795,12.2738,12.67,0.2924,2.36,0.29,5086130.02,,,66.0985,3.6636,1.6799,23.888,1741058485,,,,,,,
2011-02-11,850602,12.67,13.1983,12.6229,13.1795,0.5095,4.02,0.66,11730948.62,,,68.7562,3.8109,1.7475,24.8485,1811063815,,,,,,,
2011-02-14,803779,13.1983,13.3021,13.0285,13.2078,0.0283,0.21,0.62,11232572.02,,,68.9039,3.819,1.7512,24.9019,1814953000,,,,,,,
2011-02-15,508670,13.3965,13.3965,13.1134,13.1134,-0.0944,-0.71,0.39,7142721.9,,,68.4117,3.7918,1.7387,24.724,1801989050,,,,,,,
2011-02-16,410441,13.0191,13.2927,13.0191,13.2738,0.1604,1.22,0.32,5735648.9,,,69.2484,3.8381,1.76,25.0264,1824027765,,,,,,,
2011-02-17,724882,13.2738,13.5851,13.1606,13.5757,0.3019,2.27,0.56,10318122.23,,,70.8234,3.9254,1.8,25.5956,1865512405,,,,,,,
2011-02-18,505276,13.5851,13.5851,13.1229,13.2078,-0.3679,-2.71,0.39,7110996.97,,,68.9039,3.819,1.7512,24.9019,1814953000,,,,,,,
2011-02-21,540401,13.1889,13.6323,13.1134,13.6323,0.4245,3.21,0.42,7706058.79,,,71.1187,3.9418,1.8075,25.7023,1873290775,,,,,,,
2011-02-22,876404,13.6134,14.2927,13.3493,13.3587,-0.2736,-2.01,0.68,12708349.62,,,69.6914,3.8627,1.7712,25.1865,1835695320,,,,,,,
2011-02-23,1348759,13.3116,13.3965,13.0191,13.2455,-0.1132,-0.85,1.04,18740396.62,,,69.1008,3.83,1.7562,24.973,1820138580,,,,,,,
2011-02-24,754918,13.0568,13.2927,13.0191,13.2644,0.0189,0.14,0.58,10560059.92,,,69.1992,3.8354,1.7587,25.0086,1822731370,,,,,,,
2011-02-25,428945,13.2644,13.3304,12.8398,13.2832,0.0188,0.14,0.33,6002105.42,,,69.2976,3.8409,1.7612,25.0442,1825324160,,,,,,,
2011-02-28,749809,13.387,13.5568,13.1606,13.4908,0.2076,1.56,0.58,10672684.52,,,70.3804,3.9009,1.7887,25.4355,1853844850,,,,,,,
2011-03-01,1036767,13.4908,13.9625,13.4436,13.9059,0.4151,3.08,0.8,15035648.9,,,72.546,4.0209,1.8438,26.2181,1910886230,,,,,,,
2011-03-02,1299484,13.8682,14.321,13.6889,13.9908,0.0849,0.61,1,19265005.47,,,72.9889,4.0455,1.855,26.3782,1922553785,,,,,,,
2011-03-03,620377,13.9625,14.0852,13.6889,13.6984,-0.2924,-2.09,0.48,9102675.53,,,71.4632,3.9609,1.8162,25.8268,1882365540,,,,,,,
2011-03-04,487691,13.6889,13.8116,13.5568,13.755,0.0566,0.41,0.38,7072027.58,,,71.7585,3.9773,1.8238,25.9335,1890143910,,,,,,,
2011-03-07,831498,13.8116,13.9342,13.6984,13.8776,0.1226,0.89,0.64,12177600.08,,,72.3983,4.0127,1.84,26.1647,1906997045,,,,,,,
2011-03-08,627376,13.8776,13.9436,13.7078,13.9436,0.066,0.48,0.48,9192363.91,,,72.7428,4.0318,1.8488,26.2893,1916071810,,,,,,,
2011-03-09,885804,13.9436,14.1418,13.7738,14.1418,0.1982,1.42,0.68,13124602.36,,,73.7764,4.0891,1.875,26.6628,1943296105,,,,,,,
2011-03-10,1257973,14.0568,14.2927,13.9625,13.9814,-0.1604,-1.13,0.97,18797290.81,,,72.9397,4.0427,1.8538,26.3604,1921257390,,,,,,,
2011-03-14,1567672,13.6795,13.8682,13.5474,13.6795,-0.3019,-2.16,1.21,22731018.2,,,71.3647,3.9554,1.8137,25.7912,1879772750,,,,,,,
2011-03-15,763457,13.6512,13.8021,13.3399,13.4814,-0.1981,-1.45,0.59,10894579.14,,,70.3312,3.8982,1.7875,25.4177,1852548455,,,,,,,
2011-03-16,1238457,13.538,14.0097,13.538,13.9719,0.4905,3.64,0.96,18104002.48,,,72.8905,4.04,1.8525,26.3426,1919960995,,,,,,,
2011-03-17,2620070,13.9531,14.5663,13.8304,14.1323,0.1604,1.15,2.02,39806026.86,,,73.7272,4.0864,1.8738,26.645,1941999710,,,,,,,
2011-03-18,1683838,14.2738,14.6135,14.104,14.4814,0.3491,2.47,1.3,25653803.62,,,75.5482,4.1873,1.9201,27.3031,1989966325,,,,,,,
2011-03-21,873560,14.4248,14.5191,14.1984,14.2927,-0.1887,-1.3,0.67,13254856.24,,,74.5639,4.1327,1.8951,26.9474,1964038425,,,,,,,
2011-03-22,869887,14.3021,14.3682,13.9908,14.2927,0,0,0.67,13099190.56,,,74.5639,4.1327,1.8951,26.9474,1964038425,,,,,,,
2011-03-23,1767748,14.3021,14.9059,14.2833,14.821,0.5283,3.7,1.36,27469856,,,77.32,4.2855,1.9651,27.9435,2036636545,,,,,,,
2011-03-24,2364561,14.9059,15.2833,14.6795,15.2267,0.4057,2.74,1.82,37753685.33,,,79.4363,4.4028,2.0189,28.7083,2092381530,,,,,,,
2011-03-25,4533271,15.2172,15.8493,15.1323,15.1323,-0.0944,-0.62,3.5,74205757.1,,,78.9442,4.3755,2.0064,28.5304,2079417580,,,,,,,
2011-03-28,2292561,15.0003,15.2078,14.7172,14.821,-0.3113,-2.06,1.77,36363713.03,,,77.32,4.2855,1.9651,27.9435,2036636545,,,,,,,
2011-03-29,2305304,14.6701,15.2833,14.6701,15.0003,0.1793,1.21,1.78,36758791.73,,,78.2551,4.3373,1.9889,28.2814,2061268050,,,,,,,
2011-03-30,2147544,15.0946,15.4908,14.8587,15.0286,0.0283,0.19,1.66,34570063.55,,,78.4028,4.3455,1.9926,28.3348,2065157235,,,,,,,
2011-03-31,2223002,14.9814,15.4248,13.7927,14.1795,-0.8491,-5.65,1.71,34644966.54,,,70.8941,4.0144,1.8461,19.4293,1948481685,,,,,,,
2011-04-01,1263724,14.2267,14.821,14.1795,14.5191,0.3396,2.4,0.97,19310096.14,,,72.5921,4.1106,1.8903,19.8947,1995151905,,,,,,,
2011-04-06,8226997,14.4342,15.972,14.4342,15.972,1.4529,10.01,6.35,137515020.64,,,79.8561,4.5219,2.0794,21.8855,2194796735,,,,,,,
2011-04-07,4537098,16.0286,16.1795,15.5663,15.6795,-0.2925,-1.83,3.5,76105398.9,,,78.3939,4.4391,2.0413,21.4847,2154608490,,,,,,,
2011-04-08,3183444,15.6795,16.0569,15.538,16.0286,0.3491,2.23,2.46,53350581.32,,,80.1391,4.5379,2.0868,21.963,2202575105,,,,,,,
2011-04-11,4823902,15.9342,16.4626,15.755,15.7644,-0.2642,-1.65,3.72,82519494.76,,,78.8184,4.4631,2.0524,21.6011,2166276045,,,,,,,
2011-04-12,2869784,15.5663,16.1135,15.1984,15.6606,-0.1038,-0.66,2.21,47457339.14,,,78.2995,4.4337,2.0389,21.4589,2152015700,,,,,,,
2011-04-13,2004337,15.7361,15.7644,15.2644,15.6795,0.0189,0.12,1.55,32950108.58,,,78.3939,4.4391,2.0413,21.4847,2154608490,,,,,,,
2011-04-14,2352518,15.6606,15.7078,15.0286,15.3588,-0.3207,-2.05,1.81,38284247.98,,,76.7901,4.3483,1.9996,21.0452,2110531060,,,,,,,
2011-04-15,2269019,15.2267,15.3588,14.7455,15.0757,-0.2831,-1.84,1.75,36179124.69,,,75.3751,4.2681,1.9627,20.6574,2071639210,,,,,,,
2011-04-18,4436484,15.0663,15.9625,15.0663,15.6795,0.6038,4.01,3.42,73492002.45,,,78.3939,4.4391,2.0413,21.4847,2154608490,,,,,,,
2011-04-19,3081307,15.538,15.6418,14.9531,15.0757,-0.6038,-3.85,2.38,49548186.75,,,75.3751,4.2681,1.9627,20.6574,2071639210,,,,,,,
2011-04-20,1391037,15.2267,15.2833,14.8493,15.0757,0,0,1.07,22170783.23,,,75.3751,4.2681,1.9627,20.6574,2071639210,,,,,,,
2011-04-21,1563149,15.1701,15.5191,14.9059,15.2078,0.1321,0.88,1.21,25274248.44,,,76.0354,4.3055,1.9799,20.8384,2089788740,,,,,,,
2011-04-25,1446713,15.0757,15.2361,14.1135,14.7172,-0.4906,-3.23,1.12,22668770.16,,,73.5827,4.1666,1.9161,20.1662,2022376200,,,,,,,
2011-04-26,1636511,14.7172,14.7172,13.9625,13.9908,-0.7264,-4.94,1.26,24485894.94,,,69.9507,3.961,1.8215,19.1708,1922553785,,,,,,,
2011-04-27,778200,14.3776,14.3776,13.755,13.9719,-0.0189,-0.14,0.6,11493367.36,,,69.8564,3.9556,1.819,19.1449,1919960995,,,,,,,
2011-04-28,544942,14.0002,14.104,13.6323,13.7361,-0.2358,-1.69,0.42,8029437.26,,,68.6772,3.8889,1.7883,18.8218,1887551120,,,,,,,
2011-04-29,433019,13.755,13.9908,13.6512,13.9625,0.2264,1.65,0.33,6349493.85,,,69.8092,3.953,1.8178,19.132,1918664600,,,,,,,
2011-05-03,722708,13.9625,14.4625,13.4625,14.387,0.4245,3.04,0.56,10867353.86,,,71.9318,4.0732,1.8731,19.7137,1977002375,,,,,,,
2011-05-04,2254078,14.538,14.8493,14.2455,14.4153,0.0283,0.2,1.74,34743111.18,,,72.0733,4.0812,1.8768,19.7525,1980891560,,,,,,,
2011-05-05,3022005,14.5097,15.6984,14.4342,15.0757,0.6604,4.58,2.33,47905238.34,,,75.3751,4.2681,1.9627,20.6574,2071639210,,,,,,,
2011-05-06,2059371,15.0286,15.0286,14.5003,14.8871,-0.1886,-1.25,1.59,32254486.72,,,74.4317,4.2147,1.9382,20.3989,2045711310,,,,,,,
2011-05-09,1185385,14.8116,14.9342,14.5286,14.821,-0.0661,-0.44,0.91,18478640.79,,,74.1015,4.196,1.9296,20.3084,2036636545,,,,,,,
2011-05-10,2329668,14.8116,15.3776,14.6512,15.3116,0.4906,3.31,1.8,37344180.91,,,76.5543,4.3349,1.9934,20.9806,2104049085,,,,,,,
2011-05-11,2772744,15.2644,15.689,15.0946,15.3682,0.0566,0.37,2.14,45429957.91,,,76.8373,4.3509,2.0008,21.0581,2111827455,,,,,,,
2011-05-12,2437489,15.4059,15.821,15.0757,15.2455,-0.1227,-0.8,1.88,40092029.37,,,76.2241,4.3162,1.9848,20.8901,2094974320,,,,,,,
2011-05-13,2118885,15.255,15.6984,15.1323,15.5663,0.3208,2.1,1.63,34946050.81,,,77.8278,4.407,2.0266,21.3296,2139051750,,,,,,,
2011-05-16,3675029,15.6512,16.2078,15.5852,15.8588,0.2925,1.88,2.83,62234635.68,,,79.2901,4.4898,2.0647,21.7303,2179239995,,,,,,,
2011-05-17,1874420,15.7173,15.7267,15.1984,15.5663,-0.2925,-1.84,1.45,30848003,,,77.8278,4.407,2.0266,21.3296,2139051750,,,,,,,
2011-05-18,4543548,15.755,16.9531,15.5663,16.2927,0.7264,4.67,3.5,79423565,,,81.4598,4.6127,2.1212,22.325,2238874165,,,,,,,
2011-05-19,2934361,16.038,16.472,15.9248,16.2456,-0.0471,-0.29,2.26,50232052.28,,,81.224,4.5993,2.115,22.2603,2232392190,,,,,,,
2011-05-20,2124965,16.038,16.2267,15.689,15.7833,-0.4623,-2.85,1.64,35729883.6,,,78.9127,4.4685,2.0549,21.6269,2168868835,,,,,,,
2011-05-23,2412512,15.755,15.755,14.6229,14.9059,-0.8774,-5.56,1.86,38611987.88,,,74.526,4.2201,1.9406,20.4247,2048304100,,,,,,,
2011-05-24,1953123,14.8304,15.0852,14.4153,15.0003,0.0944,0.63,1.51,30555710.06,,,74.9977,4.2468,1.9529,20.554,2061268050,,,,,,,
2011-05-25,1084631,15.0003,15.0852,14.4908,14.5757,-0.4246,-2.83,0.84,17002230.07,,,72.8752,4.1266,1.8976,19.9723,2002930275,,,,,,,
2011-05-26,2408460,14.6229,15.4625,14.5286,15.2361,0.6604,4.53,1.86,38391758.56,,,76.1769,4.3135,1.9836,20.8772,2093677925,,,,,,,
2011-05-27,1681647,15.3776,15.3776,14.6229,14.7644,-0.4717,-3.1,1.3,26661025.83,,,73.8185,4.18,1.9222,20.2308,2028858175,,,,,,,
2011-05-30,1314778,14.5852,14.5852,13.5851,13.8493,-0.9151,-6.2,1.01,19488664.71,,,69.2432,3.9209,1.8031,18.9769,1903107860,,,,,,,
2011-05-31,812881,13.8493,14.3304,13.6795,14.2361,0.3868,2.79,0.63,12173578.13,,,71.1771,4.0304,1.8534,19.5069,1956260055,,,,,,,
2011-06-01,789843,14.1323,14.5946,13.9908,14.4059,0.1698,1.19,0.61,12041627.14,,,72.0261,4.0785,1.8755,19.7396,1979595165,,,,,,,
2011-06-02,1089824,14.2172,14.6135,13.8682,14.5286,0.1227,0.85,0.84,16464331.54,,,72.6393,4.1132,1.8915,19.9076,1996448300,,,,,,,
2011-06-03,1080117,14.5286,15.0757,14.4342,14.8116,0.283,1.95,0.83,16995467.43,,,74.0544,4.1934,1.9283,20.2954,2035340150,,,,,,,
2011-06-07,1054637,14.8116,15.0757,14.6229,14.9437,0.1321,0.89,0.81,16623856.26,,,74.7147,4.2307,1.9455,20.4764,2053489680,,,,,,,
2011-06-08,1428284,15.2644,15.4531,14.9625,15.2172,0.2735,1.83,1.1,23030252.26,,,76.0826,4.3082,1.9812,20.8513,2091085135,,,,,,,
2011-06-09,1724856,15.2172,15.5663,14.9154,14.9531,-0.2641,-1.74,1.33,27966158.27,,,74.7619,4.2334,1.9468,20.4893,2054786075,,,,,,,
2011-06-10,1987751,14.9059,15.0852,14.1135,14.4814,-0.4717,-3.15,1.53,30481866.92,,,72.4035,4.0999,1.8854,19.843,1989966325,,,,,,,
2011-06-13,663509,14.3304,14.5003,13.9153,14.4342,-0.0472,-0.33,0.51,9969217.45,,,72.1676,4.0865,1.8792,19.7784,1983484350,,,,,,,
2011-06-14,978504,14.6418,14.7078,14.3399,14.6418,0.2076,1.44,0.75,15105798.05,,,73.2053,4.1453,1.9062,20.0628,2012005040,,,,,,,
2011-06-15,921129,14.604,14.8587,14.3021,14.3587,-0.2831,-1.93,0.71,14216832.49,,,71.7903,4.0651,1.8694,19.6749,1973113190,,,,,,,
2011-06-16,1227070,14.2078,14.2172,13.7455,13.8776,-0.4811,-3.35,0.95,18126251.59,,,69.3847,3.9289,1.8068,19.0157,1906997045,,,,,,,
2011-06-17,780768,13.8587,13.9153,13.4908,13.4908,-0.3868,-2.79,0.6,11342918.94,,,67.4508,3.8194,1.7564,18.4857,1853844850,,,,,,,
2011-06-20,641724,13.2078,13.3587,13.0285,13.2172,-0.2736,-2.03,0.5,8955336.11,,,66.0829,3.742,1.7208,18.1108,1816249395,,,,,,,
2011-06-21,442184,13.4834,13.5499,13.2079,13.3884,0.1712,1.3,0.34,6218328.4,,,66.4603,3.8666,1.7306,18.2142,1826620555,,,,,,,
2011-06-22,389897,13.4169,13.5404,13.2079,13.4359,0.0475,0.35,0.3,5497473.63,,,66.6961,3.8803,1.7367,18.2788,1833102530,,,,,,,
2011-06-23,621893,13.3029,13.6449,13.1603,13.6069,0.171,1.27,0.48,8795242.3,,,67.5451,3.9297,1.7589,18.5115,1856437640,,,,,,,
2011-06-24,1092259,13.5974,14.063,13.3979,13.949,0.3421,2.51,0.84,15872358.2,,,69.2432,4.0285,1.8031,18.9769,1903107860,,,,,,,
2011-06-27,776094,13.968,14.2531,13.892,14.0725,0.1235,0.89,0.6,11525716.92,,,69.8564,4.0642,1.819,19.1449,1919960995,,,,,,,
2011-06-28,485914,14.2246,14.2246,13.778,14.0915,0.019,0.14,0.37,7190614.98,,,69.9507,4.0697,1.8215,19.1708,1922553785,,,,,,,
2011-06-29,725131,14.1581,14.1676,13.778,13.797,-0.2945,-2.09,0.56,10644429.18,,,68.4885,3.9846,1.7834,18.7701,1882365540,,,,,,,
2011-06-30,530432,13.8635,14.044,13.7875,14.006,0.209,1.51,0.41,7767663.36,,,78.9115,3.9569,1.7455,17.2356,1910886230,,,,,,,
2011-07-01,586838,14.0155,14.2341,13.9395,13.9775,-0.0285,-0.2,0.45,8646762.66,,,78.7509,3.9489,1.7419,17.2005,1906997045,,,,,,,
2011-07-04,1103893,14.0155,14.6142,13.8825,14.4526,0.4751,3.4,0.85,16698953.73,,,81.4276,4.0831,1.8011,17.7852,1971816795,,,,,,,
2011-07-05,1343879,14.3956,14.6332,14.3766,14.4906,0.038,0.26,1.04,20568858.1,,,81.6418,4.0939,1.8059,17.8319,1977002375,,,,,,,
2011-07-06,717090,14.4906,14.5001,14.2151,14.3766,-0.114,-0.79,0.55,10818999.77,,,80.9994,4.0616,1.7917,17.6916,1961445635,,,,,,,
2011-07-07,2444313,14.3766,15.1463,13.3029,14.9087,0.5321,3.7,1.89,37901205.02,,,83.9973,4.212,1.858,18.3464,2034043755,,,,,,,
2011-07-08,1497311,14.7282,14.9562,14.5381,14.8042,-0.1045,-0.7,1.16,23281816.26,,,83.4085,4.1824,1.8449,18.2178,2019783410,,,,,,,
2011-07-11,762010,14.8232,14.9467,14.5952,14.8232,0.019,0.13,0.59,11809624.27,,,83.5155,4.1878,1.8473,18.2412,2022376200,,,,,,,
2011-07-12,854881,14.7092,14.7092,14.2626,14.3861,-0.4371,-2.95,0.66,13004078.38,,,81.0529,4.0643,1.7928,17.7033,1962742030,,,,,,,
2011-07-13,652332,14.4526,14.6522,14.3861,14.5856,0.1995,1.39,0.5,9975913.44,,,82.1771,4.1207,1.8177,17.9489,1989966325,,,,,,,
2011-07-14,1011230,14.6807,14.8137,14.5001,14.7187,0.1331,0.91,0.78,15572175.47,,,82.9266,4.1583,1.8343,18.1126,2008115855,,,,,,,
2011-07-15,1040168,14.7187,14.9182,14.6237,14.9182,0.1995,1.36,0.8,16178502.04,,,84.0509,4.2147,1.8592,18.3581,2035340150,,,,,,,
2011-07-18,754877,14.9752,15.1273,14.7282,14.8042,-0.114,-0.76,0.58,11862738.22,,,83.4085,4.1824,1.8449,18.2178,2019783410,,,,,,,
2011-07-19,1109404,14.7757,14.7757,14.2531,14.4146,-0.3896,-2.63,0.86,16894125.38,,,81.2135,4.0724,1.7964,17.7384,1966631215,,,,,,,
2011-07-20,542695,14.4241,14.7187,14.4051,14.6047,0.1901,1.32,0.42,8313610.34,,,82.2842,4.1261,1.8201,17.9723,1992559115,,,,,,,
2011-07-21,713090,14.5952,14.6237,14.2816,14.2816,-0.3231,-2.21,0.55,10804614.62,,,80.464,4.0348,1.7798,17.5747,1948481685,,,,,,,
2011-07-22,456808,14.3481,14.4146,14.2721,14.3386,0.057,0.4,0.35,6890618.66,,,80.7852,4.0509,1.7869,17.6449,1956260055,,,,,,,
2011-07-25,1201310,14.3386,14.3671,13.5689,13.6735,-0.6651,-4.64,0.93,17669776.67,,,77.0377,3.863,1.704,16.8263,1865512405,,,,,,,
2011-07-26,485140,13.4929,13.8065,13.4929,13.721,0.0475,0.35,0.37,6969215.03,,,77.3054,3.8764,1.7099,16.8848,1871994380,,,,,,,
2011-07-27,577684,13.721,13.854,13.3599,13.797,0.076,0.55,0.45,8305675.65,,,77.7337,3.8979,1.7194,16.9783,1882365540,,,,,,,
2011-07-28,683043,13.6354,13.7305,13.4264,13.4929,-0.3041,-2.2,0.53,9720980.42,,,76.0205,3.812,1.6815,16.6042,1840880900,,,,,,,
2011-07-29,1145727,13.4929,14.025,13.4929,13.9015,0.4086,3.03,0.88,16670585.21,,,78.3226,3.9274,1.7324,17.107,1896625885,,,,,,,
2011-08-01,890236,13.7875,14.3956,13.6449,14.2626,0.3611,2.6,0.69,13271174.85,,,80.3569,4.0294,1.7774,17.5513,1945888895,,,,,,,
2011-08-02,377032,14.2056,14.3196,13.892,14.3006,0.038,0.27,0.29,5601791.67,,,80.5711,4.0402,1.7822,17.5981,1951074475,,,,,,,
2011-08-03,579570,14.1391,14.5286,14.1105,14.3861,0.0855,0.6,0.45,8772278.21,,,81.0529,4.0643,1.7928,17.7033,1962742030,,,,,,,
2011-08-04,453055,14.2626,14.4241,14.2246,14.2531,-0.133,-0.92,0.35,6816492.88,,,80.3034,4.0267,1.7763,17.5396,1944592500,,,,,,,
2011-08-05,573670,13.949,13.949,13.5974,13.759,-0.4941,-3.47,0.44,8348003.04,,,77.5195,3.8871,1.7147,16.9316,1877179960,,,,,,,
2011-08-08,1017683,13.5024,13.7305,12.6472,12.7423,-1.0167,-7.39,0.78,13967188.51,,,71.7912,3.5999,1.588,15.6804,1738465695,,,,,,,
2011-08-09,581890,12.3337,12.7708,11.8776,12.7327,-0.0096,-0.08,0.45,7586008.81,,,71.7377,3.5972,1.5868,15.6687,1737169300,,,,,,,
2011-08-10,493930,12.9418,13.0273,12.7327,12.7803,0.0476,0.37,0.38,6692287.6,,,72.0054,3.6106,1.5927,15.7272,1743651275,,,,,,,
2011-08-11,414381,12.5427,12.9228,12.4572,12.9133,0.133,1.04,0.32,5593967.27,,,72.7549,3.6482,1.6093,15.8909,1761800805,,,,,,,
2011-08-12,700784,13.0273,13.4644,12.9323,13.3504,0.4371,3.38,0.54,9798299.8,,,75.2175,3.7717,1.6638,16.4288,1821434975,,,,,,,
2011-08-15,547490,13.3029,13.5879,13.1793,13.3884,0.038,0.28,0.42,7691350.24,,,75.4317,3.7824,1.6685,16.4755,1826620555,,,,,,,
2011-08-16,589201,13.2934,13.4929,13.2554,13.3884,0,0,0.45,8280557.12,,,75.4317,3.7824,1.6685,16.4755,1826620555,,,,,,,
2011-08-17,384215,13.3124,13.3599,13.1223,13.2174,-0.171,-1.28,0.3,5355357.53,,,74.468,3.7341,1.6472,16.2651,1803285445,,,,,,,
2011-08-18,497860,13.1698,13.3789,13.0273,13.2649,0.0475,0.36,0.38,6938556.09,,,74.7357,3.7476,1.6531,16.3235,1809767420,,,,,,,
2011-08-19,484243,13.0653,13.0653,12.6472,12.8468,-0.4181,-3.15,0.37,6557408.24,,,72.3801,3.6294,1.601,15.809,1752726040,,,,,,,
2011-08-22,165451,13.0843,13.0843,12.8658,12.9323,0.0855,0.67,0.13,2255469.65,,,72.8619,3.6536,1.6117,15.9143,1764393595,,,,,,,
2011-08-23,551483,12.8278,12.9608,12.6472,12.9228,-0.0095,-0.07,0.43,7450181.75,,,72.8084,3.6509,1.6105,15.9026,1763097200,,,,,,,
2011-08-24,495503,13.0178,13.1318,12.9228,12.9418,0.019,0.15,0.38,6804883.43,,,72.9155,3.6563,1.6128,15.926,1765689990,,,,,,,
2011-08-25,637044,13.0178,13.1698,12.7708,13.1413,0.1995,1.54,0.49,8715431.31,,,74.0397,3.7127,1.6377,16.1715,1792914285,,,,,,,
2011-08-26,455101,13.0368,13.2744,13.0273,13.2554,0.1141,0.87,0.35,6298245.03,,,74.6822,3.7449,1.6519,16.3118,1808471025,,,,,,,
2011-08-29,497772,13.0748,13.2459,13.0178,13.0368,-0.2186,-1.65,0.38,6849705.98,,,73.4508,3.6831,1.6247,16.0429,1778653940,,,,,,,
2011-08-30,287100,13.0843,13.1793,12.8278,12.8278,-0.209,-1.6,0.22,3954835,,,72.2731,3.6241,1.5986,15.7857,1750133250,,,,,,,
2011-08-31,561630,12.8753,12.8943,12.4477,12.5427,-0.2851,-2.22,0.43,7467671.54,,,70.667,3.5435,1.5631,15.4349,1711241400,,,,,,,
2011-09-01,234758,12.5902,12.7042,12.5332,12.5712,0.0285,0.23,0.18,3111283.1,,,70.8276,3.5516,1.5667,15.4699,1715130585,,,,,,,
2011-09-02,205650,12.5427,12.6377,12.1721,12.3527,-0.2185,-1.74,0.16,2683538.43,,,69.5963,3.4898,1.5394,15.201,1685313500,,,,,,,
2011-09-05,239899,12.2386,12.3907,11.8966,12.2101,-0.1426,-1.15,0.19,3092202.2,,,68.7932,3.4496,1.5217,15.0256,1665867575,,,,,,,
2011-09-06,79955,11.9916,12.2767,11.9916,12.1911,-0.019,-0.16,0.06,1026267.43,,,68.6862,3.4442,1.5193,15.0022,1663274785,,,,,,,
2011-09-07,230353,12.2006,12.5332,12.2006,12.5332,0.3421,2.81,0.18,3013487.79,,,70.6134,3.5408,1.5619,15.4232,1709945005,,,,,,,
2011-09-08,206466,12.6187,12.6187,12.2862,12.2862,-0.247,-1.97,0.16,2706305.34,,,69.2215,3.471,1.5311,15.1191,1676238735,,,,,,,
2011-09-09,115768,12.2671,12.5047,12.2671,12.3527,0.0665,0.54,0.09,1510506.17,,,69.5963,3.4898,1.5394,15.201,1685313500,,,,,,,
2011-09-13,130122,12.1626,12.3242,12.0676,12.1341,-0.2186,-1.77,0.1,1666756.82,,,68.365,3.4281,1.5122,14.9321,1655496415,,,,,,,
2011-09-14,150398,12.2576,12.2576,12.0201,12.2291,0.095,0.78,0.12,1919884.04,,,68.9003,3.4549,1.524,15.049,1668460365,,,,,,,
2011-09-15,216102,12.2671,12.4762,12.1911,12.4002,0.1711,1.4,0.17,2810471.28,,,69.8639,3.5033,1.5453,15.2595,1691795475,,,,,,,
2011-09-16,175235,12.4477,12.5902,12.2957,12.3432,-0.057,-0.46,0.14,2287315.76,,,69.5427,3.4872,1.5382,15.1893,1684017105,,,,,,,
2011-09-19,306841,12.2576,12.3432,11.7825,12.0676,-0.2756,-2.23,0.24,3889486.96,,,67.9902,3.4093,1.5039,14.8502,1646421650,,,,,,,
2011-09-20,179291,11.792,12.3147,11.792,12.2481,0.1805,1.5,0.14,2290171.1,,,69.0074,3.4603,1.5264,15.0724,1671053155,,,,,,,
2011-09-21,210061,12.1246,12.5712,12.0866,12.5332,0.2851,2.33,0.16,2753169.18,,,70.6134,3.5408,1.5619,15.4232,1709945005,,,,,,,
2011-09-22,178340,12.3337,12.4857,12.1816,12.3337,-0.1995,-1.59,0.14,2310086.13,,,69.4892,3.4845,1.5371,15.1776,1682720710,,,,,,,
2011-09-23,191363,12.2386,12.2386,11.8871,12.0961,-0.2376,-1.93,0.15,2424551.59,,,68.1508,3.4174,1.5075,14.8853,1650310835,,,,,,,
2011-09-26,142001,12.1626,12.2862,11.8396,12.0201,-0.076,-0.63,0.11,1794258.24,,,67.7225,3.3959,1.498,14.7917,1639939675,,,,,,,
2011-09-27,223000,12.0296,12.2481,11.9251,11.9916,-0.0285,-0.24,0.17,2824857.6,,,67.5619,3.3878,1.4944,14.7567,1636050490,,,,,,,
2011-09-28,153197,12.1816,12.1816,11.8586,11.9156,-0.076,-0.63,0.12,1933753.27,,,67.1336,3.3664,1.485,14.6631,1625679330,,,,,,,
2011-09-29,250629,11.8776,12.1151,11.7825,11.8396,-0.076,-0.64,0.19,3134234.32,,,66.7053,3.3449,1.4755,14.5696,1615308170,,,,,,,
2011-09-30,259820,11.8776,12.0106,11.4215,11.6115,-0.2281,-1.93,0.2,3180374.38,,,67.5651,3.2779,1.3587,14.7569,1584194690,,,,,,,
2011-10-10,137140,11.678,11.678,11.45,11.4975,-0.114,-0.98,0.11,1659563.57,,,66.9016,3.2457,1.3454,14.612,1568637950,,,,,,,
2011-10-11,217420,11.6495,11.8301,11.488,11.5925,0.095,0.83,0.17,2651504.53,,,67.4545,3.2725,1.3565,14.7328,1581601900,,,,,,,
2011-10-12,268391,11.583,11.9631,11.4025,11.9441,0.3516,3.03,0.21,3312466.24,,,69.5003,3.3718,1.3977,15.1796,1629568515,,,,,,,
2011-10-13,244695,11.9441,12.1151,11.9441,12.0391,0.095,0.8,0.19,3105332.6,,,70.0532,3.3986,1.4088,15.3003,1642532465,,,,,,,
2011-10-14,230905,12.1151,12.2671,11.9441,12.1626,0.1235,1.03,0.18,2944306.53,,,70.772,3.4335,1.4232,15.4573,1659385600,,,,,,,
2011-10-17,403551,12.0581,12.4287,11.9821,12.2862,0.1236,1.02,0.31,5199253.81,,,71.4908,3.4683,1.4377,15.6143,1676238735,,,,,,,
2011-10-18,156100,12.3337,12.3337,11.9251,12.0486,-0.2376,-1.93,0.12,1990879.1,,,70.1085,3.4013,1.4099,15.3124,1643828860,,,,,,,
2011-10-19,291678,12.1531,12.2576,11.8776,11.8776,-0.171,-1.42,0.22,3676049.47,,,69.1133,3.353,1.3899,15.095,1620493750,,,,,,,
2011-10-20,163610,11.8586,11.9726,11.507,11.678,-0.1996,-1.68,0.13,2016114.73,,,67.9522,3.2967,1.3665,14.8414,1593269455,,,,,,,
2011-10-21,203570,11.8301,11.8301,11.45,11.526,-0.152,-1.3,0.16,2467062.52,,,67.0675,3.2538,1.3487,14.6482,1572527135,,,,,,,
2011-10-24,221000,11.7825,11.8491,11.0794,11.5355,0.0095,0.08,0.17,2650729.26,,,67.1228,3.2564,1.3499,14.6603,1573823530,,,,,,,
2011-10-25,435167,11.412,11.8206,11.4025,11.754,0.2185,1.89,0.34,5299669.35,,,68.3945,3.3181,1.3754,14.938,1603640615,,,,,,,
2011-10-26,218242,11.716,11.9251,11.6685,11.8301,0.0761,0.65,0.17,2716591.68,,,68.8368,3.3396,1.3843,15.0347,1614011775,,,,,,,
2011-10-27,183297,11.8586,11.9156,11.6875,11.7825,-0.0476,-0.4,0.14,2273717.83,,,68.5604,3.3262,1.3788,14.9743,1607529800,,,,,,,
2011-10-28,380412,11.7825,12.1151,11.7635,12.1151,0.3326,2.82,0.29,4757860.88,,,70.4955,3.4201,1.4177,15.3969,1652903625,,,,,,,
2011-10-31,218250,12.0296,12.1056,11.9346,12.0391,-0.076,-0.63,0.17,2759477.05,,,70.0532,3.3986,1.4088,15.3003,1642532465,,,,,,,
2011-11-01,527261,12.0106,12.3907,11.8776,12.2481,0.209,1.74,0.41,6775959.71,,,71.2696,3.4576,1.4332,15.566,1671053155,,,,,,,
2011-11-02,246006,12.2006,12.3432,12.0201,12.3337,0.0856,0.7,0.19,3155767.32,,,71.7672,3.4818,1.4433,15.6747,1682720710,,,,,,,
2011-11-03,606717,12.2862,12.7137,12.2862,12.6282,0.2945,2.39,0.47,7963157.85,,,73.4812,3.5649,1.4777,16.049,1722908955,,,,,,,
2011-11-04,533168,12.6092,12.7708,12.4667,12.6187,-0.0095,-0.08,0.41,7057070.19,,,73.4259,3.5622,1.4766,16.037,1721612560,,,,,,,
2011-11-07,374900,12.4477,12.7232,12.4192,12.6567,0.038,0.3,0.29,4948069.34,,,73.6471,3.573,1.4811,16.0853,1726798140,,,,,,,
2011-11-08,223287,12.5807,12.7042,12.4762,12.5902,-0.0665,-0.53,0.17,2954463.4,,,73.2601,3.5542,1.4733,16.0007,1717723375,,,,,,,
2011-11-09,320122,12.5807,12.6282,12.4192,12.5997,0.0095,0.08,0.25,4230254.43,,,73.3154,3.5569,1.4744,16.0128,1719019770,,,,,,,
2011-11-10,222327,12.3907,12.5237,12.3622,12.4097,-0.19,-1.51,0.17,2911360.15,,,72.2095,3.5032,1.4521,15.7713,1693091870,,,,,,,
2011-11-11,1285140,12.5142,13.2839,12.4192,13.0083,0.5986,4.82,0.99,17512415.24,,,75.6928,3.6722,1.5222,16.5321,1774764755,,,,,,,
2011-11-14,1015002,13.0178,13.3029,12.9228,13.2839,0.2756,2.12,0.78,14030799.82,,,77.2963,3.75,1.5544,16.8823,1812360210,,,,,,,
2011-11-15,403646,13.3029,13.3029,13.0083,13.1413,-0.1426,-1.07,0.31,5566836.82,,,76.4669,3.7098,1.5378,16.7011,1792914285,,,,,,,
2011-11-16,503527,13.1413,13.1793,12.5522,12.6092,-0.5321,-4.05,0.39,6823915.48,,,73.3706,3.5595,1.4755,16.0249,1720316165,,,,,,,
2011-11-17,627046,12.7708,12.9893,12.5712,12.7898,0.1806,1.43,0.48,8444315.42,,,74.4212,3.6105,1.4966,16.2543,1744947670,,,,,,,
2011-11-21,487384,12.7137,12.7137,12.3527,12.5902,-0.1996,-1.56,0.38,6416882.4,,,73.2601,3.5542,1.4733,16.0007,1717723375,,,,,,,
2011-11-22,202672,12.4572,12.6092,12.3622,12.5427,-0.0475,-0.38,0.16,2663576.84,,,72.9836,3.5408,1.4677,15.9404,1711241400,,,,,,,
2011-11-23,303400,12.5997,12.5997,12.2862,12.4762,-0.0665,-0.53,0.23,3964750,,,72.5966,3.522,1.4599,15.8558,1702166635,,,,,,,
2011-11-24,97387,12.2767,12.4857,12.1626,12.4762,0,0,0.08,1261325.62,,,72.5966,3.522,1.4599,15.8558,1702166635,,,,,,,
2011-11-25,493565,12.3337,12.6947,11.8776,12.4952,0.019,0.15,0.38,6489671.13,,,72.7072,3.5274,1.4622,15.88,1704759425,,,,,,,
2011-11-28,315362,12.2101,12.5712,12.1721,12.3622,-0.133,-1.06,0.24,4121039.31,,,71.9331,3.4898,1.4466,15.7109,1686609895,,,,,,,
2011-11-29,158200,12.6377,12.6567,12.3622,12.4857,0.1235,1,0.12,2072963,,,72.6519,3.5247,1.461,15.8679,1703463030,,,,,,,
2011-11-30,294791,12.3147,12.5332,11.8776,12.0201,-0.4656,-3.73,0.23,3748643.3,,,69.9426,3.3932,1.4066,15.2762,1639939675,,,,,,,
2011-12-01,262386,12.3337,12.4477,12.1151,12.2862,0.2661,2.21,0.2,3394652.12,,,71.4908,3.4683,1.4377,15.6143,1676238735,,,,,,,
2011-12-02,258868,12.1151,12.2291,11.8776,11.9061,-0.3801,-3.09,0.2,3264876,,,69.2791,3.361,1.3932,15.1313,1624382935,,,,,,,
2011-12-05,131099,12.1626,12.1626,11.6495,11.7825,-0.1236,-1.04,0.1,1626216.81,,,68.5604,3.3262,1.3788,14.9743,1607529800,,,,,,,
2011-12-06,108560,12.1056,12.1056,11.5925,11.8491,0.0666,0.57,0.08,1346662.7,,,68.9474,3.345,1.3865,15.0588,1616604565,,,,,,,
2011-12-07,181644,11.9536,11.9536,11.7255,11.8586,0.0095,0.08,0.14,2258339.84,,,69.0027,3.3476,1.3877,15.0709,1617900960,,,,,,,
2011-12-08,153221,11.8491,11.9156,11.6495,11.8681,0.0095,0.08,0.12,1909349.64,,,69.058,3.3503,1.3888,15.083,1619197355,,,,,,,
2011-12-09,106000,11.735,12.0201,11.6685,11.8491,-0.019,-0.16,0.08,1323652,,,68.9474,3.345,1.3865,15.0588,1616604565,,,,,,,
2011-12-12,81854,11.9251,11.9251,11.8111,11.8301,-0.019,-0.16,0.06,1020465.85,,,68.8368,3.3396,1.3843,15.0347,1614011775,,,,,,,
2011-12-13,704000,11.6115,11.754,11.1554,11.2504,-0.5797,-4.9,0.54,8451145.86,,,65.4641,3.176,1.3165,14.298,1534931680,,,,,,,
2011-12-14,147299,11.2789,11.45,11.1174,11.2314,-0.019,-0.17,0.11,1749175.72,,,65.3535,3.1706,1.3143,14.2739,1532338890,,,,,,,
2011-12-15,389928,10.7468,11.2789,10.7468,10.8038,-0.4276,-3.81,0.3,4460247.06,,,62.8654,3.0499,1.2642,13.7304,1474001115,,,,,,,
2011-12-16,154204,10.9749,10.9749,10.6423,10.9084,0.1046,0.97,0.12,1748850,,,63.4736,3.0794,1.2765,13.8633,1488261460,,,,,,,
2011-12-19,230800,10.9179,10.9179,10.4618,10.7563,-0.1521,-1.39,0.18,2579844,,,62.589,3.0365,1.2587,13.6701,1467519140,,,,,,,
2011-12-20,141000,10.7373,10.8989,10.7183,10.8133,0.057,0.53,0.11,1604873.38,,,62.9207,3.0526,1.2653,13.7425,1475297510,,,,,,,
2011-12-22,349916,10.4713,10.6993,10.3857,10.5663,-0.247,-2.28,0.27,3881473.56,,,61.4832,2.9828,1.2364,13.4285,1441591240,,,,,,,
2011-12-23,245014,10.6898,10.8989,10.3952,10.6328,0.0665,0.63,0.19,2758790.66,,,61.8702,3.0016,1.2442,13.5131,1450666005,,,,,,,
2011-12-26,249900,10.6898,10.7848,10.5378,10.6423,0.0095,0.09,0.19,2810491.98,,,61.9255,3.0043,1.2453,13.5252,1451962400,,,,,,,
2011-12-27,146334,10.6708,10.6708,10.4047,10.4047,-0.2376,-2.23,0.11,1626886.26,,,60.5432,2.9372,1.2175,13.2233,1419552525,,,,,,,
2011-12-28,386779,10.6423,10.7943,10.2622,10.3572,-0.0475,-0.46,0.3,4271214.45,,,60.2668,2.9238,1.212,13.1629,1413070550,,,,,,,
2011-12-29,304293,10.4523,10.4523,10.2622,10.3382,-0.019,-0.18,0.23,3302624.56,,,60.1562,2.9185,1.2098,13.1387,1410477760,,,,,,,
2011-12-30,379137,10.4333,10.5283,10.2622,10.4618,0.1236,1.2,0.29,4161025.75,,,60.875,2.9533,1.2242,13.2957,1427330895,,,,,,,
2012-01-04,150318,10.5948,10.5948,10.4142,10.4333,-0.0285,-0.27,0.12,1655904.7,,,56.8551,2.9124,1.2339,19.8419,1423441710,,,,,,,
2012-01-05,121100,10.5378,10.5663,10.0627,10.0817,-0.3516,-3.37,0.09,1305687.5,,,54.9392,2.8143,1.1923,19.1732,1375475095,,,,,,,
2012-01-06,94342,10.3382,10.3382,9.5306,10.0722,-0.0095,-0.09,0.07,985471.73,,,54.8874,2.8116,1.1912,19.1552,1374178700,,,,,,,
2012-01-09,187767,10.3287,10.4333,9.8061,10.4333,0.3611,3.59,0.14,2041083.07,,,56.8551,2.9124,1.2339,19.8419,1423441710,,,,,,,
2012-01-10,383024,10.4333,10.7658,10.1197,10.7278,0.2945,2.82,0.3,4278723.74,,,58.4603,2.9947,1.2687,20.4021,1463629955,,,,,,,
2012-01-11,196500,10.7278,10.8323,10.4713,10.7278,0,0,0.15,2204527.75,,,58.4603,2.9947,1.2687,20.4021,1463629955,,,,,,,
2012-01-12,377180,10.7088,11.0984,10.6613,10.7943,0.0665,0.62,0.29,4287612.2,,,58.8227,3.0132,1.2766,20.5286,1472704720,,,,,,,
2012-01-13,150901,10.7468,10.7468,10.5093,10.6138,-0.1805,-1.67,0.12,1681900.08,,,57.8389,2.9628,1.2552,20.1852,1448073215,,,,,,,
2012-01-16,117605,10.4523,10.7088,10.2812,10.4903,-0.1235,-1.16,0.09,1298575.45,,,57.1658,2.9283,1.2406,19.9503,1431220080,,,,,,,
2012-01-17,285380,10.6423,10.8894,10.3192,10.8228,0.3325,3.17,0.22,3220395.35,,,58.9781,3.0212,1.2799,20.5828,1476593905,,,,,,,
2012-01-18,105446,10.8228,10.8894,10.5663,10.5948,-0.228,-2.11,0.08,1190827.89,,,57.7353,2.9575,1.253,20.1491,1445480425,,,,,,,
2012-01-19,86901,10.6423,10.9749,10.6043,10.6993,0.1045,0.99,0.07,980710.31,,,58.3049,2.9867,1.2653,20.3479,1459740770,,,,,,,
2012-01-20,110499,10.6423,10.7848,10.6138,10.7753,0.076,0.71,0.09,1245887.72,,,58.7192,3.0079,1.2743,20.4924,1470111930,,,,,,,
2012-01-30,60816,10.7753,10.8798,10.7753,10.8323,0.057,0.53,0.05,691501.44,,,59.0299,3.0238,1.2811,20.6009,1477890300,,,,,,,
2012-01-31,88962,11.0129,11.0129,10.7468,10.8323,0,0,0.07,1012586.68,,,59.0299,3.0238,1.2811,20.6009,1477890300,,,,,,,
2012-02-01,171791,10.8228,10.9559,10.8228,10.9369,0.1046,0.97,0.13,1969271.12,,,59.5994,3.053,1.2934,20.7996,1492150645,,,,,,,
2012-02-02,281809,10.9749,11.3835,10.9464,11.1174,0.1805,1.65,0.22,3312728.35,,,60.5833,3.1034,1.3148,21.143,1516782150,,,,,,,
2012-02-03,145513,11.1174,11.2314,11.1174,11.1554,0.038,0.34,0.11,1707325.14,,,60.7904,3.114,1.3193,21.2153,1521967730,,,,,,,
2012-02-06,102681,11.2124,11.2124,11.0604,11.1174,-0.038,-0.34,0.08,1201091.46,,,60.5833,3.1034,1.3148,21.143,1516782150,,,,,,,
2012-02-07,233200,11.1079,11.1079,10.7373,10.7468,-0.3706,-3.33,0.18,2666396,,,58.5638,3,1.2709,20.4382,1466222745,,,,,,,
2012-02-08,156470,10.7468,11.1079,10.7373,11.0509,0.3041,2.83,0.12,1803736.3,,,60.2208,3.0848,1.3069,21.0165,1507707385,,,,,,,
2012-02-09,198510,10.9939,11.1174,10.9939,11.0319,-0.019,-0.17,0.15,2311321.4,,,60.1172,3.0795,1.3047,20.9803,1505114595,,,,,,,
2012-02-10,251019,11.0794,11.2314,11.0034,11.1934,0.1615,1.46,0.19,2951502.68,,,60.9975,3.1246,1.3238,21.2875,1527153310,,,,,,,
2012-02-13,125460,11.1934,11.3454,11.1459,11.2504,0.057,0.51,0.1,1479365.32,,,61.3082,3.1405,1.3305,21.396,1534931680,,,,,,,
2012-02-14,209226,11.1459,11.2409,10.9749,11.1364,-0.114,-1.01,0.16,2438313.22,,,60.6868,3.1087,1.317,21.1791,1519374940,,,,,,,
2012-02-15,307099,11.1174,11.2884,11.0034,11.2884,0.152,1.36,0.24,3619193.92,,,61.5153,3.1512,1.335,21.4683,1540117260,,,,,,,
2012-02-16,875982,11.3359,11.6495,11.2599,11.564,0.2756,2.44,0.68,10499771.06,,,63.017,3.2281,1.3676,21.9923,1577712715,,,,,,,
2012-02-17,322798,11.545,11.5545,11.3169,11.374,-0.19,-1.64,0.25,3885323.2,,,61.9813,3.175,1.3451,21.6309,1551784815,,,,,,,
2012-02-20,201700,11.4025,11.6305,11.2789,11.2789,-0.0951,-0.84,0.16,2414359.64,,,61.4635,3.1485,1.3339,21.4502,1538820865,,,,,,,
2012-02-21,703199,11.374,11.6305,11.2884,11.545,0.2661,2.36,0.54,8455775.91,,,62.9134,3.2228,1.3653,21.9562,1575119925,,,,,,,
2012-02-22,2325703,11.5735,12.2196,11.431,12.2006,0.6556,5.68,1.79,28929885.94,,,66.4863,3.4058,1.4429,23.2031,1664571180,,,,,,,
2012-02-23,935588,12.0581,12.1151,11.9346,12.0676,-0.133,-1.09,0.72,11848503.18,,,65.7613,3.3687,1.4271,22.9501,1646421650,,,,,,,
2012-02-24,717249,12.0676,12.1626,11.9346,12.1626,0.095,0.79,0.55,9085788.51,,,66.2791,3.3952,1.4384,23.1308,1659385600,,,,,,,
2012-02-27,1819255,12.3527,12.9038,12.1816,12.7327,0.5701,4.69,1.4,24061081.03,,,69.386,3.5543,1.5058,24.215,1737169300,,,,,,,
2012-02-28,4113596,12.6947,13.778,12.4477,12.6377,-0.095,-0.75,3.17,55433539.52,,,68.8682,3.5278,1.4946,24.0343,1724205350,,,,,,,
2012-02-29,1446608,12.4667,12.8183,11.9726,12.0771,-0.5606,-4.44,1.12,18654334.52,,,65.8131,3.3713,1.4283,22.9681,1647718045,,,,,,,
2012-03-01,433399,12.0676,12.3242,11.8871,12.0486,-0.0285,-0.24,0.33,5505171.67,,,65.6578,3.3634,1.4249,22.9139,1643828860,,,,,,,
2012-03-02,653154,12.0486,12.2101,11.5925,12.1911,0.1425,1.18,0.5,8306579.88,,,66.4345,3.4031,1.4418,23.185,1663274785,,,,,,,
2012-03-05,593118,12.2576,12.4002,12.1531,12.1626,-0.0285,-0.23,0.46,7649070.48,,,66.2791,3.3952,1.4384,23.1308,1659385600,,,,,,,
2012-03-06,586359,12.1436,12.1626,11.8015,12.0201,-0.1425,-1.17,0.45,7397535.74,,,65.5024,3.3554,1.4215,22.8597,1639939675,,,,,,,
2012-03-07,628904,11.8871,12.1626,11.7825,11.9251,-0.095,-0.79,0.49,7918056.47,,,64.9846,3.3289,1.4103,22.679,1626975725,,,,,,,
2012-03-08,611635,11.9821,12.0296,11.9061,12.0201,0.095,0.8,0.47,7703730.78,,,65.5024,3.3554,1.4215,22.8597,1639939675,,,,,,,
2012-03-09,398255,12.0201,12.1436,11.9631,12.0771,0.057,0.47,0.31,5053793.8,,,65.8131,3.3713,1.4283,22.9681,1647718045,,,,,,,
2012-03-12,826685,12.1246,12.3337,12.0201,12.2767,0.1996,1.65,0.64,10625953.14,,,66.9005,3.427,1.4519,23.3476,1674942340,,,,,,,
2012-03-13,592600,12.2767,12.3337,12.1341,12.2862,0.0095,0.08,0.46,7640246.01,,,66.9523,3.4297,1.453,23.3657,1676238735,,,,,,,
2012-03-14,706165,12.2767,12.3432,11.526,11.621,-0.6652,-5.41,0.54,8955395.65,,,63.3276,3.244,1.3743,22.1007,1585491085,,,,,,,
2012-03-15,597004,11.4975,11.6875,10.9369,11.2409,-0.3801,-3.27,0.46,7058359.3,,,61.2564,3.1379,1.3294,21.3779,1533635285,,,,,,,
2012-03-16,396910,11.1269,11.4025,11.1269,11.4025,0.1616,1.44,0.31,4726179.87,,,62.1367,3.183,1.3485,21.6851,1555674000,,,,,,,
2012-03-19,346845,11.3074,11.5925,11.3074,11.583,0.1805,1.58,0.27,4180107.99,,,63.1205,3.2334,1.3698,22.0285,1580305505,,,,,,,
2012-03-20,583552,11.678,11.678,11.2219,11.3074,-0.2756,-2.38,0.45,7031868.1,,,61.6189,3.1565,1.3373,21.5044,1542710050,,,,,,,
2012-03-21,501926,11.355,11.3645,10.9369,11.2314,-0.076,-0.67,0.39,5888525.96,,,61.2046,3.1352,1.3283,21.3598,1532338890,,,,,,,
2012-03-22,254220,11.0794,11.355,11.0794,11.2884,0.057,0.51,0.2,3007897.1,,,61.5153,3.1512,1.335,21.4683,1540117260,,,,,,,
2012-03-23,343170,11.2124,11.2694,10.9274,10.9559,-0.3325,-2.95,0.26,3984674,,,59.703,3.0583,1.2957,20.8358,1494743435,,,,,,,
2012-03-26,341770,11.0509,11.1269,10.9274,11.1269,0.171,1.56,0.26,3973541.53,,,60.6351,3.1061,1.3159,21.1611,1518078545,,,,,,,
2012-03-27,703597,11.1364,11.526,10.9464,11.4975,0.3706,3.33,0.54,8466552.42,,,62.6545,3.2095,1.3597,21.8658,1568637950,,,,,,,
2012-03-28,428666,11.526,11.526,11.0414,11.1174,-0.3801,-3.31,0.33,5077365.66,,,60.5833,3.1034,1.3148,21.143,1516782150,,,,,,,
2012-03-29,317322,11.0224,11.2029,10.7658,11.2029,0.0855,0.77,0.24,3664902.55,,,61.0493,3.1273,1.3249,21.3056,1528449705,,,,,,,
2012-03-30,325690,11.0889,11.4975,11.0889,11.4595,0.2566,2.29,0.25,3872150.15,,,62.4474,3.1989,1.3552,21.7935,1563452370,,,,,,,
2012-04-05,1149082,11.3074,12.2196,11.3074,12.0771,0.6176,5.39,0.89,14411532.9,,,69.5807,3.3088,1.4415,47.7027,1647718045,,,,,,,
2012-04-06,591425,12.2576,12.2576,11.9726,12.1436,0.0665,0.55,0.46,7512879.23,,,69.9639,3.327,1.4494,47.9654,1656792810,,,,,,,
2012-04-09,441030,12.1151,12.2576,11.9916,12.1626,0.019,0.16,0.34,5630785.29,,,70.0734,3.3323,1.4517,48.0405,1659385600,,,,,,,
2012-04-10,332378,12.0296,12.1721,11.8015,12.0391,-0.1235,-1.02,0.26,4189989.89,,,69.3617,3.2984,1.437,47.5526,1642532465,,,,,,,
2012-04-11,353008,11.8776,12.2006,11.8776,12.0486,0.0095,0.08,0.27,4458348.56,,,69.4164,3.301,1.4381,47.5901,1643828860,,,,,,,
2012-04-12,301362,12.0486,12.1626,11.9821,12.1531,0.1045,0.87,0.23,3839907.38,,,70.0186,3.3297,1.4506,48.003,1658089205,,,,,,,
2012-04-13,354793,12.1341,12.3052,12.0866,12.2671,0.114,0.94,0.27,4562430.81,,,70.6756,3.3609,1.4642,48.4533,1673645945,,,,,,,
2012-04-16,235406,12.1911,12.2671,12.0296,12.1056,-0.1615,-1.32,0.18,3004436.93,,,69.7449,3.3166,1.4449,47.8153,1651607230,,,,,,,
2012-04-17,206072,12.0391,12.1626,11.8206,11.9061,-0.1995,-1.65,0.16,2602464.68,,,68.5953,3.262,1.4211,47.0271,1624382935,,,,,,,
2012-04-18,260697,11.8396,12.1911,11.8396,12.1531,0.247,2.07,0.2,3316694.25,,,70.0186,3.3297,1.4506,48.003,1658089205,,,,,,,
2012-04-19,308818,12.2386,12.3052,12.0676,12.2291,0.076,0.63,0.24,3964761.7,,,70.4566,3.3505,1.4596,48.3032,1668460365,,,,,,,
2012-04-20,448877,12.1246,12.4572,12.1246,12.3907,0.1616,1.32,0.35,5826393.4,,,71.3873,3.3947,1.4789,48.9413,1690499080,,,,,,,
2012-04-23,372984,12.2671,12.4097,11.9726,12.0296,-0.3611,-2.91,0.29,4806687.09,,,69.307,3.2958,1.4358,47.5151,1641236070,,,,,,,
2012-04-24,177970,11.9916,12.1341,11.4785,11.9441,-0.0855,-0.71,0.14,2220386.2,,,68.8143,3.2724,1.4256,47.1773,1629568515,,,,,,,
2012-04-25,177152,12.0771,12.1151,11.7825,12.0486,0.1045,0.87,0.14,2235339.99,,,69.4164,3.301,1.4381,47.5901,1643828860,,,,,,,
2012-04-26,259369,11.9821,12.2196,11.9821,12.2196,0.171,1.42,0.2,3310503.25,,,70.4019,3.3479,1.4585,48.2657,1667163970,,,,,,,
2012-04-27,210195,12.2576,12.2576,12.1151,12.1911,-0.0285,-0.23,0.16,2698361.95,,,70.2376,3.3401,1.4551,48.1531,1663274785,,,,,,,
2012-05-02,215132,12.3527,12.3527,12.1531,12.3432,0.1521,1.25,0.17,2778651.02,,,71.1135,3.3817,1.4733,48.7536,1684017105,,,,,,,
2012-05-03,189181,12.2386,12.3907,12.1151,12.2196,-0.1236,-1,0.15,2436744.65,,,70.4019,3.3479,1.4585,48.2657,1667163970,,,,,,,
2012-05-04,294655,12.1626,12.1721,12.0011,12.1341,-0.0855,-0.7,0.23,3745758.3,,,69.9091,3.3244,1.4483,47.9279,1655496415,,,,,,,
2012-05-07,221079,12.1151,12.1151,11.9726,12.0771,-0.057,-0.47,0.17,2800317.76,,,69.5807,3.3088,1.4415,47.7027,1647718045,,,,,,,
2012-05-08,313210,12.0771,12.3052,11.9726,12.1721,0.095,0.79,0.24,4013115.5,,,70.1281,3.3349,1.4528,48.078,1660681995,,,,,,,
2012-05-09,583143,12.0961,12.5237,11.9821,12.5047,0.3326,2.73,0.45,7560129.57,,,72.0442,3.426,1.4925,49.3916,1706055820,,,,,,,
2012-05-10,2167397,12.6377,13.2839,12.4762,13.2649,0.7602,6.08,1.67,29707144.14,,,76.4238,3.6342,1.5833,52.3942,1809767420,,,,,,,
2012-05-11,870701,13.2174,13.2174,12.8278,13.0083,-0.2566,-1.93,0.67,11902856.83,,,74.9457,3.564,1.5526,51.3808,1774764755,,,,,,,
2012-05-14,549810,13.0748,13.0748,12.6377,12.6377,-0.3706,-2.85,0.42,7404844.74,,,72.8106,3.4624,1.5084,49.9171,1724205350,,,,,,,
2012-05-15,321363,12.5142,12.6282,12.2671,12.5902,-0.0475,-0.38,0.25,4192858.13,,,72.5369,3.4494,1.5027,49.7294,1717723375,,,,,,,
2012-05-16,240723,12.5902,12.7613,12.5047,12.5617,-0.0285,-0.23,0.19,3193766.56,,,72.3727,3.4416,1.4993,49.6168,1713834190,,,,,,,
2012-05-17,193019,12.5142,12.6567,12.3907,12.5427,-0.019,-0.15,0.15,2544101.06,,,72.2632,3.4364,1.4971,49.5418,1711241400,,,,,,,
2012-05-18,243213,12.4572,12.6187,12.2196,12.2862,-0.2565,-2.05,0.19,3172049.57,,,70.7851,3.3661,1.4664,48.5284,1676238735,,,,,,,
2012-05-21,236275,12.1531,12.3052,11.8871,11.9536,-0.3326,-2.71,0.18,2994736.4,,,68.869,3.275,1.4268,47.2148,1630864910,,,,,,,
2012-05-22,170543,11.9726,12.2481,11.9726,12.2386,0.285,2.38,0.13,2183218.77,,,70.5113,3.3531,1.4608,48.3408,1669756760,,,,,,,
2012-05-24,159362,12.2957,12.2957,11.9346,12.1341,-0.1045,-0.85,0.12,2022418.18,,,69.9091,3.3244,1.4483,47.9279,1655496415,,,,,,,
2012-05-25,97501,12.2196,12.2196,12.0201,12.1626,0.0285,0.23,0.08,1241112.67,,,70.0734,3.3323,1.4517,48.0405,1659385600,,,,,,,
2012-05-28,136452,12.1626,12.1626,11.8776,12.1151,-0.0475,-0.39,0.11,1729167.99,,,69.7997,3.3192,1.446,47.8528,1652903625,,,,,,,
2012-05-29,300035,12.0201,12.2767,12.0201,12.2386,0.1235,1.02,0.23,3849197.16,,,70.5113,3.3531,1.4608,48.3408,1669756760,,,,,,,
2012-05-30,181573,12.2386,12.3432,12.0296,12.2767,0.0381,0.31,0.14,2333804.02,,,70.7303,3.3635,1.4653,48.4909,1674942340,,,,,,,
2012-05-31,148741,12.1626,12.3242,12.0866,12.2386,-0.0381,-0.31,0.11,1913235.9,,,70.5113,3.3531,1.4608,48.3408,1669756760,,,,,,,
2012-06-01,128536,12.1151,12.3052,12.1151,12.2576,0.019,0.16,0.1,1655878.02,,,70.6208,3.3583,1.463,48.4158,1672349550,,,,,,,
2012-06-04,253815,12.2196,12.2196,11.792,11.8396,-0.418,-3.41,0.2,3186019.68,,,68.2121,3.2437,1.4131,46.7644,1615308170,,,,,,,
2012-06-05,141777,11.9631,11.9631,11.716,11.8111,-0.0285,-0.24,0.11,1761284.95,,,68.0478,3.2359,1.4097,46.6518,1611418985,,,,,,,
2012-06-06,124285,11.8111,11.9631,11.6875,11.6875,-0.1236,-1.05,0.1,1542885.5,,,67.3361,3.2021,1.395,46.1639,1594565850,,,,,,,
2012-06-07,154720,11.8776,11.8776,11.602,11.7065,0.019,0.16,0.12,1910203.2,,,67.4456,3.2073,1.3973,46.239,1597158640,,,,,,,
2012-06-08,138800,11.8966,11.8966,11.621,11.7635,0.057,0.49,0.11,1709464.98,,,67.7741,3.2229,1.4041,46.4642,1604937010,,,,,,,
2012-06-11,143186,11.754,11.7635,11.526,11.6685,-0.095,-0.81,0.11,1752449.04,,,67.2267,3.1969,1.3927,46.0889,1591973060,,,,,,,
2012-06-12,81020,11.6685,11.8206,11.583,11.678,0.0095,0.08,0.06,997264,,,67.2814,3.1995,1.3939,46.1264,1593269455,,,,,,,
2012-06-13,118819,11.7825,11.8015,11.5735,11.792,0.114,0.98,0.09,1466622.47,,,67.9383,3.2307,1.4075,46.5768,1608826195,,,,,,,
2012-06-14,136600,11.792,11.9441,11.678,11.697,-0.095,-0.81,0.11,1697149.3,,,67.3909,3.2047,1.3961,46.2015,1595862245,,,,,,,
2012-06-15,114971,11.697,11.8586,11.64,11.754,0.057,0.49,0.09,1420117.81,,,67.7194,3.2203,1.4029,46.4266,1603640615,,,,,,,
2012-06-18,125600,11.8111,11.9061,11.7635,11.8301,0.0761,0.65,0.1,1564889,,,68.1573,3.2411,1.412,46.7269,1614011775,,,,,,,
2012-06-19,117447,11.8871,11.9061,11.6875,11.8586,0.0285,0.24,0.09,1455199.88,,,68.3215,3.2489,1.4154,46.8395,1617900960,,,,,,,
2012-06-20,156651,11.8586,11.9156,11.7255,11.9061,0.0475,0.4,0.12,1948664.48,,,68.5953,3.262,1.4211,47.0271,1624382935,,,,,,,
2012-06-21,228520,11.8871,12.2386,11.8301,11.8966,-0.0095,-0.08,0.18,2888626.43,,,68.5405,3.2594,1.4199,46.9896,1623086540,,,,,,,
2012-06-25,73101,11.8396,11.8586,11.507,11.583,-0.3136,-2.64,0.06,899217.94,,,66.7339,3.1735,1.3825,45.7511,1580305505,,,,,,,
2012-06-26,146282,11.412,11.4975,11.0129,11.2599,-0.3231,-2.79,0.11,1735012.1,,,64.8726,3.0849,1.344,44.475,1536228075,,,,,,,
2012-06-28,126037,10.8323,11.3169,10.8323,11.0034,-0.2565,-2.28,0.1,1479961.42,,,63.3945,3.0147,1.3133,43.4616,1501225410,,,,,,,
2012-06-29,96243,11.0224,11.0509,10.8418,11.0224,0.019,0.17,0.07,1110329.44,,,63.504,3.0199,1.3156,43.5367,1503818200,,,,,,,
2012-07-02,108821,11.1566,11.262,11.0224,11.1566,0.1342,1.22,0.08,1259250.92,,,-192.9525,3.3429,1.3004,23.7104,1509003780,,,,,,,
2012-07-03,135650,11.1566,11.3291,11.0991,11.2716,0.115,1.03,0.1,1582963.68,,,-194.9417,3.3773,1.3138,23.9549,1524560520,,,,,,,
2012-07-04,110020,11.3004,11.4633,11.1183,11.2141,-0.0575,-0.51,0.08,1290790,,,-193.9471,3.3601,1.3071,23.8326,1516782150,,,,,,,
2012-07-05,404449,11.0416,11.0416,10.2748,10.3515,-0.8626,-7.69,0.31,4437211.04,,,-179.0281,3.1016,1.2066,21.9994,1400106600,,,,,,,
2012-07-06,210353,10.3611,10.3994,9.9394,10.294,-0.0575,-0.56,0.16,2238968.25,,,-178.0335,3.0844,1.1999,21.8771,1392328230,,,,,,,
2012-07-09,122982,10.2461,10.2844,9.9777,10.1502,-0.1438,-1.4,0.09,1301301.88,,,-175.547,3.0413,1.1831,21.5716,1372882305,,,,,,,
2012-07-10,197550,10.1502,10.409,10.131,10.3419,0.1917,1.89,0.15,2126643.3,,,-178.8623,3.0988,1.2055,21.979,1398810205,,,,,,,
2012-07-11,126292,10.3515,10.524,10.2077,10.3323,-0.0096,-0.09,0.1,1376841.8,,,-178.6965,3.0959,1.2044,21.9586,1397513810,,,,,,,
2012-07-12,122700,10.1598,10.3132,10.1406,10.2365,-0.0958,-0.93,0.09,1306840,,,-177.0389,3.0672,1.1932,21.7549,1384549860,,,,,,,
2012-07-13,112384,10.2844,10.3515,10.2173,10.2269,-0.0096,-0.09,0.09,1201793.78,,,-176.8731,3.0643,1.1921,21.7346,1383253465,,,,,,,
2012-07-16,97400,10.2077,10.2173,9.9394,9.9489,-0.278,-2.72,0.08,1017910.04,,,-172.0659,2.981,1.1597,21.1438,1345658010,,,,,,,
2012-07-17,119031,9.8723,10.131,9.8531,10.0927,0.1438,1.45,0.09,1232952.5,,,-174.5524,3.0241,1.1764,21.4494,1365103935,,,,,,,
2012-07-18,85500,9.9394,10.131,9.9394,10.0831,-0.0096,-0.1,0.07,896995.56,,,-174.3866,3.0212,1.1753,21.429,1363807540,,,,,,,
2012-07-19,145900,10.1694,10.2365,9.9969,10.2077,0.1246,1.24,0.11,1548823.47,,,-176.5416,3.0586,1.1898,21.6938,1380660675,,,,,,,
2012-07-20,84418,10.3515,10.3515,10.0735,10.2077,0,0,0.07,894911.91,,,-176.5416,3.0586,1.1898,21.6938,1380660675,,,,,,,
2012-07-23,64600,10.1598,10.294,10.016,10.2173,0.0096,0.09,0.05,684610.63,,,-176.7073,3.0614,1.1909,21.7142,1381957070,,,,,,,
2012-07-24,70149,9.8914,10.3132,9.8914,10.2461,0.0288,0.28,0.05,747707.67,,,-177.2046,3.07,1.1943,21.7753,1385846255,,,,,,,
2012-07-25,92767,10.0735,10.2844,10.0735,10.2173,-0.0288,-0.28,0.07,987683.44,,,-176.7073,3.0614,1.1909,21.7142,1381957070,,,,,,,
2012-07-26,131501,10.0735,10.2748,10.0735,10.2173,0,0,0.1,1394991.52,,,-176.7073,3.0614,1.1909,21.7142,1381957070,,,,,,,
2012-07-27,168958,10.2748,10.3419,10.1023,10.1215,-0.0958,-0.94,0.13,1796863.03,,,-175.0497,3.0327,1.1798,21.5105,1368993120,,,,,,,
2012-07-30,183400,9.9873,10.1406,9.8243,9.9585,-0.163,-1.61,0.14,1906573.56,,,-172.2316,2.9839,1.1608,21.1642,1346954405,,,,,,,
2012-07-31,186100,9.8723,9.9202,9.6326,9.8627,-0.0958,-0.96,0.14,1901017,,,-170.574,2.9552,1.1496,20.9605,1333990455,,,,,,,
2012-08-01,85700,9.671,9.9681,9.671,9.8914,0.0287,0.29,0.07,878111,,,-171.0713,2.9638,1.153,21.0216,1337879640,,,,,,,
2012-08-02,129900,9.6806,9.8914,9.5847,9.7668,-0.1246,-1.26,0.1,1312168.89,,,-168.9163,2.9265,1.1384,20.7568,1321026505,,,,,,,
2012-08-03,90440,9.7477,9.8339,9.6326,9.8243,0.0575,0.59,0.07,917596.4,,,-169.9109,2.9437,1.1451,20.879,1328804875,,,,,,,
2012-08-06,199121,9.8531,10.2365,9.7285,10.2269,0.4026,4.1,0.15,2070931.22,,,-176.8731,3.0643,1.1921,21.7346,1383253465,,,,,,,
2012-08-07,324632,10.0735,10.5049,10.0064,10.4473,0.2204,2.16,0.25,3472567.68,,,-180.6857,3.1304,1.2178,22.2031,1413070550,,,,,,,
2012-08-08,151910,10.3036,10.4953,10.1598,10.3611,-0.0862,-0.83,0.12,1636822.32,,,-179.1938,3.1045,1.2077,22.0197,1401402995,,,,,,,
2012-08-09,134894,10.3611,10.3611,10.1694,10.3132,-0.0479,-0.46,0.1,1442383.49,,,-178.365,3.0902,1.2021,21.9179,1394921020,,,,,,,
2012-08-10,226600,10.3132,10.5432,10.3036,10.3898,0.0766,0.74,0.17,2470439.92,,,-179.6911,3.1131,1.2111,22.0808,1405292180,,,,,,,
2012-08-13,159600,10.294,10.3803,10.1119,10.2365,-0.1533,-1.48,0.12,1697249,,,-177.0389,3.0672,1.1932,21.7549,1384549860,,,,,,,
2012-08-14,55190,10.0927,10.294,10.064,10.2844,0.0479,0.47,0.04,587443.8,,,-177.8677,3.0815,1.1988,21.8568,1391031835,,,,,,,
2012-08-15,111770,10.1119,10.3994,10.1119,10.2077,-0.0767,-0.75,0.09,1200217,,,-176.5416,3.0586,1.1898,21.6938,1380660675,,,,,,,
2012-08-16,74000,10.2077,10.3419,10.1694,10.2173,0.0096,0.09,0.06,790250,,,-176.7073,3.0614,1.1909,21.7142,1381957070,,,,,,,
2012-08-17,1039407,10.524,11.2429,10.4186,11.2429,1.0256,10.04,0.8,12135554.97,,,-194.4444,3.3687,1.3105,23.8937,1520671335,,,,,,,
2012-08-20,1816571,11.5975,11.5975,11.2429,11.4537,0.2108,1.87,1.4,21663452.23,,,-198.0913,3.4319,1.3351,24.3419,1549192025,,,,,,,
2012-08-21,1874788,11.3196,12.6039,11.032,12.0001,0.5464,4.77,1.45,23109063.78,,,-207.54,3.5956,1.3988,25.503,1623086540,,,,,,,
2012-08-22,1100054,11.8371,11.8563,11.4058,11.5017,-0.4984,-4.15,0.85,13313779.6,,,-198.9201,3.4463,1.3407,24.4437,1555674000,,,,,,,
2012-08-23,905733,11.3771,11.7413,11.1279,11.4633,-0.0384,-0.33,0.7,10760851.01,,,-198.257,3.4348,1.3362,24.3623,1550488420,,,,,,,
2012-08-24,888991,11.147,11.3866,10.6007,10.7541,-0.7092,-6.19,0.69,10147529.69,,,-185.9903,3.2223,1.2535,22.8549,1454555190,,,,,,,
2012-08-27,382742,10.7636,10.8307,10.5432,10.5719,-0.1822,-1.69,0.3,4244576.91,,,-182.8407,3.1677,1.2323,22.4679,1429923685,,,,,,,
2012-08-28,471567,10.5432,11.0033,10.4569,10.8691,0.2972,2.81,0.36,5301774.16,,,-187.9795,3.2567,1.2669,23.0993,1470111930,,,,,,,
2012-08-29,238307,10.802,10.8882,10.6486,10.7732,-0.0959,-0.88,0.18,2675021.49,,,-186.3218,3.228,1.2557,22.8956,1457147980,,,,,,,
2012-08-30,320935,10.7636,10.7636,10.3611,10.5528,-0.2204,-2.05,0.25,3515941.5,,,-182.5092,3.162,1.2301,22.4271,1427330895,,,,,,,
2012-08-31,347486,10.4569,11.0608,10.3323,10.802,0.2492,2.36,0.27,3905364.21,,,-186.8191,3.2366,1.2591,22.9567,1461037165,,,,,,,
2012-09-03,259490,10.802,10.8787,10.5432,10.8499,0.0479,0.44,0.2,2915202.85,,,-187.6479,3.251,1.2647,23.0586,1467519140,,,,,,,
2012-09-04,183938,10.8307,10.8499,10.524,10.5432,-0.3067,-2.83,0.14,2046854.62,,,-182.3434,3.1591,1.2289,22.4068,1426034500,,,,,,,
2012-09-05,387035,11.5975,11.5975,10.5432,10.7828,0.2396,2.27,0.3,4418556.96,,,-186.4876,3.2309,1.2569,22.916,1458444375,,,,,,,
2012-09-06,323619,10.8116,10.8211,10.639,10.7541,-0.0287,-0.27,0.25,3615065.71,,,-185.9903,3.2223,1.2535,22.8549,1454555190,,,,,,,
2012-09-07,477557,10.7541,11.1566,10.687,11.0704,0.3163,2.94,0.37,5488773.1,,,-191.4606,3.317,1.2904,23.5271,1497336225,,,,,,,
2012-09-10,251519,11.0128,11.3483,10.9266,11.1279,0.0575,0.52,0.19,2923483.77,,,-192.4552,3.3343,1.2971,23.6493,1505114595,,,,,,,
2012-09-11,365889,11.0991,11.31,10.9457,11.262,0.1341,1.21,0.28,4283770.69,,,-194.7759,3.3745,1.3127,23.9345,1523264125,,,,,,,
2012-09-12,895129,11.4058,11.5975,10.9266,11.2908,0.0288,0.26,0.69,10345446.48,,,-195.2732,3.3831,1.3161,23.9956,1527153310,,,,,,,
2012-09-13,413046,11.1183,11.4825,11.0224,11.1183,-0.1725,-1.53,0.32,4840286.95,,,-192.2894,3.3314,1.296,23.6289,1503818200,,,,,,,
2012-09-14,182800,11.2716,11.2716,11.0416,11.0895,-0.0288,-0.26,0.14,2121060.02,,,-191.7921,3.3228,1.2926,23.5678,1499929015,,,,,,,
2012-09-17,168850,11.1279,11.1279,10.7253,10.7349,-0.3546,-3.2,0.13,1921107.45,,,-185.6587,3.2165,1.2513,22.8141,1451962400,,,,,,,
2012-09-18,74981,10.7924,10.8403,10.6103,10.7253,-0.0096,-0.09,0.06,838968.23,,,-185.493,3.2136,1.2502,22.7938,1450666005,,,,,,,
2012-09-19,98092,10.6103,10.8116,10.6103,10.7636,0.0383,0.36,0.08,1096211.63,,,-186.156,3.2251,1.2546,22.8753,1455851585,,,,,,,
2012-09-20,169099,10.7157,11.1183,10.5049,10.524,-0.2396,-2.23,0.13,1891597.89,,,-182.0119,3.1533,1.2267,22.366,1423441710,,,,,,,
2012-09-21,195591,10.5049,10.524,10.1598,10.2077,-0.3163,-3.01,0.15,2102308.7,,,-176.5416,3.0586,1.1898,21.6938,1380660675,,,,,,,
2012-09-24,145822,10.0544,10.2461,9.8531,10.2269,0.0192,0.19,0.11,1520918.66,,,-176.8731,3.0643,1.1921,21.7346,1383253465,,,,,,,
2012-09-25,68961,10.2269,10.3227,10.0927,10.1981,-0.0288,-0.28,0.05,732478.79,,,-176.3758,3.0557,1.1887,21.6734,1379364280,,,,,,,
2012-09-26,162065,10.1886,10.1886,9.7668,9.8627,-0.3354,-3.29,0.12,1668592,,,-170.574,2.9552,1.1496,20.9605,1333990455,,,,,,,
2012-09-27,166700,9.6806,10.0544,9.6806,9.8723,0.0096,0.1,0.13,1719378.46,,,-170.7397,2.958,1.1507,20.9809,1335286850,,,,,,,
2012-09-28,133698,9.786,10.0544,9.786,10.0448,0.1725,1.75,0.1,1394295.12,,,-173.7235,3.0097,1.1708,21.3475,1358621960,,,,,,,
2012-10-08,99651,9.901,10.1023,9.901,10.0927,0.0479,0.48,0.08,1044204.42,,,-658.3439,2.8986,1.2014,38.5104,1365103935,,,,,,,
2012-10-09,124992,10.1981,10.3515,10.0927,10.3036,0.2109,2.09,0.1,1339083.64,,,-672.0984,2.9592,1.2265,39.315,1393624625,,,,,,,
2012-10-10,96350,10.3036,10.5144,10.1694,10.3419,0.0383,0.37,0.07,1038286,,,-674.5993,2.9702,1.2311,39.4613,1398810205,,,,,,,
2012-10-11,165258,10.3036,10.3419,10.1119,10.2748,-0.0671,-0.65,0.13,1764034.76,,,-670.2228,2.9509,1.2231,39.2053,1389735440,,,,,,,
2012-10-12,198202,10.3994,10.7636,10.3515,10.4953,0.2205,2.15,0.15,2173206.62,,,-684.6026,3.0143,1.2493,40.0465,1419552525,,,,,,,
2012-10-15,231232,10.5336,10.5336,10.064,10.3036,-0.1917,-1.83,0.18,2477696.22,,,-672.0984,2.9592,1.2265,39.315,1393624625,,,,,,,
2012-10-16,154901,10.409,10.4282,10.1406,10.3994,0.0958,0.93,0.12,1670823.74,,,-678.3505,2.9867,1.2379,39.6807,1406588575,,,,,,,
2012-10-17,69604,10.4473,10.4473,10.294,10.4186,0.0192,0.18,0.05,752387.03,,,-679.6009,2.9922,1.2402,39.7539,1409181365,,,,,,,
2012-10-18,136574,10.4282,10.6295,10.3803,10.5911,0.1725,1.66,0.11,1499361.86,,,-690.8547,3.0418,1.2607,40.4122,1432516475,,,,,,,
2012-10-19,139881,10.6007,10.8691,10.5528,10.6582,0.0671,0.63,0.11,1558848.59,,,-695.2311,3.0611,1.2687,40.6682,1441591240,,,,,,,
2012-10-22,98503,10.6678,10.7157,10.5336,10.6678,0.0096,0.09,0.08,1089049.92,,,-695.8563,3.0638,1.2699,40.7048,1442887635,,,,,,,
2012-10-23,320991,10.5624,11.0033,10.5624,10.8307,0.1629,1.53,0.25,3613149.67,,,-706.4849,3.1106,1.2893,41.3265,1464926350,,,,,,,
2012-10-24,177299,10.7349,10.9457,10.639,10.8499,0.0192,0.18,0.14,2010907.08,,,-707.7353,3.1161,1.2916,41.3996,1467519140,,,,,,,
2012-10-25,46400,10.9362,10.9362,10.639,10.6774,-0.1725,-1.59,0.04,519905,,,-696.4816,3.0666,1.271,40.7413,1444184030,,,,,,,
2012-10-26,93047,10.7061,10.7061,10.4569,10.6007,-0.0767,-0.72,0.07,1021410.68,,,-691.4799,3.0445,1.2619,40.4487,1433812870,,,,,,,
2012-10-29,322000,10.4282,11.262,10.4282,10.9362,0.3355,3.16,0.25,3684324.48,,,-713.3622,3.1409,1.3018,41.7288,1479186695,,,,,,,
2012-10-30,174376,10.9362,11.0224,10.7636,10.8595,-0.0767,-0.7,0.13,1988871.58,,,-708.3605,3.1189,1.2927,41.4362,1468815535,,,,,,,
2012-10-31,64350,10.7445,10.8595,10.6582,10.8595,0,0,0.05,724458.5,,,-708.3605,3.1189,1.2927,41.4362,1468815535,,,,,,,
2012-11-01,127010,10.6774,11.0224,10.6678,10.8882,0.0287,0.26,0.1,1452450.8,,,-710.2361,3.1271,1.2961,41.5459,1472704720,,,,,,,
2012-11-02,127801,10.802,11.195,10.802,10.9649,0.0767,0.7,0.1,1471286.4,,,-715.2378,3.1491,1.3052,41.8385,1483075880,,,,,,,
2012-11-05,82301,10.9074,11.0224,10.8211,10.9841,0.0192,0.18,0.06,937172.45,,,-716.4882,3.1546,1.3075,41.9116,1485668670,,,,,,,
2012-11-06,103233,10.8978,11.0033,10.7061,10.802,-0.1821,-1.66,0.08,1161212.57,,,-704.6093,3.1023,1.2859,41.2168,1461037165,,,,,,,
2012-11-07,70000,10.9074,10.9074,10.687,10.802,0,0,0.05,783521,,,-704.6093,3.1023,1.2859,41.2168,1461037165,,,,,,,
2012-11-08,153056,10.8691,10.9266,10.4761,10.5719,-0.2301,-2.13,0.12,1688348.74,,,-689.6043,3.0363,1.2585,40.339,1429923685,,,,,,,
2012-11-09,91300,10.3611,10.639,10.3515,10.4569,-0.115,-1.09,0.07,998723,,,-682.1018,3.0032,1.2448,39.9002,1414366945,,,,,,,
2012-11-12,95506,10.6295,10.7828,10.3611,10.3707,-0.0862,-0.82,0.07,1047706.36,,,-676.4749,2.9785,1.2345,39.571,1402699390,,,,,,,
2012-11-13,184800,10.4473,10.524,10.064,10.1119,-0.2588,-2.5,0.14,1967216.5,,,-659.5943,2.9041,1.2037,38.5836,1367696725,,,,,,,
2012-11-14,42560,10.2077,10.2077,9.9873,10.179,0.0671,0.66,0.03,449142,,,-663.9707,2.9234,1.2117,38.8396,1376771490,,,,,,,
2012-11-15,107738,10.1119,10.2173,10.064,10.1406,-0.0384,-0.38,0.08,1141449.04,,,-661.4699,2.9124,1.2071,38.6933,1371585910,,,,,,,
2012-11-16,67798,10.131,10.1406,9.9969,10.1119,-0.0287,-0.28,0.05,711689.9,,,-659.5943,2.9041,1.2037,38.5836,1367696725,,,,,,,
2012-11-19,84079,9.9873,10.3036,9.9873,10.3036,0.1917,1.9,0.06,890339.89,,,-672.0984,2.9592,1.2265,39.315,1393624625,,,,,,,
2012-11-20,131810,10.3323,10.4378,10.2269,10.2269,-0.0767,-0.74,0.1,1420034.71,,,-667.0968,2.9372,1.2174,39.0224,1383253465,,,,,,,
2012-11-21,78399,10.2844,10.3515,10.1598,10.3227,0.0958,0.94,0.06,835430.4,,,-673.3489,2.9647,1.2288,39.3882,1396217415,,,,,,,
2012-11-22,110472,10.4378,10.4378,10.1694,10.3323,0.0096,0.09,0.09,1182640.83,,,-673.9741,2.9675,1.2299,39.4247,1397513810,,,,,,,
2012-11-23,113456,10.4761,10.8116,10.2652,10.409,0.0767,0.74,0.09,1247444.75,,,-678.9757,2.9895,1.2391,39.7173,1407884970,,,,,,,
2012-11-26,358180,10.3611,10.524,10.3611,10.4186,0.0096,0.09,0.28,3903343.11,,,-679.6009,2.9922,1.2402,39.7539,1409181365,,,,,,,
2012-11-27,33450,10.4282,10.5336,10.1598,10.2461,-0.1725,-1.66,0.03,357046,,,-668.3472,2.9427,1.2197,39.0956,1385846255,,,,,,,
2012-11-28,26301,10.1023,10.2365,10.064,10.1119,-0.1342,-1.31,0.02,277699.5,,,-659.5943,2.9041,1.2037,38.5836,1367696725,,,,,,,
2012-11-29,54300,10.2365,10.2365,9.8435,9.9681,-0.1438,-1.42,0.04,569054,,,-650.2162,2.8629,1.1866,38.035,1348250800,,,,,,,
2012-11-30,80611,9.786,9.9489,9.7764,9.9202,-0.0479,-0.48,0.06,826184.97,,,-647.0901,2.8491,1.1809,37.8521,1341768825,,,,,,,
2012-12-03,73940,9.6806,9.9489,9.4985,9.6997,-0.2205,-2.22,0.06,747841.2,,,-632.7104,2.7858,1.1546,37.011,1311951740,,,,,,,
2012-12-04,138815,9.6806,9.6806,9.0096,9.3834,-0.3163,-3.26,0.11,1338288.86,,,-612.0785,2.6949,1.117,35.8041,1269170705,,,,,,,
2012-12-05,189821,9.4409,9.6806,9.163,9.6231,0.2397,2.55,0.15,1885452.98,,,-627.7087,2.7638,1.1455,36.7184,1301580580,,,,,,,
2012-12-06,123500,9.6231,9.6422,9.393,9.4985,-0.1246,-1.29,0.1,1226162,,,-619.581,2.728,1.1307,36.243,1284727445,,,,,,,
2012-12-07,286551,9.4026,9.6135,9.4026,9.5943,0.0958,1.01,0.22,2842717.59,,,-625.8331,2.7555,1.1421,36.6087,1297691395,,,,,,,
2012-12-10,231648,9.5368,9.7764,9.4697,9.7764,0.1821,1.9,0.18,2341820.17,,,-637.712,2.8078,1.1638,37.3035,1322322900,,,,,,,
2012-12-11,330080,10.2173,10.3515,9.8243,9.9585,0.1821,1.86,0.25,3458950.95,,,-649.591,2.8601,1.1854,37.9984,1346954405,,,,,,,
2012-12-12,152037,9.6806,9.8531,9.671,9.8243,-0.1342,-1.35,0.12,1545559.92,,,-640.8381,2.8216,1.1695,37.4864,1328804875,,,,,,,
2012-12-13,145939,9.7764,9.7764,9.5464,9.5464,-0.2779,-2.83,0.11,1467773.55,,,-622.707,2.7417,1.1364,36.4258,1291209420,,,,,,,
2012-12-14,271967,9.4793,9.8627,9.4697,9.8435,0.2971,3.11,0.21,2771118.52,,,-642.0885,2.8271,1.1718,37.5595,1331397665,,,,,,,
2012-12-17,572720,9.8435,10.2461,9.7764,10.0064,0.1629,1.65,0.44,5992669.08,,,-652.717,2.8739,1.1912,38.1813,1353436380,,,,,,,
2012-12-18,305450,9.901,10.0831,9.8531,9.9489,-0.0575,-0.57,0.24,3190395.12,,,-648.9658,2.8574,1.1843,37.9618,1345658010,,,,,,,
2012-12-19,314050,9.8723,10.2077,9.8723,10.0544,0.1055,1.06,0.24,3275546.44,,,-655.843,2.8876,1.1969,38.3641,1359918355,,,,,,,
2012-12-20,69060,9.9681,10.0544,9.8818,10.0352,-0.0192,-0.19,0.05,717082.44,,,-654.5926,2.8821,1.1946,38.291,1357325565,,,,,,,
2012-12-21,109022,10.1502,10.1598,9.8914,9.9394,-0.0958,-0.95,0.08,1138320.76,,,-648.3405,2.8546,1.1832,37.9253,1344361615,,,,,,,
2012-12-24,119001,9.9202,9.9873,9.8627,9.9681,0.0287,0.29,0.09,1232136.63,,,-650.2162,2.8629,1.1866,38.035,1348250800,,,,,,,
2012-12-25,335153,10.1215,10.3898,10.016,10.3707,0.4026,4.04,0.26,3583546.5,,,-676.4749,2.9785,1.2345,39.571,1402699390,,,,,,,
2012-12-26,369907,10.2652,10.639,10.2652,10.524,0.1533,1.48,0.29,4021757.63,,,-686.4782,3.0225,1.2528,40.1562,1423441710,,,,,,,
2012-12-27,441989,10.9745,10.9745,10.4282,10.4665,-0.0575,-0.55,0.34,4932621.54,,,-682.727,3.006,1.2459,39.9367,1415663340,,,,,,,
2012-12-28,157000,10.3803,10.5432,10.3611,10.4665,0,0,0.12,1706629.07,,,-682.727,3.006,1.2459,39.9367,1415663340,,,,,,,
2012-12-31,298850,10.4953,10.5432,10.3707,10.4569,-0.0096,-0.09,0.23,3251194,,,-879.7157,2.9938,1.1848,20.0387,1414366945,,,,,,,
2013-01-04,166898,10.4473,10.4569,10.2461,10.2844,-0.1725,-1.65,0.13,1796793.62,,,-865.2016,2.9444,1.1652,19.7081,1391031835,,,,,,,
2013-01-07,278407,10.2748,10.3707,10.1981,10.2652,-0.0192,-0.19,0.21,2975952.27,,,-863.589,2.9389,1.163,19.6713,1388439045,,,,,,,
2013-01-08,360077,10.2269,10.3515,10.2173,10.3227,0.0575,0.56,0.28,3865213.58,,,-868.427,2.9554,1.1696,19.7815,1396217415,,,,,,,
2013-01-09,419847,10.3227,10.3803,10.2557,10.3323,0.0096,0.09,0.32,4518310.31,,,-869.2333,2.9581,1.1706,19.7999,1397513810,,,,,,,
2013-01-10,336237,10.2652,10.4186,10.2652,10.4186,0.0863,0.84,0.26,3632516.99,,,-876.4904,2.9828,1.1804,19.9652,1409181365,,,,,,,
2013-01-11,372380,10.5432,10.5432,10.0448,10.2269,-0.1917,-1.84,0.29,3997308.4,,,-860.3636,2.9279,1.1587,19.5979,1383253465,,,,,,,
2013-01-14,398188,10.1598,10.4953,10.0831,10.4569,0.23,2.25,0.31,4298026.23,,,-879.7157,2.9938,1.1848,20.0387,1414366945,,,,,,,
2013-01-15,491230,10.4761,10.8787,10.3803,10.7061,0.2492,2.38,0.38,5431839.4,,,-900.6805,3.0651,1.213,20.5162,1448073215,,,,,,,
2013-01-16,199100,10.7349,10.8116,10.4761,10.6486,-0.0575,-0.54,0.15,2200680.88,,,-895.8425,3.0487,1.2065,20.406,1440294845,,,,,,,
2013-01-17,196415,10.524,10.6678,10.3803,10.5336,-0.115,-1.08,0.15,2154883.64,,,-886.1664,3.0157,1.1935,20.1856,1424738105,,,,,,,
2013-01-18,308347,10.4282,10.6295,10.3707,10.6199,0.0863,0.82,0.24,3389972.52,,,-893.4235,3.0404,1.2032,20.3509,1436405660,,,,,,,
2013-01-21,251416,10.6582,10.6582,10.4857,10.5815,-0.0384,-0.36,0.19,2768140.64,,,-890.1981,3.0294,1.1989,20.2775,1431220080,,,,,,,
2013-01-22,566061,10.6774,10.7828,10.5624,10.6199,0.0384,0.36,0.44,6313276.61,,,-893.4235,3.0404,1.2032,20.3509,1436405660,,,,,,,
2013-01-23,341598,10.7349,10.7349,10.4761,10.7349,0.115,1.08,0.26,3795004.56,,,-903.0996,3.0734,1.2163,20.5713,1451962400,,,,,,,
2013-01-24,441611,10.8499,10.8787,10.5049,10.7349,0,0,0.34,4924010.08,,,-903.0996,3.0734,1.2163,20.5713,1451962400,,,,,,,
2013-01-25,166900,10.8211,10.8211,10.639,10.7061,-0.0288,-0.27,0.13,1861679.83,,,-900.6805,3.0651,1.213,20.5162,1448073215,,,,,,,
2013-01-28,755623,10.802,11.4921,10.639,11.0416,0.3355,3.13,0.58,8808242.37,,,-928.9024,3.1612,1.251,21.1591,1493447040,,,,,,,
2013-01-29,844219,11.0033,11.1758,9.9394,11.1279,0.0863,0.78,0.65,9508041.54,,,-936.1595,3.1859,1.2608,21.3244,1505114595,,,,,,,
2013-01-30,568016,11.1087,11.1087,10.7732,10.917,-0.2109,-1.9,0.44,6453638.74,,,-918.42,3.1255,1.2369,20.9203,1476593905,,,,,,,
2013-01-31,504638,10.802,10.802,10.3898,10.5815,-0.3355,-3.07,0.39,5563537.3,,,-890.1981,3.0294,1.1989,20.2775,1431220080,,,,,,,
2013-02-01,376481,10.6295,10.7541,10.4665,10.6295,0.048,0.45,0.29,4175095.76,,,-894.2298,3.0432,1.2043,20.3693,1437702055,,,,,,,
2013-02-04,588375,10.7349,10.7541,10.524,10.639,0.0095,0.09,0.45,6528777.08,,,-895.0362,3.0459,1.2054,20.3877,1438998450,,,,,,,
2013-02-05,937791,10.7157,11.6838,10.6295,10.9649,0.3259,3.06,0.72,11018760.2,,,-922.4517,3.1392,1.2423,21.0121,1483075880,,,,,,,
2013-02-06,717753,10.8499,11.0799,9.8818,11.0799,0.115,1.05,0.55,7777160.58,,,-932.1278,3.1721,1.2554,21.2326,1498632620,,,,,,,
2013-02-07,1114471,10.8403,11.3962,10.8307,11.262,0.1821,1.64,0.86,13055140.76,,,-947.4482,3.2243,1.276,21.5815,1523264125,,,,,,,
2013-02-08,301441,11.0895,11.3004,11.032,11.1662,-0.0958,-0.85,0.23,3516711.92,,,-939.3848,3.1968,1.2651,21.3979,1510300175,,,,,,,
2013-02-18,256942,11.2812,11.3004,11.032,11.1183,-0.0479,-0.43,0.2,2990369.5,,,-935.3531,3.1831,1.2597,21.306,1503818200,,,,,,,
2013-02-19,283333,11.2141,11.2141,10.9937,11.0512,-0.0671,-0.6,0.22,3265998.69,,,-929.7087,3.1639,1.2521,21.1774,1494743435,,,,,,,
2013-02-20,337153,11.0224,11.1183,10.7924,11.1183,0.0671,0.61,0.26,3868747.85,,,-935.3531,3.1831,1.2597,21.306,1503818200,,,,,,,
2013-02-21,284979,11.0799,11.0799,10.7636,10.8307,-0.2876,-2.59,0.22,3231421.24,,,-911.163,3.1008,1.2271,20.755,1464926350,,,,,,,
2013-02-22,232541,10.9649,10.9649,10.639,10.7732,-0.0575,-0.53,0.18,2613043.8,,,-906.3249,3.0843,1.2206,20.6448,1457147980,,,,,,,
2013-02-25,278762,10.7828,10.9074,10.6774,10.8403,0.0671,0.62,0.22,3138100.97,,,-911.9693,3.1035,1.2282,20.7734,1466222745,,,,,,,
2013-02-26,169589,10.9457,10.9457,10.639,10.7828,-0.0575,-0.53,0.13,1909676.48,,,-907.1313,3.0871,1.2217,20.6632,1458444375,,,,,,,
2013-02-27,138656,10.802,10.8595,10.6678,10.7253,-0.0575,-0.53,0.11,1552054.69,,,-902.2932,3.0706,1.2152,20.553,1450666005,,,,,,,
2013-02-28,477265,10.7253,10.8787,10.6678,10.8307,0.1054,0.98,0.37,5368860.39,,,-911.163,3.1008,1.2271,20.755,1464926350,,,,,,,
2013-03-01,350609,10.9553,10.9841,10.7924,10.9841,0.1534,1.42,0.27,3971209.52,,,-924.0644,3.1447,1.2445,21.0489,1485668670,,,,,,,
2013-03-04,539155,10.8978,10.9266,10.639,10.6965,-0.2876,-2.62,0.42,6052985.13,,,-899.8742,3.0624,1.2119,20.4979,1446776820,,,,,,,
2013-03-05,375665,10.8211,10.8211,10.6295,10.7924,0.0959,0.9,0.29,4203651.02,,,-907.9376,3.0898,1.2228,20.6815,1459740770,,,,,,,
2013-03-06,584143,10.7349,10.8882,10.639,10.8499,0.0575,0.53,0.45,6569432.55,,,-912.7756,3.1063,1.2293,20.7917,1467519140,,,,,,,
2013-03-07,442556,10.8307,10.9649,10.7445,10.9074,0.0575,0.53,0.34,5008551.28,,,-917.6137,3.1227,1.2358,20.9019,1475297510,,,,,,,
2013-03-08,399688,10.7924,10.9649,10.687,10.7636,-0.1438,-1.32,0.31,4510773.32,,,-905.5186,3.0816,1.2195,20.6264,1455851585,,,,,,,
2013-03-11,357353,10.7636,10.8787,10.5719,10.7253,-0.0383,-0.36,0.28,4003468.21,,,-902.2932,3.0706,1.2152,20.553,1450666005,,,,,,,
2013-03-12,484100,10.7636,10.7828,10.294,10.4761,-0.2492,-2.32,0.37,5341062.32,,,-881.3284,2.9993,1.1869,20.0754,1416959735,,,,,,,
2013-03-13,269055,10.5432,10.5432,10.2365,10.4665,-0.0096,-0.09,0.21,2916032.82,,,-880.5221,2.9965,1.1859,20.057,1415663340,,,,,,,
2013-03-14,165547,10.3707,10.4665,10.2557,10.2557,-0.2108,-2.01,0.13,1783261.22,,,-862.7826,2.9361,1.162,19.653,1387142650,,,,,,,
2013-03-15,163572,10.2557,10.3994,10.0927,10.3036,0.0479,0.47,0.13,1759811.1,,,-866.8143,2.9499,1.1674,19.7448,1393624625,,,,,,,
2013-03-18,139624,10.1886,10.3036,10.1119,10.2077,-0.0959,-0.93,0.11,1485095.74,,,-858.7509,2.9224,1.1565,19.5611,1380660675,,,,,,,
2013-03-19,209415,10.1023,10.2365,10.0735,10.1406,-0.0671,-0.66,0.16,2213651.3,,,-853.1066,2.9032,1.1489,19.4326,1371585910,,,,,,,
2013-03-20,392464,10.1119,10.5432,10.1023,10.5432,0.4026,3.97,0.3,4234889.61,,,-886.9728,3.0185,1.1945,20.204,1426034500,,,,,,,
2013-03-21,209326,10.4857,10.7253,10.4282,10.6199,0.0767,0.73,0.16,2295525.29,,,-893.4235,3.0404,1.2032,20.3509,1436405660,,,,,,,
2013-03-22,236124,10.6103,10.7061,10.4761,10.4857,-0.1342,-1.26,0.18,2588869.36,,,-882.1348,3.002,1.188,20.0938,1418256130,,,,,,,
2013-03-25,194926,10.5911,10.6007,10.4473,10.5624,0.0767,0.73,0.15,2142311,,,-888.5855,3.024,1.1967,20.2407,1428627290,,,,,,,
2013-03-26,147046,10.5144,10.5336,10.4282,10.4857,-0.0767,-0.73,0.11,1607342.08,,,-882.1348,3.002,1.188,20.0938,1418256130,,,,,,,
2013-03-27,152900,10.5336,10.5719,10.4665,10.5719,0.0862,0.82,0.12,1680378.37,,,-889.3918,3.0267,1.1978,20.2591,1429923685,,,,,,,
2013-03-28,208236,10.5432,10.5528,10.2557,10.4378,-0.1341,-1.27,0.16,2253149.45,,,-878.1031,2.9883,1.1826,20.0019,1411774155,,,,,,,
2013-03-29,172799,10.2557,10.4378,10.1598,10.3132,-0.1246,-1.19,0.13,1850562.39,,,-867.6207,2.9526,1.1685,19.7632,1394921020,,,,,,,
2013-04-01,318214,10.3036,10.3036,10.0256,10.2557,-0.0575,-0.56,0.25,3357947.12,,,-77.3604,2.9816,1.2179,21.8674,1387142650,,,,,,,
2013-04-02,245026,10.1598,10.2461,9.9681,10.1119,-0.1438,-1.4,0.19,2580489.86,,,-76.2759,2.9398,1.2008,21.5608,1367696725,,,,,,,
2013-04-03,287550,10.0448,10.0831,9.7764,9.901,-0.2109,-2.09,0.22,2979621.5,,,-74.6853,2.8785,1.1758,21.1112,1339176035,,,,,,,
2013-04-08,342377,9.901,9.9394,9.6039,9.7956,-0.1054,-1.06,0.26,3489787.93,,,-73.89,2.8478,1.1633,20.8864,1324915690,,,,,,,
2013-04-09,635572,9.7285,10.3419,9.1151,10.3036,0.508,5.19,0.49,6585558.57,,,-77.7219,2.9955,1.2236,21.9696,1393624625,,,,,,,
2013-04-10,318074,10.1406,10.2173,9.9873,10.2173,-0.0863,-0.84,0.25,3353044.12,,,-77.0712,2.9704,1.2133,21.7856,1381957070,,,,,,,
2013-04-11,190700,10.1886,10.1886,9.9585,10.0256,-0.1917,-1.88,0.15,1997014,,,-75.6252,2.9147,1.1906,21.3769,1356029170,,,,,,,
2013-04-12,185564,9.9106,10.016,9.8243,9.8723,-0.1533,-1.53,0.14,1924345.08,,,-74.4684,2.8701,1.1724,21.0499,1335286850,,,,,,,
2013-04-15,114009,9.7764,9.8914,9.6902,9.8148,-0.0575,-0.58,0.09,1164109.27,,,-74.0346,2.8534,1.1655,20.9273,1327508480,,,,,,,
2013-04-16,97315,9.6326,9.7956,9.6326,9.7381,-0.0767,-0.78,0.08,986975.93,,,-73.4562,2.8311,1.1564,20.7638,1317137320,,,,,,,
2013-04-17,208745,9.7381,9.7956,9.671,9.7956,0.0575,0.59,0.16,2116842.85,,,-73.89,2.8478,1.1633,20.8864,1324915690,,,,,,,
2013-04-18,508429,9.8243,10.2652,9.7956,10.0256,0.23,2.35,0.39,5274690.73,,,-75.6252,2.9147,1.1906,21.3769,1356029170,,,,,,,
2013-04-19,186715,10.0352,10.1694,9.9106,10.131,0.1054,1.05,0.14,1963052.04,,,-76.4205,2.9453,1.2031,21.6017,1370289515,,,,,,,
2013-04-22,312092,10.1119,10.1119,9.8339,9.9202,-0.2108,-2.08,0.24,3228758.04,,,-74.8299,2.884,1.1781,21.1521,1341768825,,,,,,,
2013-04-23,270499,9.9489,10.0544,9.6806,9.786,-0.1342,-1.35,0.21,2765088.73,,,-73.8177,2.845,1.1621,20.866,1323619295,,,,,,,
2013-04-24,136349,9.786,9.9106,9.7285,9.8723,0.0863,0.88,0.11,1397757.24,,,-74.4684,2.8701,1.1724,21.0499,1335286850,,,,,,,
2013-04-25,264501,9.7381,9.8531,9.6806,9.6997,-0.1726,-1.75,0.2,2695656.1,,,-73.167,2.82,1.1519,20.682,1311951740,,,,,,,
2013-04-26,225280,9.7572,9.7572,9.5464,9.556,-0.1437,-1.48,0.17,2265469.24,,,-72.0825,2.7782,1.1348,20.3755,1292505815,,,,,,,
2013-05-02,156600,9.6039,9.6039,9.4601,9.4889,-0.0671,-0.7,0.12,1555470,,,-71.5764,2.7586,1.1268,20.2324,1283431050,,,,,,,
2013-05-03,132801,9.4889,9.6806,9.4889,9.6806,0.1917,2.02,0.1,1332384.99,,,-73.0224,2.8144,1.1496,20.6412,1309358950,,,,,,,
2013-05-06,235050,9.6518,9.8339,9.6135,9.8052,0.1246,1.29,0.18,2392213.68,,,-73.9623,2.8506,1.1644,20.9069,1326212085,,,,,,,
2013-05-07,547827,9.8243,9.8339,9.6039,9.6902,-0.115,-1.17,0.42,5542379.79,,,-73.0947,2.8172,1.1507,20.6616,1310655345,,,,,,,
2013-05-08,255100,9.671,9.7764,9.671,9.7572,0.067,0.69,0.2,2588114.01,,,-73.6008,2.8367,1.1587,20.8047,1319730110,,,,,,,
2013-05-09,274757,9.8052,9.8148,9.6135,9.6997,-0.0575,-0.59,0.21,2779943.93,,,-73.167,2.82,1.1519,20.682,1311951740,,,,,,,
2013-05-10,3907394,9.7764,10.6582,9.6135,10.6103,0.9106,9.39,3.01,40877782.22,,,-80.0354,3.0847,1.26,22.6235,1435109265,,,,,,,
2013-05-13,5736854,10.2748,11.4921,10.2557,11.31,0.6997,6.59,4.43,64822403.65,,,-85.3133,3.2881,1.3431,24.1154,1529746100,,,,,,,
2013-05-14,2458464,11.0128,11.0128,10.5528,10.7157,-0.5943,-5.25,1.9,27572418.39,,,-80.8307,3.1153,1.2725,22.8483,1449369610,,,,,,,
2013-05-15,1373555,10.7349,10.7349,10.3611,10.5815,-0.1342,-1.25,1.06,15026302.58,,,-79.8185,3.0763,1.2566,22.5622,1431220080,,,,,,,
2013-05-16,1094298,10.5719,10.6007,10.3803,10.5336,-0.0479,-0.45,0.84,11968697.25,,,-79.457,3.0624,1.2509,22.46,1424738105,,,,,,,
2013-05-17,995886,10.5336,10.5719,10.3611,10.524,-0.0096,-0.09,0.77,10886237.52,,,-79.3847,3.0596,1.2498,22.4396,1423441710,,,,,,,
2013-05-20,1315734,10.524,10.8211,10.4186,10.7349,0.2109,2,1.01,14612932.59,,,-80.9753,3.1209,1.2748,22.8892,1451962400,,,,,,,
2013-05-21,689995,10.7253,10.7349,10.5144,10.639,-0.0959,-0.89,0.53,7626115.52,,,-80.2523,3.093,1.2634,22.6849,1438998450,,,,,,,
2013-05-22,850969,10.639,10.639,10.4186,10.4761,-0.1629,-1.53,0.66,9339056.01,,,-79.0233,3.0457,1.2441,22.3374,1416959735,,,,,,,
2013-05-23,432700,10.3994,10.524,10.3707,10.409,-0.0671,-0.64,0.33,4715380.25,,,-78.5172,3.0262,1.2361,22.1944,1407884970,,,,,,,
2013-05-24,314244,10.4282,10.524,10.3707,10.5144,0.1054,1.01,0.24,3432383.14,,,-79.3124,3.0568,1.2486,22.4192,1422145315,,,,,,,
2013-05-27,594891,10.5049,10.5911,10.4378,10.5815,0.0671,0.64,0.46,6505969.97,,,-79.8185,3.0763,1.2566,22.5622,1431220080,,,,,,,
2013-05-28,556503,10.5815,10.6199,10.524,10.5815,0,0,0.43,6137703.25,,,-79.8185,3.0763,1.2566,22.5622,1431220080,,,,,,,
2013-05-29,539337,10.5432,10.5911,10.4953,10.5911,0.0096,0.09,0.42,5938455.94,,,-79.8908,3.0791,1.2577,22.5827,1432516475,,,,,,,
2013-05-30,1256487,10.5336,10.917,10.5144,10.6199,0.0288,0.27,0.97,14045080.36,,,-80.1077,3.0875,1.2611,22.644,1436405660,,,,,,,
2013-05-31,765032,10.6295,10.8499,10.6103,10.6486,0.0287,0.27,0.59,8576664.5,,,-80.3246,3.0958,1.2646,22.7053,1440294845,,,,,,,
2013-06-03,697306,10.6103,10.7636,10.524,10.5336,-0.115,-1.08,0.54,7744342.56,,,-79.457,3.0624,1.2509,22.46,1424738105,,,,,,,
2013-06-04,542063,10.5336,10.5336,10.1694,10.2844,-0.2492,-2.37,0.42,5842929.01,,,-77.5773,2.9899,1.2213,21.9287,1391031835,,,,,,,
2013-06-05,221959,10.2748,10.3707,10.2173,10.3036,0.0192,0.19,0.17,2384698.14,,,-77.7219,2.9955,1.2236,21.9696,1393624625,,,,,,,
2013-06-06,588925,10.294,10.294,9.9489,9.9489,-0.3547,-3.44,0.45,6174225.25,,,-75.0468,2.8924,1.1815,21.2134,1345658010,,,,,,,
2013-06-07,339254,9.9394,10.0256,9.7285,9.7764,-0.1725,-1.73,0.26,3476304.53,,,-73.7454,2.8422,1.161,20.8455,1322322900,,,,,,,
2013-06-13,279878,9.7668,9.7668,9.4889,9.5943,-0.1821,-1.86,0.22,2795126.93,,,-72.3717,2.7893,1.1394,20.4572,1297691395,,,,,,,
2013-06-14,231087,9.6614,9.7764,9.6326,9.7764,0.1821,1.9,0.18,2343906.42,,,-73.7454,2.8422,1.161,20.8455,1322322900,,,,,,,
2013-06-17,151832,9.786,9.8339,9.6902,9.7668,-0.0096,-0.1,0.12,1549212.87,,,-73.6731,2.8395,1.1598,20.8251,1321026505,,,,,,,
2013-06-18,327424,9.7668,9.9202,9.7572,9.786,0.0192,0.2,0.25,3348966.74,,,-73.8177,2.845,1.1621,20.866,1323619295,,,,,,,
2013-06-19,294910,9.7764,9.7764,9.5176,9.6518,-0.1342,-1.37,0.23,2958614.07,,,-72.8055,2.806,1.1462,20.5799,1305469765,,,,,,,
2013-06-20,287166,9.6518,9.6518,9.2588,9.3163,-0.3355,-3.48,0.22,2832932.4,,,-70.275,2.7085,1.1063,19.8646,1260095940,,,,,,,
2013-06-21,291739,9.3163,9.5751,9.0288,9.3163,0,0,0.22,2834200.35,,,-70.275,2.7085,1.1063,19.8646,1260095940,,,,,,,
2013-06-24,602726,9.3163,9.3163,8.6262,9.0863,-0.23,-2.47,0.46,5631033.38,,,-68.5398,2.6416,1.079,19.3741,1228982460,,,,,,,
2013-06-25,831238,8.9138,9.9106,8.6358,9.0096,-0.0767,-0.84,0.64,8091698.7,,,-67.9614,2.6193,1.0699,19.2106,1218611300,,,,,,,
2013-06-26,239202,8.933,9.0767,8.8275,8.9617,-0.0479,-0.53,0.18,2226389.77,,,-67.5999,2.6054,1.0642,19.1084,1212129325,,,,,,,
2013-06-27,434922,8.9905,9.0096,8.8084,8.8179,-0.1438,-1.6,0.34,4052432.18,,,-66.5155,2.5636,1.0472,18.8019,1192683400,,,,,,,
2013-06-28,258275,8.7988,8.9042,8.7029,8.7604,-0.0575,-0.65,0.2,2363005.8,,,-66.0817,2.5469,1.0403,18.6792,1184905030,,,,,,,
2013-07-01,615166,8.8084,8.8084,8.4346,8.6262,-0.1342,-1.53,0.47,5497396.66,,,106.7321,2.4673,0.9895,12.8727,1166755500,,,,,,,
2013-07-02,336084,8.7221,8.7604,8.4825,8.6646,0.0384,0.45,0.26,3013883.72,,,107.2065,2.4783,0.9939,12.9299,1171941080,,,,,,,
2013-07-03,300492,8.6262,8.655,8.4633,8.6358,-0.0288,-0.33,0.23,2684760.6,,,106.8507,2.4701,0.9906,12.887,1168051895,,,,,,,
2013-07-04,415753,8.6358,8.9425,8.5304,8.8179,0.1821,2.11,0.32,3798065.26,,,109.1039,2.5222,1.0114,13.1588,1192683400,,,,,,,
2013-07-05,285148,8.7988,8.9617,8.7796,8.8179,0,0,0.22,2648087.47,,,109.1039,2.5222,1.0114,13.1588,1192683400,,,,,,,
2013-07-08,222770,8.8179,8.8179,8.4441,8.5016,-0.3163,-3.59,0.17,1998420.89,,,105.1904,2.4317,0.9752,12.6868,1149902365,,,,,,,
2013-07-09,131820,8.377,8.5496,8.377,8.5304,0.0288,0.34,0.1,1162851.1,,,105.5462,2.4399,0.9785,12.7297,1153791550,,,,,,,
2013-07-10,248513,8.5112,8.8179,8.5112,8.8179,0.2875,3.37,0.19,2250187.36,,,109.1039,2.5222,1.0114,13.1588,1192683400,,,,,,,
2013-07-11,453540,8.8659,9.1534,8.8179,8.9905,0.1726,1.96,0.35,4245257.02,,,111.2386,2.5715,1.0312,13.4163,1216018510,,,,,,,
2013-07-12,486778,8.9713,9.1534,8.9234,8.9905,0,0,0.38,4582787.56,,,111.2386,2.5715,1.0312,13.4163,1216018510,,,,,,,
2013-07-15,446468,8.9713,9.1917,8.9234,9.0576,0.0671,0.75,0.34,4224547.63,,,112.0687,2.5907,1.0389,13.5164,1225093275,,,,,,,
2013-07-16,340317,8.9713,9.1342,8.9713,9.0767,0.0191,0.21,0.26,3215757.66,,,112.3059,2.5962,1.0411,13.545,1227686065,,,,,,,
2013-07-17,251100,9.0767,9.1151,8.9138,9.048,-0.0287,-0.32,0.19,2365483.56,,,111.9501,2.588,1.0378,13.5021,1223796880,,,,,,,
2013-07-18,265317,8.9617,9.0576,8.8755,8.9809,-0.0671,-0.74,0.2,2483038.08,,,111.12,2.5688,1.0301,13.4019,1214722115,,,,,,,
2013-07-19,316593,8.9521,9.0863,8.7892,8.8179,-0.163,-1.81,0.24,2948579.12,,,109.1039,2.5222,1.0114,13.1588,1192683400,,,,,,,
2013-07-22,161621,8.7892,8.8084,8.6454,8.7221,-0.0958,-1.09,0.12,1468089.14,,,107.918,2.4947,1.0004,13.0158,1179719450,,,,,,,
2013-07-23,370615,8.8179,8.9425,8.6262,8.9138,0.1917,2.2,0.29,3414628.65,,,110.2898,2.5496,1.0224,13.3018,1205647350,,,,,,,
2013-07-24,331594,8.8659,8.9521,8.8179,8.8946,-0.0192,-0.22,0.26,3068984.4,,,110.0526,2.5441,1.0202,13.2732,1203054560,,,,,,,
2013-07-25,1588624,8.9425,9.6039,8.8371,9.5751,0.6805,7.65,1.23,15492326.98,,,118.4726,2.7387,1.0983,14.2887,1295098605,,,,,,,
2013-07-26,1388574,9.393,9.8243,9.2013,9.4793,-0.0958,-1,1.07,13791002.89,,,117.2867,2.7113,1.0873,14.1457,1282134655,,,,,,,
2013-07-29,2832258,9.2972,10.064,9.0863,9.8723,0.393,4.15,2.18,28889237.89,,,122.1489,2.8237,1.1324,14.7321,1335286850,,,,,,,
2013-07-30,2358121,9.5751,10.2173,9.5751,9.6326,-0.2397,-2.43,1.82,24069790.99,,,119.1842,2.7552,1.1049,14.3746,1302876975,,,,,,,
2013-07-31,918235,9.6326,9.671,9.2588,9.3739,-0.2587,-2.69,0.71,9003201.92,,,115.9822,2.6812,1.0752,13.9884,1267874310,,,,,,,
2013-08-01,709451,9.3739,9.5464,9.2972,9.5272,0.1533,1.64,0.55,6999634.86,,,117.8797,2.725,1.0928,14.2172,1288616630,,,,,,,
2013-08-02,553484,9.5272,9.6518,9.4409,9.5656,0.0384,0.4,0.43,5534349.52,,,118.354,2.736,1.0972,14.2744,1293802210,,,,,,,
2013-08-05,457711,9.4889,9.7668,9.4889,9.6614,0.0958,1,0.35,4618992.14,,,119.5399,2.7634,1.1082,14.4175,1306766160,,,,,,,
2013-08-06,408428,9.6135,9.7668,9.5464,9.6326,-0.0288,-0.3,0.32,4099465.12,,,119.1842,2.7552,1.1049,14.3746,1302876975,,,,,,,
2013-08-07,498008,9.6614,9.6614,9.3451,9.4697,-0.1629,-1.69,0.38,4937019.7,,,117.1681,2.7086,1.0862,14.1314,1280838260,,,,,,,
2013-08-08,272859,9.393,9.5176,9.393,9.4697,0,0,0.21,2697282.04,,,117.1681,2.7086,1.0862,14.1314,1280838260,,,,,,,
2013-08-09,336822,9.5176,9.5176,9.393,9.4889,0.0192,0.2,0.26,3324608.22,,,117.4053,2.7141,1.0884,14.16,1283431050,,,,,,,
2013-08-12,518267,9.4889,9.6806,9.4505,9.6231,0.1342,1.41,0.4,5198367.53,,,119.0656,2.7524,1.1038,14.3603,1301580580,,,,,,,
2013-08-13,527261,9.5847,9.7764,9.5847,9.6997,0.0766,0.8,0.41,5316286.24,,,120.0143,2.7744,1.1126,14.4747,1311951740,,,,,,,
2013-08-14,1275350,9.6806,10.2365,9.5943,9.8531,0.1534,1.58,0.98,13228523.01,,,121.9118,2.8182,1.1302,14.7035,1332694060,,,,,,,
2013-08-15,1143428,10.064,10.2269,9.7956,9.8339,-0.0192,-0.19,0.88,11924310.58,,,121.6746,2.8128,1.128,14.6749,1330101270,,,,,,,
2013-08-16,663860,9.7285,9.8723,9.4985,9.5464,-0.2875,-2.92,0.51,6688477.6,,,118.1168,2.7305,1.095,14.2458,1291209420,,,,,,,
2013-08-19,463566,9.556,9.7381,9.4122,9.6231,0.0767,0.8,0.36,4624222.42,,,119.0656,2.7524,1.1038,14.3603,1301580580,,,,,,,
2013-08-20,434630,9.671,9.671,9.4697,9.6614,0.0383,0.4,0.34,4339847.57,,,119.5399,2.7634,1.1082,14.4175,1306766160,,,,,,,
2013-08-21,242925,9.5847,9.6997,9.5272,9.6806,0.0192,0.2,0.19,2436845.59,,,119.7771,2.7689,1.1104,14.4461,1309358950,,,,,,,
2013-08-22,283355,9.671,9.8243,9.6039,9.7189,0.0383,0.4,0.22,2869952.68,,,120.2515,2.7799,1.1148,14.5033,1314544530,,,,,,,
2013-08-23,450235,9.7093,9.9585,9.5368,9.7093,-0.0096,-0.1,0.35,4577313.51,,,120.1329,2.7771,1.1137,14.489,1313248135,,,,,,,
2013-08-26,464556,9.6902,9.786,9.4889,9.7764,0.0671,0.69,0.36,4682927.86,,,120.963,2.7963,1.1214,14.5891,1322322900,,,,,,,
2013-08-27,585892,9.7572,9.9969,9.6614,9.9106,0.1342,1.37,0.45,6024280.48,,,122.6233,2.8347,1.1368,14.7893,1340472430,,,,,,,
2013-08-28,812518,9.8148,10.131,9.6997,9.9489,0.0383,0.39,0.63,8419899.9,,,123.0977,2.8457,1.1412,14.8466,1345658010,,,,,,,
2013-08-29,387840,9.9489,9.9777,9.7764,9.901,-0.0479,-0.48,0.3,3995872.85,,,122.5047,2.8319,1.1357,14.775,1339176035,,,,,,,
2013-08-30,682682,9.8243,10.064,9.8243,9.9585,0.0575,0.58,0.53,7073541.73,,,123.2163,2.8484,1.1423,14.8609,1346954405,,,,,,,
2013-09-02,346195,9.8818,9.9681,9.6806,9.901,-0.0575,-0.58,0.27,3550130.48,,,122.5047,2.8319,1.1357,14.775,1339176035,,,,,,,
2013-09-03,354385,9.7477,10.0544,9.7477,10.0064,0.1054,1.06,0.27,3676359.68,,,123.8092,2.8621,1.1478,14.9324,1353436380,,,,,,,
2013-09-04,445371,9.9585,10.0544,9.8531,9.9585,-0.0479,-0.48,0.34,4621396.14,,,123.2163,2.8484,1.1423,14.8609,1346954405,,,,,,,
2013-09-05,238096,9.8723,9.9681,9.7956,9.9298,-0.0287,-0.29,0.18,2452779.89,,,122.8605,2.8402,1.139,14.8179,1343065220,,,,,,,
2013-09-06,322397,9.8723,9.9394,9.786,9.8723,-0.0575,-0.58,0.25,3309266.7,,,122.1489,2.8237,1.1324,14.7321,1335286850,,,,,,,
2013-09-09,558228,9.901,9.9777,9.7956,9.8627,-0.0096,-0.1,0.43,5755911.18,,,122.0304,2.821,1.1313,14.7178,1333990455,,,,,,,
2013-09-10,471275,9.8818,9.9106,9.8052,9.8818,0.0191,0.19,0.36,4849934.77,,,122.2675,2.8265,1.1335,14.7464,1336583245,,,,,,,
2013-09-11,592189,9.8818,9.9202,9.8339,9.901,0.0192,0.19,0.46,6102484.45,,,122.5047,2.8319,1.1357,14.775,1339176035,,,,,,,
2013-09-12,847711,9.8818,10.131,9.8435,10.0831,0.1821,1.84,0.65,8859369.69,,,124.7579,2.884,1.1566,15.0468,1363807540,,,,,,,
2013-09-13,426209,10.0448,10.131,9.8914,9.9681,-0.115,-1.14,0.33,4444839.1,,,123.3349,2.8511,1.1434,14.8752,1348250800,,,,,,,
2013-09-16,627831,9.9681,10.1215,9.8818,10.1119,0.1438,1.44,0.48,6553786.98,,,125.1137,2.8923,1.1599,15.0897,1367696725,,,,,,,
2013-09-17,364820,10.1406,10.1406,9.7668,9.8243,-0.2876,-2.84,0.28,3795437.64,,,121.556,2.81,1.1269,14.6606,1328804875,,,,,,,
2013-09-18,321827,9.6902,9.9202,9.6422,9.8531,0.0288,0.29,0.25,3288348.15,,,121.9118,2.8182,1.1302,14.7035,1332694060,,,,,,,
2013-09-23,314413,9.9298,9.9585,9.7956,9.9585,0.1054,1.07,0.24,3247031.39,,,123.2163,2.8484,1.1423,14.8609,1346954405,,,,,,,
2013-09-24,374694,9.9489,9.9489,9.8531,9.9106,-0.0479,-0.48,0.29,3870863.31,,,122.6233,2.8347,1.1368,14.7893,1340472430,,,,,,,
2013-09-25,523228,9.8818,10.064,9.8339,9.9681,0.0575,0.58,0.4,5419402.38,,,123.3349,2.8511,1.1434,14.8752,1348250800,,,,,,,
2013-09-26,357800,9.9681,10.016,9.6518,9.7764,-0.1917,-1.92,0.28,3658946.1,,,120.963,2.7963,1.1214,14.5891,1322322900,,,,,,,
2013-09-27,265476,9.6902,9.8531,9.6902,9.8052,0.0288,0.29,0.2,2714459.98,,,121.3188,2.8045,1.1247,14.632,1326212085,,,,,,,
2013-09-30,244210,9.8339,9.9585,9.8052,9.8531,0.0479,0.49,0.19,2509517.63,,,256.827,2.8128,1.1504,18.3958,1332694060,,,,,,,
2013-10-08,449527,9.9489,9.9585,9.8148,9.9489,0.0958,0.97,0.35,4640655.3,,,259.3253,2.8401,1.1616,18.5747,1345658010,,,,,,,
2013-10-09,544366,9.8818,10.0544,9.7764,10.0064,0.0575,0.58,0.42,5651353.24,,,260.8243,2.8565,1.1684,18.6821,1353436380,,,,,,,
2013-10-10,801044,9.9681,10.064,9.9489,10.0544,0.048,0.48,0.62,8368713.05,,,262.0735,2.8702,1.1739,18.7716,1359918355,,,,,,,
2013-10-11,2270739,10.1023,10.8595,10.0256,10.5144,0.46,4.58,1.75,25051104.27,,,274.0654,3.0016,1.2277,19.6305,1422145315,,,,,,,
2013-10-14,1080586,10.409,10.5336,10.2652,10.4186,-0.0958,-0.91,0.83,11669512.7,,,271.5671,2.9742,1.2165,19.4516,1409181365,,,,,,,
2013-10-15,763812,10.3515,10.4473,10.179,10.2652,-0.1534,-1.47,0.59,8193273.49,,,267.5698,2.9304,1.1986,19.1653,1388439045,,,,,,,
2013-10-16,1678259,10.2461,10.6965,10.1598,10.5719,0.3067,2.99,1.29,18224354.62,,,275.5644,3.018,1.2344,19.7379,1429923685,,,,,,,
2013-10-17,937847,10.5719,10.6582,10.2269,10.2557,-0.3162,-2.99,0.72,10236546.41,,,267.32,2.9277,1.1975,19.1474,1387142650,,,,,,,
2013-10-18,594800,10.2557,10.524,10.2269,10.3898,0.1341,1.31,0.46,6450997.24,,,270.8176,2.966,1.2131,19.3979,1405292180,,,,,,,
2013-10-21,1455419,10.5432,10.6295,10.294,10.5432,0.1534,1.48,1.12,15931283.39,,,274.8149,3.0098,1.231,19.6842,1426034500,,,,,,,
2013-10-22,2114493,10.4569,10.8307,10.4569,10.687,0.1438,1.36,1.63,23462249.28,,,278.5624,3.0508,1.2478,19.9526,1445480425,,,,,,,
2013-10-23,1270138,10.7924,10.8116,10.1886,10.1981,-0.4889,-4.57,0.98,13801349.22,,,265.821,2.9113,1.1907,19.04,1379364280,,,,,,,
2013-10-24,614330,10.1598,10.2652,9.9873,10.2077,0.0096,0.09,0.47,6494881.12,,,266.0708,2.914,1.1919,19.0579,1380660675,,,,,,,
2013-10-25,451091,10.2077,10.2077,9.9106,9.9489,-0.2588,-2.54,0.35,4719525.99,,,259.3253,2.8401,1.1616,18.5747,1345658010,,,,,,,
2013-10-28,405475,9.8627,10.2461,9.8627,10.0544,0.1055,1.06,0.31,4237081.56,,,262.0735,2.8702,1.1739,18.7716,1359918355,,,,,,,
2013-10-29,843928,10.0352,10.2077,9.3739,9.4314,-0.623,-6.2,0.65,8579737.68,,,245.8344,2.6924,1.1012,17.6084,1275652680,,,,,,,
2013-10-30,458414,9.5656,9.8531,9.4505,9.7668,0.3354,3.56,0.35,4621999.48,,,254.5785,2.7881,1.1404,18.2347,1321026505,,,,,,,
2013-10-31,387445,9.8339,9.8914,9.4889,9.6326,-0.1342,-1.37,0.3,3900173.83,,,251.0809,2.7498,1.1247,17.9842,1302876975,,,,,,,
2013-11-01,310965,9.6135,9.7189,9.5176,9.5656,-0.067,-0.7,0.24,3117923.53,,,249.3321,2.7307,1.1169,17.859,1293802210,,,,,,,
2013-11-04,320632,9.6518,9.7764,9.5272,9.7572,0.1916,2,0.25,3224724.43,,,254.3287,2.7854,1.1393,18.2168,1319730110,,,,,,,
2013-11-05,408346,9.7572,9.901,9.5847,9.8148,0.0576,0.59,0.32,4146667.58,,,255.8277,2.8018,1.146,18.3242,1327508480,,,,,,,
2013-11-06,1054675,9.8148,10.3898,9.7285,10.0448,0.23,2.34,0.81,11058307.66,,,261.8237,2.8675,1.1728,18.7537,1358621960,,,,,,,
2013-11-07,589550,9.9202,10.016,9.5847,9.6231,-0.4217,-4.2,0.45,5989652.65,,,250.8311,2.7471,1.1236,17.9663,1301580580,,,,,,,
2013-11-08,361146,9.6039,9.7189,9.4122,9.508,-0.1151,-1.2,0.28,3593386.06,,,247.8331,2.7143,1.1102,17.7516,1286023840,,,,,,,
2013-11-11,108463,9.393,9.6135,9.393,9.6039,0.0959,1.01,0.08,1078592.61,,,250.3314,2.7416,1.1214,17.9305,1298987790,,,,,,,
2013-11-12,170633,9.671,9.7572,9.6135,9.7572,0.1533,1.6,0.13,1725582.37,,,254.3287,2.7854,1.1393,18.2168,1319730110,,,,,,,
2013-11-13,162168,9.7572,9.7572,9.5464,9.6135,-0.1437,-1.47,0.13,1623894.45,,,250.5812,2.7444,1.1225,17.9484,1300284185,,,,,,,
2013-11-14,328785,9.5176,9.8243,9.5176,9.7764,0.1629,1.69,0.25,3325968.28,,,254.8284,2.7909,1.1415,18.2526,1322322900,,,,,,,
2013-11-15,669622,9.8723,10.016,9.6902,9.8627,0.0863,0.88,0.52,6919476.9,,,257.0769,2.8155,1.1516,18.4137,1333990455,,,,,,,
2013-11-18,496427,9.9681,10.0256,9.7764,9.9681,0.1054,1.07,0.38,5124779.5,,,259.825,2.8456,1.1639,18.6105,1348250800,,,,,,,
2013-11-19,425832,9.901,10.0352,9.8818,9.9681,0,0,0.33,4421937.66,,,259.825,2.8456,1.1639,18.6105,1348250800,,,,,,,
2013-11-20,1985055,9.8531,10.639,9.8531,10.2748,0.3067,3.08,1.53,21288665.64,,,267.8196,2.9331,1.1997,19.1832,1389735440,,,,,,,
2013-11-21,1107625,10.1694,10.2557,9.9489,10.1215,-0.1533,-1.49,0.85,11685644.27,,,263.8223,2.8894,1.1818,18.8968,1368993120,,,,,,,
2013-11-22,748920,10.179,10.3323,10.0448,10.1886,0.0671,0.66,0.58,7950485.14,,,265.5711,2.9085,1.1896,19.0221,1378067885,,,,,,,
2013-11-25,554152,10.1023,10.3036,10.064,10.1502,-0.0384,-0.38,0.43,5890178.52,,,264.5718,2.8976,1.1851,18.9505,1372882305,,,,,,,
2013-11-26,472178,10.1119,10.1981,9.9969,10.0544,-0.0958,-0.94,0.36,4965851.16,,,262.0735,2.8702,1.1739,18.7716,1359918355,,,,,,,
2013-11-27,551933,10.0448,10.1694,10.016,10.0927,0.0383,0.38,0.43,5793320.23,,,263.0728,2.8812,1.1784,18.8432,1365103935,,,,,,,
2013-11-28,488226,10.0735,10.2461,10.0544,10.2077,0.115,1.14,0.38,5187046.25,,,266.0708,2.914,1.1919,19.0579,1380660675,,,,,,,
2013-11-29,645921,10.1886,10.3419,10.1886,10.2365,0.0288,0.28,0.5,6932681.98,,,266.8203,2.9222,1.1952,19.1116,1384549860,,,,,,,
2013-12-02,1289389,9.9969,9.9969,9.508,9.6231,-0.6134,-5.99,0.99,13046474.51,,,250.8311,2.7471,1.1236,17.9663,1301580580,,,,,,,
2013-12-03,555108,9.5656,9.7381,9.5272,9.7093,0.0862,0.9,0.43,5576055.8,,,253.0795,2.7717,1.1337,18.1274,1313248135,,,,,,,
2013-12-04,690264,9.671,9.8723,9.6614,9.8243,0.115,1.18,0.53,7052834.12,,,256.0775,2.8045,1.1471,18.3421,1328804875,,,,,,,
2013-12-05,372141,9.7764,9.8723,9.7381,9.7956,-0.0287,-0.29,0.29,3807599.04,,,255.328,2.7963,1.1437,18.2884,1324915690,,,,,,,
2013-12-06,282801,9.7572,9.8723,9.7381,9.8052,0.0096,0.1,0.22,2896453.08,,,255.5779,2.7991,1.1449,18.3063,1326212085,,,,,,,
2013-12-09,305819,9.8148,9.8723,9.7764,9.8435,0.0383,0.39,0.24,3132144.56,,,256.5772,2.81,1.1493,18.3779,1331397665,,,,,,,
2013-12-10,475001,9.8148,9.8723,9.6135,9.7381,-0.1054,-1.07,0.37,4835464.74,,,253.829,2.7799,1.137,18.1811,1317137320,,,,,,,
2013-12-11,467902,9.7381,9.7381,9.4889,9.6135,-0.1246,-1.28,0.36,4670409.8,,,250.5812,2.7444,1.1225,17.9484,1300284185,,,,,,,
2013-12-12,415866,9.5751,9.7285,9.556,9.7189,0.1054,1.1,0.32,4189643.47,,,253.3294,2.7745,1.1348,18.1453,1314544530,,,,,,,
2013-12-13,419696,9.7285,9.9202,9.6326,9.7572,0.0383,0.39,0.32,4287644.05,,,254.3287,2.7854,1.1393,18.2168,1319730110,,,,,,,
2013-12-16,299832,9.8052,9.8052,9.6518,9.6518,-0.1054,-1.08,0.23,3043403,,,251.5806,2.7553,1.1269,18.02,1305469765,,,,,,,
2013-12-17,470435,9.6422,9.6902,9.4889,9.5368,-0.115,-1.19,0.36,4688569.1,,,248.5826,2.7225,1.1135,17.8053,1289913025,,,,,,,
2013-12-18,342911,9.5368,9.5751,9.4314,9.4985,-0.0383,-0.4,0.26,3396679.23,,,247.5832,2.7115,1.109,17.7337,1284727445,,,,,,,
2013-12-19,452252,9.4985,9.6422,9.4409,9.4889,-0.0096,-0.1,0.35,4499446.85,,,247.3334,2.7088,1.1079,17.7158,1283431050,,,,,,,
2013-12-20,324751,9.4409,9.4697,9.1534,9.3355,-0.1534,-1.62,0.25,3178095.44,,,243.3361,2.665,1.09,17.4295,1262688730,,,,,,,
2013-12-23,522681,9.2109,9.3259,9.048,9.1438,-0.1917,-2.05,0.4,4992612.99,,,238.3395,2.6103,1.0676,17.0716,1236760830,,,,,,,
2013-12-24,758132,9.0863,9.4505,9.0863,9.4026,0.2588,2.83,0.58,7321876.42,,,245.0849,2.6842,1.0978,17.5547,1271763495,,,,,,,
2013-12-25,632601,9.2972,9.6422,9.2972,9.5751,0.1725,1.83,0.49,6253352.54,,,249.5819,2.7334,1.118,17.8768,1295098605,,,,,,,
2013-12-26,590354,9.4985,9.6231,9.3547,9.6231,0.048,0.5,0.46,5839157.13,,,250.8311,2.7471,1.1236,17.9663,1301580580,,,,,,,
2013-12-27,889397,9.5464,9.5656,9.3643,9.4601,-0.163,-1.69,0.69,8740404.84,,,246.5839,2.7006,1.1046,17.6621,1279541865,,,,,,,
2013-12-30,302658,9.4505,9.4505,9.3739,9.4218,-0.0383,-0.4,0.23,2968511.64,,,245.5846,2.6896,1.1001,17.5905,1274356285,,,,,,,
2013-12-31,311777,9.2684,9.4314,9.2684,9.4122,-0.0096,-0.1,0.24,3042998.93,,,123.5093,2.5723,1.0831,23.2196,1273059890,,,,,,,
2014-01-02,606140,9.393,9.4314,9.278,9.393,-0.0192,-0.2,0.47,5904340.21,,,123.2578,2.5671,1.0809,23.1723,1270467100,,,,,,,
2014-01-03,328609,9.3643,9.4409,9.3355,9.3643,-0.0287,-0.31,0.25,3221151.25,,,122.8805,2.5592,1.0776,23.1014,1266577915,,,,,,,
2014-01-06,512156,9.3451,9.393,9.0767,9.1247,-0.2396,-2.56,0.4,4897487.39,,,119.7361,2.4937,1.05,22.5103,1234168040,,,,,,,
2014-01-07,307205,9.1055,9.1438,9.0096,9.1342,0.0095,0.1,0.24,2906169.42,,,119.8619,2.4963,1.0511,22.5339,1235464435,,,,,,,
2014-01-08,317285,9.0863,9.163,8.9905,9.0192,-0.115,-1.26,0.24,3001780.35,,,118.3526,2.4649,1.0379,22.2502,1219907695,,,,,,,
2014-01-09,338715,9.1534,9.1917,9.0096,9.0192,0,0,0.26,3222418.03,,,118.3526,2.4649,1.0379,22.2502,1219907695,,,,,,,
2014-01-10,312485,8.9234,9.0001,8.6933,8.7508,-0.2684,-2.98,0.24,2885364.78,,,114.831,2.3916,1.007,21.5881,1183608635,,,,,,,
2014-01-13,168010,8.7508,8.8467,8.6646,8.7604,0.0096,0.11,0.13,1534778.6,,,114.9568,2.3942,1.0081,21.6117,1184905030,,,,,,,
2014-01-14,238632,8.8467,8.8946,8.7413,8.8946,0.1342,1.53,0.18,2204259.92,,,116.7176,2.4309,1.0235,21.9428,1203054560,,,,,,,
2014-01-15,309412,8.9138,9.0576,8.8755,9.0384,0.1438,1.62,0.24,2902829.09,,,118.6042,2.4701,1.0401,22.2975,1222500485,,,,,,,
2014-01-16,219540,9.0767,9.1438,9.0192,9.0576,0.0192,0.21,0.17,2080969.69,,,118.8557,2.4754,1.0423,22.3448,1225093275,,,,,,,
2014-01-17,226950,9.048,9.0576,8.8946,8.9234,-0.1342,-1.48,0.18,2125845.44,,,117.0949,2.4387,1.0268,22.0137,1206943745,,,,,,,
2014-01-20,156039,8.9234,9.0767,8.9042,9.0288,0.1054,1.18,0.12,1466448.22,,,118.4784,2.4675,1.039,22.2738,1221204090,,,,,,,
2014-01-21,117257,9.0767,9.1151,9.0096,9.0863,0.0575,0.64,0.09,1108468.54,,,119.233,2.4832,1.0456,22.4157,1228982460,,,,,,,
2014-01-22,286651,9.0863,9.1917,9.0288,9.1917,0.1054,1.16,0.22,2733123.55,,,120.6165,2.5121,1.0577,22.6758,1243242805,,,,,,,
2014-01-23,258418,9.1822,9.2493,9.1342,9.2301,0.0384,0.42,0.2,2483472.08,,,121.1196,2.5225,1.0621,22.7704,1248428385,,,,,,,
2014-01-24,264974,9.1726,9.2876,9.1342,9.2397,0.0096,0.1,0.2,2548179.88,,,121.2454,2.5252,1.0632,22.794,1249724780,,,,,,,
2014-01-27,209300,9.1822,9.278,9.1534,9.1726,-0.0671,-0.73,0.16,2006017.14,,,120.365,2.5068,1.0555,22.6285,1240650015,,,,,,,
2014-01-28,167189,9.2205,9.2205,9.1342,9.2109,0.0383,0.42,0.13,1602227.18,,,120.8681,2.5173,1.0599,22.7231,1245835595,,,,,,,
2014-01-29,142961,9.2397,9.2876,9.2109,9.278,0.0671,0.73,0.11,1379494.84,,,121.7485,2.5356,1.0677,22.8886,1254910360,,,,,,,
2014-01-30,278290,9.2684,9.2876,8.9713,9.1438,-0.1342,-1.45,0.21,2658354.72,,,119.9877,2.499,1.0522,22.5576,1236760830,,,,,,,
2014-02-07,284375,9.0959,9.2684,9.0576,9.2397,0.0959,1.05,0.22,2731264.08,,,121.2454,2.5252,1.0632,22.794,1249724780,,,,,,,
2014-02-10,527439,9.2301,9.4409,9.2109,9.4026,0.1629,1.76,0.41,5155102.78,,,123.3836,2.5697,1.082,23.196,1271763495,,,,,,,
2014-02-11,489116,9.3547,9.5272,9.3547,9.4026,0,0,0.38,4819683.81,,,123.3836,2.5697,1.082,23.196,1271763495,,,,,,,
2014-02-12,380241,9.4026,9.5176,9.4026,9.4985,0.0959,1.02,0.29,3754009.71,,,124.6413,2.5959,1.093,23.4324,1284727445,,,,,,,
2014-02-13,482417,9.4985,9.5464,9.4026,9.4409,-0.0576,-0.61,0.37,4779262.56,,,123.8867,2.5802,1.0864,23.2906,1276949075,,,,,,,
2014-02-14,776790,9.4122,9.6997,9.4122,9.6902,0.2493,2.64,0.6,7774185.88,,,127.1568,2.6483,1.1151,23.9053,1310655345,,,,,,,
2014-02-17,714357,9.6902,10.064,9.6614,9.7668,0.0766,0.79,0.55,7302235.55,,,128.1629,2.6692,1.1239,24.0945,1321026505,,,,,,,
2014-02-18,1179479,9.7956,10.064,9.7572,9.901,0.1342,1.37,0.91,12260075.38,,,129.9238,2.7059,1.1393,24.4255,1339176035,,,,,,,
2014-02-19,1088684,9.8627,9.9873,9.7381,9.8339,-0.0671,-0.68,0.84,11128094.01,,,129.0434,2.6876,1.1316,24.26,1330101270,,,,,,,
2014-02-20,7370681,9.8723,10.8211,9.8723,10.8211,0.9872,10.04,5.69,81905676.71,,,141.998,2.9574,1.2452,26.6955,1463629955,,,,,,,
2014-02-21,6464137,10.7349,10.8116,9.7381,10.064,-0.7571,-7,4.99,68819368.26,,,132.0619,2.7504,1.1581,24.8275,1361214750,,,,,,,
2014-02-24,2221960,9.8627,9.9681,9.6135,9.6902,-0.3738,-3.71,1.71,22550733.36,,,127.1568,2.6483,1.1151,23.9053,1310655345,,,,,,,
2014-02-25,1901834,9.6902,9.8339,9.1917,9.3259,-0.3643,-3.76,1.47,19048780.81,,,122.3774,2.5487,1.0732,23.0068,1261392335,,,,,,,
2014-02-26,1193785,9.2301,9.6135,9.2301,9.5368,0.2109,2.26,0.92,11783388.16,,,125.1444,2.6064,1.0974,23.527,1289913025,,,,,,,
2014-02-27,3295690,9.4889,10.1886,9.4409,9.7764,0.2396,2.51,2.54,33922266.55,,,128.2887,2.6718,1.125,24.1181,1322322900,,,,,,,
2014-02-28,1637718,9.6997,9.8052,9.4026,9.7285,-0.0479,-0.49,1.26,16500710.82,,,127.6598,2.6587,1.1195,23.9999,1315840925,,,,,,,
2014-03-03,1268334,9.7381,10.064,9.6422,9.8914,0.1629,1.67,0.98,13089029.72,,,129.798,2.7033,1.1382,24.4019,1337879640,,,,,,,
2014-03-04,996230,9.8627,9.9969,9.6806,9.8148,-0.0766,-0.77,0.77,10180715.81,,,128.7918,2.6823,1.1294,24.2127,1327508480,,,,,,,
2014-03-05,881163,9.8627,9.9585,9.7189,9.7956,-0.0192,-0.2,0.68,9035481.29,,,128.5403,2.6771,1.1272,24.1654,1324915690,,,,,,,
2014-03-06,942833,9.7956,9.8435,9.4697,9.7572,-0.0384,-0.39,0.73,9589200.58,,,128.0372,2.6666,1.1228,24.0709,1319730110,,,,,,,
2014-03-07,1579135,9.7572,10.016,9.7285,9.9394,0.1822,1.87,1.22,16339118.43,,,130.4269,2.7164,1.1438,24.5201,1344361615,,,,,,,
2014-03-10,2707807,9.901,10.3515,9.7285,9.9969,0.0575,0.58,2.09,28471193.51,,,131.1815,2.7321,1.1504,24.662,1352139985,,,,,,,
2014-03-11,1442410,9.9969,10.1119,9.5656,9.8531,-0.1438,-1.44,1.11,14708916.65,,,129.2949,2.6928,1.1338,24.3073,1332694060,,,,,,,
2014-03-12,743076,9.7764,9.8148,9.5847,9.7477,-0.1054,-1.07,0.57,7538829.78,,,127.9114,2.664,1.1217,24.0472,1318433715,,,,,,,
2014-03-13,1729089,9.786,10.3036,9.7285,10.2269,0.4792,4.92,1.33,18095123.39,,,134.2001,2.795,1.1768,25.2295,1383253465,,,,,,,
2014-03-14,1258314,10.0735,10.1886,9.9202,10.131,-0.0959,-0.94,0.97,13209110.99,,,132.9423,2.7688,1.1658,24.993,1370289515,,,,,,,
2014-03-17,1156053,10.1215,10.1981,9.9681,10.179,0.048,0.47,0.89,12202016.69,,,133.5712,2.7819,1.1713,25.1112,1376771490,,,,,,,
2014-03-18,7644866,10.2269,11.195,10.1886,11.195,1.016,9.98,5.9,88318578.59,,,146.9032,3.0595,1.2882,27.6176,1514189360,,,,,,,
2014-03-19,3997201,11.1662,11.1662,10.7732,10.9457,-0.2493,-2.23,3.08,45615628.9,,,143.6331,2.9914,1.2596,27.0029,1480483090,,,,,,,
2014-03-20,6046217,10.8882,11.8467,10.8882,11.0799,0.1342,1.23,4.66,71415694.32,,,145.3939,3.0281,1.275,27.3339,1498632620,,,,,,,
2014-03-21,2775133,10.6486,11.2141,10.5624,11.0512,-0.0287,-0.26,2.14,31350494.48,,,145.0166,3.0202,1.2717,27.263,1494743435,,,,,,,
2014-03-24,3400395,11.032,11.4825,10.3994,10.8499,-0.2013,-1.82,2.62,39038288.4,,,142.3753,2.9652,1.2485,26.7664,1467519140,,,,,,,
2014-03-25,2206123,10.8882,11.3771,10.6486,11.1087,0.2588,2.39,1.7,25330235.44,,,145.7712,3.0359,1.2783,27.4048,1502521805,,,,,,,
2014-03-26,1795526,11.0224,11.2333,10.8116,11.1758,0.0671,0.6,1.38,20623690.49,,,146.6516,3.0543,1.286,27.5703,1511596570,,,,,,,
2014-03-27,1575051,11.1758,11.2141,10.8978,11.0799,-0.0959,-0.86,1.21,18161793.64,,,145.3939,3.0281,1.275,27.3339,1498632620,,,,,,,
2014-03-28,1550057,10.9841,11.1566,10.5624,10.5815,-0.4984,-4.5,1.2,17513900.65,,,138.8537,2.8919,1.2177,26.1043,1431220080,,,,,,,
2014-03-31,1478354,10.639,10.687,10.0735,10.179,-0.4025,-3.8,1.14,15847271.17,,,47.2492,2.7192,1.0378,10.3324,1376771490,,,,,,,
2014-04-01,747320,10.1694,10.4378,10.1598,10.3898,0.2108,2.07,0.58,8041683.01,,,48.228,2.7755,1.0593,10.5465,1405292180,,,,,,,
2014-04-02,741818,10.3515,10.5049,10.2365,10.2557,-0.1341,-1.29,0.57,8031729.49,,,47.6051,2.7396,1.0456,10.4103,1387142650,,,,,,,
2014-04-03,1356023,10.2748,10.5624,10.1981,10.5049,0.2492,2.43,1.05,14687935.38,,,48.7619,2.8062,1.071,10.6632,1420848920,,,,,,,
2014-04-04,625492,10.5049,10.6007,10.3611,10.5336,0.0287,0.27,0.48,6849002.9,,,48.8954,2.8139,1.0739,10.6924,1424738105,,,,,,,
2014-04-08,1076283,10.5144,10.9074,10.5144,10.8307,0.2971,2.82,0.83,12080340.78,,,50.2746,2.8933,1.1042,10.994,1464926350,,,,,,,
2014-04-09,741762,10.7636,10.9266,10.6965,10.8787,0.048,0.44,0.57,8364762.39,,,50.497,2.9061,1.1091,11.0427,1471408325,,,,,,,
2014-04-10,755305,10.7253,10.8978,10.6965,10.7828,-0.0959,-0.88,0.58,8526377.94,,,50.0521,2.8805,1.0993,10.9454,1458444375,,,,,,,
2014-04-11,652139,10.7541,10.8691,10.7253,10.8691,0.0863,0.8,0.5,7334038.76,,,50.4526,2.9035,1.1081,11.0329,1470111930,,,,,,,
2014-04-14,1022022,10.917,11.1183,10.7732,11.0224,0.1533,1.41,0.79,11670452.52,,,51.1644,2.9445,1.1237,11.1886,1490854250,,,,,,,
2014-04-15,871368,11.0224,11.0224,10.687,10.7828,-0.2396,-2.17,0.67,9853481.41,,,50.0521,2.8805,1.0993,10.9454,1458444375,,,,,,,
2014-04-16,469406,10.7636,10.917,10.7541,10.8691,0.0863,0.8,0.36,5308510.99,,,50.4526,2.9035,1.1081,11.0329,1470111930,,,,,,,
2014-04-17,689686,10.8211,11.0895,10.8116,11.0128,0.1437,1.32,0.53,7921395.93,,,51.1199,2.9419,1.1228,11.1789,1489557855,,,,,,,
2014-04-18,2251127,11.0224,11.8084,10.9457,11.2812,0.2684,2.44,1.74,26813716.35,,,52.3657,3.0136,1.1501,11.4513,1525856915,,,,,,,
2014-04-21,954762,11.2141,11.3579,10.9841,11.032,-0.2492,-2.21,0.74,11067800.5,,,51.2089,2.947,1.1247,11.1983,1492150645,,,,,,,
2014-04-22,837665,11.0128,11.147,10.7253,10.8691,-0.1629,-1.48,0.65,9532176.95,,,50.4526,2.9035,1.1081,11.0329,1470111930,,,,,,,
2014-04-23,1201473,10.8978,11.4537,10.8499,11.4537,0.5846,5.38,0.93,14005289.68,,,53.1665,3.0597,1.1677,11.6264,1549192025,,,,,,,
2014-04-24,2648097,11.425,12.1726,11.3387,11.5208,0.0671,0.59,2.04,32601819.04,,,53.4779,3.0776,1.1746,11.6945,1558266790,,,,,,,
2014-04-25,2633230,11.5208,11.8275,11.0608,11.7892,0.2684,2.33,2.03,31814476.54,,,54.7237,3.1493,1.2019,11.967,1594565850,,,,,,,
2014-04-28,5596327,12.048,12.8914,11.933,12.0863,0.2971,2.52,4.32,71654018.43,,,56.1029,3.2287,1.2322,12.2686,1634754095,,,,,,,
2014-04-29,8411866,12.1343,13.294,12.1343,13.294,1.2077,9.99,6.49,113542953.48,,,61.7087,3.5513,1.3553,13.4944,1798099865,,,,,,,
2014-04-30,8123423,13.7541,13.7828,12.8435,13.409,0.115,0.87,6.27,111615065.28,,,62.2426,3.582,1.3671,13.6112,1813656605,,,,,,,
2014-05-05,6790288,13.1311,13.4857,12.8627,13.1598,-0.2492,-1.86,5.24,93125745.72,,,61.0859,3.5154,1.3417,13.3582,1779950335,,,,,,,
2014-05-06,8377931,12.9969,14.0416,12.7573,13.8978,0.738,5.61,6.46,117546604.28,,,64.5116,3.7126,1.4169,14.1074,1879772750,,,,,,,
2014-05-07,6273921,13.5911,13.5911,12.7573,12.8339,-1.0639,-7.66,4.84,86362227.22,,,59.5732,3.4284,1.3084,13.0274,1735872905,,,,,,,
2014-05-08,5239866,12.556,13.1598,12.4218,12.4601,-0.3738,-2.91,4.04,69683346.78,,,57.838,3.3285,1.2703,12.648,1685313500,,,,,,,
2014-05-09,3895174,12.5272,12.5943,12.0672,12.2205,-0.2396,-1.92,3,49897224.24,,,56.7258,3.2645,1.2459,12.4048,1652903625,,,,,,,
2014-05-12,3621003,12.3259,12.6231,12.1822,12.6135,0.393,3.22,2.79,46995089.49,,,58.5499,3.3695,1.286,12.8037,1706055820,,,,,,,
2014-05-13,7345365,12.7477,13.7637,12.7477,13.064,0.4505,3.57,5.67,101169842.26,,,60.6409,3.4898,1.3319,13.2609,1766986385,,,,,,,
2014-05-14,4378613,12.6998,12.8914,12.2876,12.5943,-0.4697,-3.6,3.38,57457447.51,,,58.4609,3.3644,1.284,12.7842,1703463030,,,,,,,
2014-05-15,3390097,12.4122,12.7956,12.2301,12.5847,-0.0096,-0.08,2.62,44238308.94,,,58.4164,3.3618,1.283,12.7745,1702166635,,,,,,,
2014-05-16,2191041,12.4601,12.7381,12.3451,12.5943,0.0096,0.08,1.69,28605222.15,,,58.4609,3.3644,1.284,12.7842,1703463030,,,,,,,
2014-05-19,3635124,12.4889,13.064,12.4122,13.0448,0.4505,3.58,2.8,48524107.33,,,60.552,3.4847,1.3299,13.2415,1764393595,,,,,,,
2014-05-20,3787822,13.016,13.294,12.786,13.0927,0.0479,0.37,2.92,51487727.2,,,60.7744,3.4975,1.3348,13.2901,1770875570,,,,,,,
2014-05-21,2805322,13.0352,13.0352,12.6135,12.8244,-0.2683,-2.05,2.16,37411193.58,,,59.5287,3.4258,1.3075,13.0177,1734576510,,,,,,,
2014-05-22,6111377,12.9394,13.6103,12.8627,13.524,0.6996,5.46,4.71,84431590.03,,,62.7765,3.6127,1.3788,13.7279,1829213345,,,,,,,
2014-05-23,3992712,13.2269,13.5432,13.1694,13.4474,-0.0766,-0.57,3.08,55630251.39,,,62.4206,3.5923,1.371,13.6501,1818842185,,,,,,,
2014-05-26,3379311,13.4474,13.4474,13.0831,13.3228,-0.1246,-0.93,2.61,46487137.45,,,61.8422,3.559,1.3583,13.5236,1801989050,,,,,,,
2014-05-27,2746676,13.2269,13.4953,13.064,13.1502,-0.1726,-1.3,2.12,37952389.14,,,61.0414,3.5129,1.3407,13.3485,1778653940,,,,,,,
2014-05-28,4280914,13.1119,13.1982,12.6998,12.7956,-0.3546,-2.7,3.3,57276921.62,,,59.3952,3.4181,1.3045,12.9885,1730687325,,,,,,,
2014-05-29,2908297,12.7285,12.8819,12.5176,12.7477,-0.0479,-0.37,2.24,38496386.94,,,59.1728,3.4053,1.2996,12.9399,1724205350,,,,,,,
2014-05-30,1822749,12.7668,12.8627,12.5752,12.5943,-0.1534,-1.2,1.41,24115906.28,,,58.4609,3.3644,1.284,12.7842,1703463030,,,,,,,
2014-06-03,2197295,12.6039,12.9298,12.6039,12.7956,0.2013,1.6,1.69,29409312.34,,,59.3952,3.4181,1.3045,12.9885,1730687325,,,,,,,
2014-06-04,3149796,12.7477,12.7477,11.8946,12.048,-0.7476,-5.84,2.43,39871094.1,,,55.9249,3.2184,1.2283,12.2296,1629568515,,,,,,,
2014-06-05,1504594,11.9905,12.1247,11.9426,12.0767,0.0287,0.24,1.16,18884049.74,,,56.0584,3.2261,1.2312,12.2588,1633457700,,,,,,,
2014-06-06,1884624,12.0767,12.2589,11.8946,12.2493,0.1726,1.43,1.45,23800111.84,,,56.8592,3.2722,1.2488,12.434,1656792810,,,,,,,
2014-06-09,1949186,12.6231,12.6998,12.278,12.4122,0.1629,1.33,1.5,25312280.32,,,57.6156,3.3157,1.2654,12.5994,1678831525,,,,,,,
2014-06-10,1770500,12.0288,12.441,11.9042,12.4026,-0.0096,-0.08,1.37,22522734.87,,,57.5711,3.3132,1.2645,12.5896,1677535130,,,,,,,
2014-06-11,1505101,12.2876,12.3835,12.0767,12.2684,-0.1342,-1.08,1.16,19155672.99,,,56.9482,3.2773,1.2508,12.4534,1659385600,,,,,,,
2014-06-12,1040336,12.2684,12.2684,12.0863,12.0863,-0.1821,-1.48,0.8,13164701.1,,,56.1029,3.2287,1.2322,12.2686,1634754095,,,,,,,
2014-06-13,1103714,12.0288,12.2109,12.0192,12.163,0.0767,0.63,0.85,13989009.2,,,56.4588,3.2492,1.24,12.3464,1645125255,,,,,,,
2014-06-16,2341048,12.1151,12.6614,12.1151,12.4697,0.3067,2.52,1.81,30429771.45,,,57.8825,3.3311,1.2713,12.6577,1686609895,,,,,,,
2014-06-17,1174137,12.3451,12.4314,12.1918,12.2301,-0.2396,-1.92,0.91,15063848.84,,,56.7702,3.2671,1.2469,12.4145,1654200020,,,,,,,
2014-06-18,1220749,12.1247,12.3451,12.0288,12.0288,-0.2013,-1.65,0.94,15462774.56,,,55.8359,3.2133,1.2263,12.2102,1626975725,,,,,,,
2014-06-19,1191706,12.0288,12.1726,11.3291,11.3675,-0.6613,-5.5,0.92,14675620.06,,,52.7661,3.0366,1.1589,11.5389,1537524470,,,,,,,
2014-06-20,997047,11.3675,11.6838,11.3675,11.6358,0.2683,2.36,0.77,11992526.39,,,54.0118,3.1083,1.1863,11.8113,1573823530,,,,,,,
2014-06-23,840022,11.7509,11.9617,11.6454,11.8946,0.2588,2.22,0.65,10366334.6,,,55.2131,3.1775,1.2127,12.074,1608826195,,,,,,,
2014-06-24,744557,11.8941,12.1058,11.8556,11.9518,0.0572,0.48,0.57,9246495.6,,,55.2576,3.2213,1.2136,12.0837,1610122590,,,,,,,
2014-06-25,506454,11.9807,11.9807,11.769,11.8171,-0.1347,-1.13,0.39,6250631.61,,,54.6347,3.185,1.2,11.9475,1591973060,,,,,,,
2014-06-26,925621,11.9133,12.1443,11.8652,11.9422,0.1251,1.06,0.71,11542487.26,,,55.2131,3.2187,1.2127,12.074,1608826195,,,,,,,
2014-06-27,1334182,12.0192,12.3271,11.9615,12.2405,0.2983,2.5,1.03,16933253.65,,,56.5923,3.2991,1.243,12.3756,1649014440,,,,,,,
2014-06-30,899707,12.3945,12.3945,12.2117,12.2983,0.0578,0.47,0.69,11472548.47,,,58.1446,3.2661,1.1846,13.312,1656792810,,,,,,,
2014-07-01,1393911,12.2983,12.5196,12.2983,12.4234,0.1251,1.02,1.08,17998855.57,,,58.7361,3.2993,1.1966,13.4474,1673645945,,,,,,,
2014-07-02,1390072,12.5004,12.6832,12.4234,12.4811,0.0577,0.46,1.07,18146099.79,,,59.0091,3.3146,1.2022,13.5099,1681424315,,,,,,,
2014-07-03,1036657,12.4234,12.5292,12.3175,12.3849,-0.0962,-0.77,0.8,13396805.4,,,58.5541,3.2891,1.1929,13.4058,1668460365,,,,,,,
2014-07-04,1321430,12.4811,12.587,12.3656,12.4907,0.1058,0.85,1.02,17132878.1,,,59.0546,3.3172,1.2031,13.5203,1682720710,,,,,,,
2014-07-07,993312,12.51,12.6447,12.4619,12.5966,0.1059,0.85,0.77,12978354.92,,,59.555,3.3453,1.2133,13.6349,1696981055,,,,,,,
2014-07-08,1793734,12.6158,12.6736,12.3849,12.433,-0.1636,-1.3,1.38,23231695.26,,,58.7816,3.3019,1.1976,13.4578,1674942340,,,,,,,
2014-07-09,2203804,12.433,12.7506,12.3753,12.5966,0.1636,1.32,1.7,28842018.52,,,59.555,3.3453,1.2133,13.6349,1696981055,,,,,,,
2014-07-10,1114772,12.5485,12.6543,12.3368,12.6351,0.0385,0.31,0.86,14516201.78,,,59.737,3.3555,1.217,13.6766,1702166635,,,,,,,
2014-07-11,6202152,13.761,13.761,13.2413,13.3857,0.7506,5.94,4.78,86645077.04,,,63.2857,3.5549,1.2893,14.4891,1803285445,,,,,,,
2014-07-14,3281633,13.2606,13.7129,13.1259,13.3953,0.0096,0.07,2.53,45750940.15,,,63.3312,3.5574,1.2902,14.4995,1804581840,,,,,,,
2014-07-15,2174470,13.1066,13.3279,12.9911,12.9911,-0.4042,-3.02,1.68,29596131.4,,,61.4204,3.4501,1.2513,14.062,1750133250,,,,,,,
2014-07-16,1656453,12.9911,13.0392,12.7987,12.9141,-0.077,-0.59,1.28,22199574.39,,,61.0564,3.4296,1.2439,13.9787,1739762090,,,,,,,
2014-07-17,1174620,12.8853,12.9815,12.6255,12.9526,0.0385,0.3,0.91,15584326.59,,,61.2384,3.4399,1.2476,14.0203,1744947670,,,,,,,
2014-07-18,1277446,12.866,12.9911,12.7024,12.7121,-0.2405,-1.86,0.99,17078727.89,,,60.101,3.376,1.2244,13.7599,1712537795,,,,,,,
2014-07-21,837776,12.7121,12.7794,12.5004,12.6928,-0.0193,-0.15,0.65,11010203.14,,,60.01,3.3709,1.2226,13.7391,1709945005,,,,,,,
2014-07-22,1048188,12.6158,12.9334,12.6158,12.9141,0.2213,1.74,0.81,13985361.79,,,61.0564,3.4296,1.2439,13.9787,1739762090,,,,,,,
2014-07-23,1310472,12.8564,13.1836,12.7987,12.8757,-0.0384,-0.3,1.01,17675813.13,,,60.8744,3.4194,1.2402,13.937,1734576510,,,,,,,
2014-07-24,921759,12.789,12.9815,12.7602,12.866,-0.0097,-0.08,0.71,12335393.32,,,60.8289,3.4169,1.2393,13.9266,1733280115,,,,,,,
2014-07-25,1002588,12.7987,13.0681,12.7987,13.0489,0.1829,1.42,0.77,13543043.4,,,61.6934,3.4654,1.2569,14.1245,1757911620,,,,,,,
2014-07-28,1457824,12.9911,13.2606,12.9911,13.1451,0.0962,0.74,1.12,19889004.34,,,62.1483,3.491,1.2662,14.2287,1770875570,,,,,,,
2014-07-29,1362909,13.1451,13.251,12.9719,13.0392,-0.1059,-0.81,1.05,18576375.19,,,61.6479,3.4629,1.256,14.1141,1756615225,,,,,,,
2014-07-30,5206520,13.0392,14.3095,13.0392,13.6647,0.6255,4.8,4.02,74578456.22,,,64.6051,3.629,1.3162,14.7911,1840880900,,,,,,,
2014-07-31,2531459,13.7032,14.0016,13.4915,13.6936,0.0289,0.21,1.95,35967416.88,,,64.7416,3.6366,1.319,14.8224,1844770085,,,,,,,
2014-08-01,2919285,13.7321,13.9438,13.5108,13.5589,-0.1347,-0.98,2.25,41393778.45,,,64.1047,3.6009,1.306,14.6766,1826620555,,,,,,,
2014-08-04,3243048,13.6166,14.1363,13.6166,14.0978,0.5389,3.97,2.5,46902342.74,,,66.6525,3.744,1.3579,15.2599,1899218675,,,,,,,
2014-08-05,1962889,14.1459,14.194,13.8187,13.9727,-0.1251,-0.89,1.51,28400487.62,,,66.061,3.7108,1.3459,15.1245,1882365540,,,,,,,
2014-08-06,1543248,13.8765,13.9919,13.6166,13.8476,-0.1251,-0.9,1.19,22075794.92,,,65.4696,3.6775,1.3338,14.989,1865512405,,,,,,,
2014-08-07,1217855,13.8668,14.0112,13.761,13.8187,-0.0289,-0.21,0.94,17555274.04,,,65.3331,3.6699,1.331,14.9578,1861623220,,,,,,,
2014-08-08,2569184,13.761,14.2036,13.761,14.1459,0.3272,2.37,1.98,37566691.96,,,66.88,3.7568,1.3625,15.3119,1905700650,,,,,,,
2014-08-11,5670065,14.3384,14.3768,13.9342,14.0689,-0.077,-0.54,4.37,83020888.44,,,66.516,3.7363,1.3551,15.2286,1895329490,,,,,,,
2014-08-12,2433793,14.04,14.04,13.8091,13.9631,-0.1058,-0.75,1.88,35131138.83,,,66.0155,3.7082,1.3449,15.114,1881069145,,,,,,,
2014-08-13,1540675,13.9631,14.0112,13.684,13.8091,-0.154,-1.1,1.19,22132953.72,,,65.2876,3.6673,1.3301,14.9474,1860326825,,,,,,,
2014-08-14,1311704,13.8668,13.9438,13.7032,13.7032,-0.1059,-0.77,1.01,18815778.24,,,64.7871,3.6392,1.3199,14.8328,1846066480,,,,,,,
2014-08-15,957115,13.8283,13.9053,13.7129,13.8668,0.1636,1.19,0.74,13744767.36,,,65.5606,3.6826,1.3357,15.0099,1868105195,,,,,,,
2014-08-18,2122701,13.9438,14.0882,13.8572,13.9053,0.0385,0.28,1.64,30827185.75,,,65.7426,3.6929,1.3394,15.0515,1873290775,,,,,,,
2014-08-19,1728689,13.8957,14.0304,13.761,13.9631,0.0578,0.42,1.33,24917848.48,,,66.0155,3.7082,1.3449,15.114,1881069145,,,,,,,
2014-08-20,2743437,13.9342,14.2229,13.8765,14.2036,0.2405,1.72,2.12,40073353.17,,,67.1529,3.7721,1.3681,15.3744,1913479020,,,,,,,
2014-08-21,1286609,14.194,14.194,13.9631,14.0208,-0.1828,-1.29,0.99,18756977.97,,,66.2885,3.7235,1.3505,15.1765,1888847515,,,,,,,
2014-08-22,1093303,14.0304,14.0882,13.8668,14.0016,-0.0192,-0.14,0.84,15887069.97,,,66.1975,3.7184,1.3486,15.1557,1886254725,,,,,,,
2014-08-25,1055620,14.04,14.0497,13.8187,13.9534,-0.0482,-0.34,0.81,15296554.41,,,65.97,3.7056,1.344,15.1036,1879772750,,,,,,,
2014-08-26,1630976,13.9823,14.0882,13.8668,13.9919,0.0385,0.28,1.26,23712125.17,,,66.152,3.7159,1.3477,15.1453,1884958330,,,,,,,
2014-08-27,1704236,13.9246,13.9342,13.5012,13.5685,-0.4234,-3.03,1.31,24133595.54,,,64.1502,3.6034,1.3069,14.687,1827916950,,,,,,,
2014-08-28,1036972,13.53,13.7032,13.3761,13.3761,-0.1924,-1.42,0.8,14571378.84,,,63.2402,3.5523,1.2884,14.4786,1801989050,,,,,,,
2014-08-29,697328,13.3568,13.5589,13.3376,13.5396,0.1635,1.22,0.54,9754148.73,,,64.0137,3.5958,1.3042,14.6557,1824027765,,,,,,,
2014-09-01,1336687,13.5493,13.7321,13.4723,13.6647,0.1251,0.92,1.03,18921613.89,,,64.6051,3.629,1.3162,14.7911,1840880900,,,,,,,
2014-09-02,1745743,13.6744,13.838,13.6744,13.761,0.0963,0.7,1.35,24928929.13,,,65.0601,3.6545,1.3255,14.8953,1853844850,,,,,,,
2014-09-03,4428437,13.7514,15.0986,13.7514,14.5693,0.8083,5.87,3.42,66247206.2,,,68.8818,3.8692,1.4033,15.7703,1962742030,,,,,,,
2014-09-04,2891323,14.425,15.1082,14.3961,14.5019,-0.0674,-0.46,2.23,44044281.65,,,68.5633,3.8513,1.3968,15.6974,1953667265,,,,,,,
2014-09-05,2322851,14.5886,14.7233,14.425,14.5404,0.0385,0.27,1.79,35059139.56,,,68.7453,3.8615,1.4006,15.739,1958852845,,,,,,,
2014-09-09,2433368,14.6078,15.0601,14.4923,14.8291,0.2887,1.99,1.88,37492420.71,,,70.1102,3.9382,1.4284,16.0515,1997744695,,,,,,,
2014-09-10,2029541,14.6848,15.2429,14.6848,15.1371,0.308,2.08,1.57,31873513.27,,,71.5661,4.02,1.458,16.3848,2039229335,,,,,,,
2014-09-11,2399545,15.1371,15.2333,14.6367,14.6848,-0.4523,-2.99,1.85,37218488.43,,,69.4278,3.8999,1.4145,15.8953,1978298770,,,,,,,
2014-09-12,1471243,14.6367,14.8484,14.4538,14.8291,0.1443,0.98,1.13,22463248.9,,,70.1102,3.9382,1.4284,16.0515,1997744695,,,,,,,
2014-09-15,2534073,14.8195,15.3776,14.8099,15.3584,0.5293,3.57,1.95,40074892.89,,,72.6125,4.0788,1.4793,16.6244,2069046420,,,,,,,
2014-09-16,1895306,15.2814,15.368,14.627,14.6463,-0.7121,-4.64,1.46,29580804.43,,,69.2458,3.8896,1.4107,15.8536,1973113190,,,,,,,
2014-09-17,1549098,14.7425,14.8003,14.1844,14.6367,-0.0096,-0.07,1.19,23394946.55,,,69.2003,3.8871,1.4098,15.8432,1971816795,,,,,,,
2014-09-18,1432945,14.6078,15.2525,14.5308,14.9735,0.3368,2.3,1.11,22186474.94,,,70.7927,3.9765,1.4423,16.2078,2017190620,,,,,,,
2014-09-19,1006854,14.9735,15.0601,14.8195,15.0216,0.0481,0.32,0.78,15651142.82,,,71.0202,3.9893,1.4469,16.2598,2023672595,,,,,,,
2014-09-22,1522876,14.8772,15.2525,14.6752,14.8388,-0.1828,-1.22,1.17,23808531.87,,,70.1557,3.9408,1.4293,16.0619,1999041090,,,,,,,
2014-09-23,2053906,14.935,15.6375,14.8195,15.4643,0.6255,4.22,1.58,32640537.26,,,73.113,4.1069,1.4895,16.739,2083306765,,,,,,,
2014-09-24,2523776,15.7818,17.0136,15.7818,17.0136,1.5493,10.02,1.95,43910091.04,,,80.4379,4.5183,1.6388,18.416,2292026360,,,,,,,
2014-09-25,9617342,17.36,18.7168,17.36,17.9951,0.9815,5.77,7.42,180893391.99,,,85.0786,4.779,1.7333,19.4785,2424258650,,,,,,,
2014-09-26,5019456,17.5428,17.8893,17.2734,17.7834,-0.2117,-1.18,3.87,91645924.77,,,84.0777,4.7228,1.7129,19.2493,2395737960,,,,,,,
2014-09-29,3547183,17.6391,17.8123,17.4466,17.5236,-0.2598,-1.46,2.74,64883341.72,,,82.8493,4.6538,1.6879,18.9681,2360735295,,,,,,,
2014-09-30,3330286,17.5236,17.6872,17.0136,17.1868,-0.3368,-1.92,2.57,59595903.36,,,79.1695,4.5515,1.5788,17.7269,2315361470,,,,,,,
2014-10-08,3721636,17.4466,17.7545,17.2734,17.7161,0.5293,3.08,2.87,67982191.36,,,81.6076,4.6917,1.6274,18.2728,2386663195,,,,,,,
2014-10-09,3488616,17.7161,18.0336,17.3215,17.514,-0.2021,-1.14,2.69,63905502.75,,,80.6767,4.6382,1.6089,18.0643,2359438900,,,,,,,
2014-10-10,2511799,17.5525,17.5525,17.0809,17.206,-0.308,-1.76,1.94,44891091.05,,,79.2582,4.5566,1.5806,17.7467,2317954260,,,,,,,
2014-10-13,2371042,17.1098,17.4081,16.5324,17.3792,0.1732,1.01,1.83,41725911.93,,,80.0561,4.6025,1.5965,17.9254,2341289370,,,,,,,
2014-10-14,1389003,17.3215,17.3215,16.9558,17.0424,-0.3368,-1.94,1.07,24705390.79,,,78.5046,4.5133,1.5655,17.578,2295915545,,,,,,,
2014-10-15,1775708,17.0521,17.129,16.6671,16.7826,-0.2598,-1.52,1.37,31012794.39,,,77.3078,4.4445,1.5417,17.31,2260912880,,,,,,,
2014-10-16,1539206,16.4554,16.9943,16.4554,16.6479,-0.1347,-0.8,1.19,26888324.85,,,76.6872,4.4088,1.5293,17.171,2242763350,,,,,,,
2014-10-17,1452123,16.6286,16.7345,16.0801,16.3977,-0.2502,-1.5,1.12,24756458.59,,,75.5346,4.3426,1.5063,16.913,2209057080,,,,,,,
2014-10-20,1509057,16.5035,16.9077,16.4169,16.9077,0.51,3.11,1.16,26178100.58,,,77.884,4.4776,1.5532,17.439,2277766015,,,,,,,
2014-10-21,2139734,16.9077,17.6006,16.7537,16.9558,0.0481,0.28,1.65,38237586.24,,,78.1057,4.4904,1.5576,17.4886,2284247990,,,,,,,
2014-10-22,1456933,16.9558,17.129,16.4458,16.5517,-0.4041,-2.38,1.12,25467867.74,,,76.2439,4.3833,1.5205,17.0718,2229799400,,,,,,,
2014-10-23,1506409,16.3207,16.4747,15.7818,15.8396,-0.7121,-4.3,1.16,25194950.77,,,72.9636,4.1947,1.455,16.3373,2133866170,,,,,,,
2014-10-24,1055011,15.7241,16.1282,15.7145,15.8684,0.0288,0.18,0.81,17353357.73,,,73.0966,4.2024,1.4577,16.3671,2137755355,,,,,,,
2014-10-27,3274758,15.878,17.2253,15.8107,17.206,1.3376,8.43,2.53,57290618.42,,,79.2582,4.5566,1.5806,17.7467,2317954260,,,,,,,
2014-10-28,4845138,17.5717,17.8027,17.0521,17.7545,0.5485,3.19,3.74,88053295.47,,,81.7849,4.7019,1.631,18.3125,2391848775,,,,,,,
2014-10-29,3805407,17.437,17.6679,17.206,17.4851,-0.2694,-1.52,2.94,68855439.3,,,80.5437,4.6305,1.6062,18.0345,2355549715,,,,,,,
2014-10-30,3517850,17.3889,17.9855,17.3504,17.5043,0.0192,0.11,2.71,64554452.72,,,80.6323,4.6356,1.608,18.0544,2358142505,,,,,,,
2014-10-31,2874839,17.5332,17.7642,16.9366,17.0328,-0.4715,-2.69,2.22,51112292.05,,,78.4603,4.5108,1.5647,17.5681,2294619150,,,,,,,
2014-11-03,1865378,17.0424,17.2253,16.7441,16.9847,-0.0481,-0.28,1.44,32735874.17,,,78.2386,4.498,1.5602,17.5184,2288137175,,,,,,,
2014-11-04,1286974,16.9558,17.0039,16.7922,16.9462,-0.0385,-0.23,0.99,22578765.7,,,78.0613,4.4878,1.5567,17.4787,2282951595,,,,,,,
2014-11-05,2117577,16.9462,17.4081,16.8404,17.2638,0.3176,1.87,1.63,37787699.98,,,79.5241,4.5719,1.5859,17.8063,2325732630,,,,,,,
2014-11-06,1388539,17.1387,17.3889,16.9847,17.0617,-0.2021,-1.17,1.07,24684544.63,,,78.5933,4.5184,1.5673,17.5978,2298508335,,,,,,,
2014-11-07,1661774,17.1098,17.6776,16.7922,16.8019,-0.2598,-1.52,1.28,29625086.86,,,77.3964,4.4496,1.5434,17.3298,2263505670,,,,,,,
2014-11-10,1087573,16.7441,16.9655,16.4554,16.6286,-0.1733,-1.03,0.84,18859383.29,,,76.5985,4.4037,1.5275,17.1512,2240170560,,,,,,,
2014-11-11,2236660,16.5517,17.4081,16.4651,16.8596,0.231,1.39,1.73,39420521.56,,,77.6624,4.4649,1.5487,17.3894,2271284040,,,,,,,
2014-11-12,1085593,16.8596,16.927,16.3207,16.7537,-0.1059,-0.63,0.84,18665373.54,,,77.1748,4.4369,1.539,17.2802,2257023695,,,,,,,
2014-11-13,1399420,16.7537,16.7537,16.0031,16.0994,-0.6543,-3.91,1.08,23638317.16,,,74.1605,4.2636,1.4789,16.6053,2168868835,,,,,,,
2014-11-14,765231,16.0031,16.2726,15.955,16.109,0.0096,0.06,0.59,12785384.91,,,74.2048,4.2661,1.4798,16.6152,2170165230,,,,,,,
2014-11-17,1231112,16.186,16.34,16.1186,16.1764,0.0674,0.42,0.95,20751503.86,,,74.5151,4.2839,1.486,16.6847,2179239995,,,,,,,
2014-11-18,758014,16.1379,16.4458,16.0898,16.4458,0.2694,1.67,0.58,12784948.42,,,75.7563,4.3553,1.5107,16.9626,2215539055,,,,,,,
2014-11-19,954499,16.542,16.6864,15.5316,16.5517,0.1059,0.64,0.74,16302373.34,,,76.2439,4.3833,1.5205,17.0718,2229799400,,,,,,,
2014-11-20,531108,16.5035,16.5902,16.3977,16.4554,-0.0963,-0.58,0.41,9106276.59,,,75.8006,4.3578,1.5116,16.9725,2216835450,,,,,,,
2014-11-21,833728,16.3977,16.6094,16.3977,16.4362,-0.0192,-0.12,0.64,14293849.68,,,75.712,4.3528,1.5099,16.9527,2214242660,,,,,,,
2014-11-24,1203955,16.4939,16.8019,16.4554,16.7153,0.2791,1.7,0.93,20810034.11,,,76.9975,4.4267,1.5355,17.2405,2251838115,,,,,,,
2014-11-25,1547804,16.6479,17.1002,16.6286,17.0232,0.3079,1.84,1.19,27160542.84,,,78.416,4.5082,1.5638,17.5581,2293322755,,,,,,,
2014-11-26,3879011,17.0232,17.8796,16.8211,17.7257,0.7025,4.13,2.99,70058293.44,,,81.6519,4.6942,1.6283,18.2827,2387959590,,,,,,,
2014-11-27,2149341,17.4466,17.8027,17.2157,17.4274,-0.2983,-1.68,1.66,38999953.63,,,80.2777,4.6152,1.6009,17.975,2347771345,,,,,,,
2014-11-28,1977421,17.3792,17.5043,16.8788,17.1194,-0.308,-1.77,1.53,35161645.69,,,78.8592,4.5337,1.5726,17.6574,2306286705,,,,,,,
2014-12-01,1792683,16.9847,17.2734,16.5324,16.5517,-0.5677,-3.32,1.38,31455649.97,,,76.2439,4.3833,1.5205,17.0718,2229799400,,,,,,,
2014-12-02,1360519,16.6479,16.7826,16.5035,16.6094,0.0577,0.35,1.05,23522714.55,,,76.5099,4.3986,1.5258,17.1313,2237577770,,,,,,,
2014-12-03,2513704,16.7056,16.7345,15.955,16.4554,-0.154,-0.93,1.94,42315545.43,,,75.8006,4.3578,1.5116,16.9725,2216835450,,,,,,,
2014-12-04,2966947,16.4458,17.4947,16.3111,17.1868,0.7314,4.44,2.29,52268335.85,,,79.1695,4.5515,1.5788,17.7269,2315361470,,,,,,,
2014-12-05,2698896,16.9943,17.0328,15.4739,16.1667,-1.0201,-5.94,2.08,45833950.42,,,74.4708,4.2814,1.4851,16.6748,2177943600,,,,,,,
2014-12-08,2876922,16.2149,16.2149,15.5797,15.6086,-0.5581,-3.45,2.22,47068334.02,,,71.8998,4.1336,1.4338,16.0991,2102752690,,,,,,,
2014-12-09,3189364,15.5894,15.599,14.0882,14.2421,-1.3665,-8.75,2.46,48980722.2,,,65.6052,3.7717,1.3083,14.6897,1918664600,,,,,,,
2014-12-10,1678693,14.2325,14.8869,14.2325,14.8388,0.5967,4.19,1.29,25612542.27,,,68.3535,3.9297,1.3631,15.305,1999041090,,,,,,,
2014-12-11,1924664,14.8676,15.1948,14.627,15.0023,0.1635,1.1,1.48,29851427.17,,,69.1071,3.973,1.3781,15.4738,2021079805,,,,,,,
2014-12-12,1153590,15.012,15.1852,14.8291,15.1082,0.1059,0.71,0.89,18067428.84,,,69.5947,4.0011,1.3879,15.583,2035340150,,,,,,,
2014-12-15,1250361,15.1082,15.3776,14.8869,15.2814,0.1732,1.15,0.96,19787787.86,,,70.3926,4.0469,1.4038,15.7616,2058675260,,,,,,,
2014-12-16,1304158,15.1563,15.3199,14.9061,15.012,-0.2694,-1.76,1.01,20402921.87,,,69.1514,3.9756,1.379,15.4837,2022376200,,,,,,,
2014-12-17,1911921,15.012,15.012,14.425,14.4346,-0.5774,-3.85,1.47,28906768.12,,,66.4918,3.8227,1.326,14.8882,1944592500,,,,,,,
2014-12-18,821442,14.4346,14.5982,14.4346,14.5404,0.1058,0.73,0.63,12364505.86,,,66.9794,3.8507,1.3357,14.9974,1958852845,,,,,,,
2014-12-19,1419297,14.5693,14.5693,13.9631,14.2036,-0.3368,-2.32,1.09,21039786.65,,,65.4279,3.7615,1.3048,14.65,1913479020,,,,,,,
2014-12-22,2065371,14.0882,14.2036,12.9911,13.1836,-1.02,-7.18,1.59,28723009.28,,,60.7291,3.4914,1.2111,13.5979,1776061150,,,,,,,
2014-12-23,1186504,13.0104,14.1363,12.9141,13.2317,0.0481,0.36,0.92,16483083.33,,,60.9508,3.5041,1.2155,13.6475,1782543125,,,,,,,
2014-12-24,683839,13.3761,13.6359,13.2606,13.6359,0.4042,3.05,0.53,9586520.16,,,62.8126,3.6112,1.2526,14.0644,1836991715,,,,,,,
2014-12-25,567143,13.6551,13.7898,13.5685,13.7225,0.0866,0.64,0.44,8064046.36,,,63.2115,3.6341,1.2606,14.1537,1848659270,,,,,,,
2014-12-26,1610944,13.7129,14.4346,13.5589,14.0785,0.356,2.59,1.24,23433691.2,,,64.8516,3.7284,1.2933,14.5209,1896625885,,,,,,,
2014-12-29,3089807,14.0978,15.0408,13.5974,14.6463,0.5678,4.03,2.38,46084362.14,,,67.467,3.8787,1.3454,15.1065,1973113190,,,,,,,
2014-12-30,1404230,14.4346,14.9831,13.838,14.0497,-0.5966,-4.07,1.08,20867696.61,,,64.7186,3.7207,1.2906,14.4912,1892736700,,,,,,,
2014-12-31,935149,14.0497,14.5693,13.7898,14.2806,0.2309,1.64,0.72,13682836.31,,,138.2314,3.8329,1.3521,17.7382,1923850180,,,,,,,
2015-01-05,1836002,14.2229,14.8003,14.0208,14.6559,0.3753,2.63,1.42,27693858.29,,,141.8642,3.9337,1.3877,18.2043,1974409585,,,,,,,
2015-01-06,2055800,14.704,15.1948,14.5693,14.704,0.0481,0.33,1.59,31806743.86,,,142.3299,3.9466,1.3922,18.2641,1980891560,,,,,,,
2015-01-07,1352170,14.5308,14.6174,14.2421,14.5501,-0.1539,-1.05,1.04,20251433.97,,,140.8395,3.9053,1.3776,18.0729,1960149240,,,,,,,
2015-01-08,1300734,14.5597,15.0023,14.5116,14.5308,-0.0193,-0.13,1,19862597.28,,,140.6532,3.9001,1.3758,18.049,1957556450,,,,,,,
2015-01-09,999385,14.5116,14.5116,14.2421,14.2614,-0.2694,-1.85,0.77,14867655.69,,,138.0451,3.8278,1.3503,17.7143,1921257390,,,,,,,
2015-01-12,964000,14.2133,14.2133,13.453,13.4723,-0.7891,-5.53,0.74,13735547,,,130.407,3.616,1.2756,16.7341,1814953000,,,,,,,
2015-01-13,763119,13.3857,13.8187,13.3568,13.761,0.2887,2.14,0.59,10804608.86,,,133.2014,3.6935,1.3029,17.0927,1853844850,,,,,,,
2015-01-14,460555,13.8283,14.117,13.6744,13.7321,-0.0289,-0.21,0.36,6626187.9,,,132.922,3.6857,1.3002,17.0569,1849955665,,,,,,,
2015-01-15,427932,13.7321,13.9727,13.5685,13.9534,0.2213,1.61,0.33,6173575.5,,,135.0644,3.7451,1.3211,17.3318,1879772750,,,,,,,
2015-01-16,819260,13.9246,14.4057,13.5781,14.0304,0.077,0.55,0.63,11945892.09,,,135.8096,3.7658,1.3284,17.4274,1890143910,,,,,,,
2015-01-19,1244375,13.8476,14.3768,13.3472,13.53,-0.5004,-3.57,0.96,17935242.96,,,130.9659,3.6315,1.281,16.8058,1822731370,,,,,,,
2015-01-20,1454749,13.6647,14.3961,13.5685,14.1459,0.6159,4.55,1.12,21174282.18,,,136.9273,3.7968,1.3394,17.5708,1905700650,,,,,,,
2015-01-21,1864983,14.1555,14.4827,14.0497,14.4346,0.2887,2.04,1.44,27781340.97,,,139.7218,3.8743,1.3667,17.9294,1944592500,,,,,,,
2015-01-22,1619066,14.4153,14.7714,14.2517,14.6848,0.2502,1.73,1.25,24464583.91,,,142.1436,3.9414,1.3904,18.2402,1978298770,,,,,,,
2015-01-23,1633401,14.6752,14.9061,14.4346,14.4442,-0.2406,-1.64,1.26,24794146,,,139.8149,3.8768,1.3676,17.9414,1945888895,,,,,,,
2015-01-26,2894556,14.2421,15.1371,14.2421,15.0505,0.6063,4.2,2.23,44423495.28,,,145.6832,4.0396,1.425,18.6944,2027561780,,,,,,,
2015-01-27,3677254,15.0023,15.4931,14.4346,15.2044,0.1539,1.02,2.84,57287290.74,,,147.1736,4.0809,1.4396,18.8857,2048304100,,,,,,,
2015-01-28,1623571,15.1563,15.1563,14.8003,14.8484,-0.356,-2.34,1.25,25131186.01,,,143.7271,3.9853,1.4059,18.4434,2000337485,,,,,,,
2015-01-29,1093188,14.7233,15.012,14.5886,14.7233,-0.1251,-0.84,0.84,16816899.23,,,142.5162,3.9517,1.394,18.288,1983484350,,,,,,,
2015-01-30,809623,14.704,14.9157,14.5789,14.5886,-0.1347,-0.91,0.62,12374426.36,,,141.2121,3.9156,1.3813,18.1207,1965334820,,,,,,,
2015-02-02,900945,14.5308,14.9542,14.4346,14.7329,0.1443,0.99,0.7,13764028.56,,,142.6093,3.9543,1.3949,18.3,1984780745,,,,,,,
2015-02-03,1163492,14.7233,15.0505,14.7233,14.9735,0.2406,1.63,0.9,18087063.87,,,144.938,4.0189,1.4177,18.5988,2017190620,,,,,,,
2015-02-04,987201,15.0023,15.0505,14.7329,14.7521,-0.2214,-1.48,0.76,15237223.02,,,142.7956,3.9595,1.3968,18.3239,1987373535,,,,,,,
2015-02-05,909105,14.781,14.9542,14.6463,14.6559,-0.0962,-0.65,0.7,14006608.3,,,141.8642,3.9337,1.3877,18.2043,1974409585,,,,,,,
2015-02-06,768482,14.704,14.8869,14.4442,14.4635,-0.1924,-1.31,0.59,11685478.17,,,140.0012,3.882,1.3694,17.9653,1948481685,,,,,,,
2015-02-09,406488,14.4731,14.6078,14.2999,14.3961,-0.0674,-0.47,0.31,6123739.54,,,139.3492,3.8639,1.3631,17.8816,1939406920,,,,,,,
2015-02-10,650213,14.4346,14.8869,14.3961,14.627,0.2309,1.6,0.5,9900301.65,,,141.5847,3.9259,1.3849,18.1685,1970520400,,,,,,,
2015-02-11,638782,14.5789,14.7329,14.5019,14.704,0.077,0.53,0.49,9704156.7,,,142.3299,3.9466,1.3922,18.2641,1980891560,,,,,,,
2015-02-12,768308,14.704,14.9446,14.6655,14.9061,0.2021,1.37,0.59,11852436.56,,,144.286,4.0008,1.4113,18.5151,2008115855,,,,,,,
2015-02-13,993798,14.9542,15.0793,14.8965,14.9927,0.0866,0.58,0.77,15504131.37,,,145.1243,4.0241,1.4195,18.6227,2019783410,,,,,,,
2015-02-16,1072943,15.0312,15.1467,14.8388,15.0986,0.1059,0.71,0.83,16791706.11,,,146.149,4.0525,1.4296,18.7542,2034043755,,,,,,,
2015-02-17,796754,15.1467,15.1852,15.012,15.1178,0.0192,0.13,0.61,12503849.12,,,146.3353,4.0576,1.4314,18.7781,2036636545,,,,,,,
2015-02-25,1375960,15.2525,15.5124,15.2044,15.2429,0.1251,0.83,1.06,21942001.04,,,147.5462,4.0912,1.4432,18.9335,2053489680,,,,,,,
2015-02-26,1204340,15.2044,15.368,14.7329,15.1948,-0.0481,-0.32,0.93,18856325.04,,,147.0804,4.0783,1.4387,18.8737,2047007705,,,,,,,
2015-02-27,3029717,15.1756,16.032,15.012,15.7241,0.5293,3.48,2.34,49025037.03,,,152.2036,4.2204,1.4888,19.5311,2118309430,,,,,,,
2015-03-02,2408666,15.5894,15.9165,15.4931,15.8299,0.1058,0.67,1.86,39259908.3,,,153.2282,4.2488,1.4988,19.6626,2132569775,,,,,,,
2015-03-03,1564789,15.7241,15.8684,15.5027,15.5797,-0.2502,-1.58,1.21,25554037.29,,,150.8064,4.1816,1.4751,19.3518,2098863505,,,,,,,
2015-03-04,1879081,15.5894,16.0705,15.5412,15.9743,0.3946,2.53,1.45,31075118.08,,,154.6254,4.2875,1.5125,19.8419,2152015700,,,,,,,
2015-03-05,1553860,15.9839,16.0609,15.6663,16.0031,0.0288,0.18,1.2,25673107.75,,,154.9049,4.2953,1.5152,19.8778,2155904885,,,,,,,
2015-03-06,1318496,15.9743,16.2533,15.7818,15.8684,-0.1347,-0.84,1.02,21878705.25,,,153.6008,4.2591,1.5025,19.7104,2137755355,,,,,,,
2015-03-09,982595,15.8684,15.955,15.6856,15.9454,0.077,0.49,0.76,16188813.72,,,154.346,4.2798,1.5097,19.806,2148126515,,,,,,,
2015-03-10,1875830,15.9454,16.4554,15.9165,16.2245,0.2791,1.75,1.45,31699344.77,,,157.0473,4.3547,1.5362,20.1527,2185721970,,,,,,,
2015-03-11,1866263,16.2245,16.927,16.1667,16.2533,0.0288,0.18,1.44,31745444.89,,,157.3267,4.3624,1.5389,20.1885,2189611155,,,,,,,
2015-03-12,1676363,16.1667,16.6383,16.032,16.1379,-0.1154,-0.71,1.29,28421541.64,,,156.2089,4.3314,1.528,20.0451,2174054415,,,,,,,
2015-03-13,1136834,16.2437,16.3496,15.878,16.0609,-0.077,-0.48,0.88,18987581.3,,,155.4637,4.3108,1.5207,19.9495,2163683255,,,,,,,
2015-03-16,1949840,16.2437,16.5902,16.0898,16.4747,0.4138,2.58,1.5,33314774.08,,,159.4691,4.4218,1.5599,20.4635,2219428240,,,,,,,
2015-03-17,2620067,16.4458,16.8211,16.4266,16.7537,0.279,1.69,2.02,45459077.16,,,162.1704,4.4967,1.5863,20.8101,2257023695,,,,,,,
2015-03-18,1967264,16.7537,16.8885,16.6383,16.85,0.0963,0.57,1.52,34263747.58,,,163.1019,4.5225,1.5954,20.9296,2269987645,,,,,,,
2015-03-19,1912389,16.85,17.0424,16.5613,16.8307,-0.0193,-0.11,1.48,33522943.01,,,162.9156,4.5174,1.5936,20.9057,2267394855,,,,,,,
2015-03-20,1640530,16.696,17.1002,16.696,16.9847,0.154,0.91,1.27,28851755.33,,,164.4059,4.5587,1.6081,21.097,2288137175,,,,,,,
2015-03-23,2624227,16.9173,17.3119,16.8404,17.1868,0.2021,1.19,2.02,46574600.59,,,166.362,4.6129,1.6273,21.348,2315361470,,,,,,,
2015-03-24,2827475,17.2253,17.4466,16.3688,17.1194,-0.0674,-0.39,2.18,50207113.45,,,165.71,4.5949,1.6209,21.2643,2306286705,,,,,,,
2015-03-25,2667190,17.1002,17.2157,16.7634,17.0328,-0.0866,-0.51,2.06,47140895.87,,,164.8717,4.5716,1.6127,21.1567,2294619150,,,,,,,
2015-03-26,2735498,17.0521,17.591,16.8211,17.3023,0.2695,1.58,2.11,48928726.76,,,167.4798,4.6439,1.6382,21.4914,2330918210,,,,,,,
2015-03-27,2764335,17.4659,17.7449,17.206,17.7449,0.4426,2.56,2.13,50303594.19,,,171.7646,4.7628,1.6801,22.0412,2390552380,,,,,,,
2015-03-30,2871933,17.7545,18.2261,17.5717,17.6391,-0.1058,-0.6,2.22,53092140.59,,,170.74,4.7343,1.6701,21.9098,2376292035,,,,,,,
2015-03-31,2726302,17.4755,18.0144,17.4755,17.7545,0.1154,0.65,2.1,50316406.17,,,788.3799,4.7508,1.7986,39.8509,2391848775,,,,,,,
2015-04-01,3007651,17.7064,18.457,17.6391,18.4282,0.6737,3.79,2.32,56651861.13,,,818.2914,4.9311,1.8669,41.3629,2482596425,,,,,,,
2015-04-02,4752634,18.4378,19.6118,18.2934,19.3616,0.9334,5.07,3.67,93255224.93,,,859.7401,5.1808,1.9614,43.458,2608346740,,,,,,,
2015-04-03,3143956,19.1788,19.5733,18.8804,19.3327,-0.0289,-0.15,2.43,62620957.86,,,858.4582,5.1731,1.9585,43.3932,2604457555,,,,,,,
2015-04-07,2685724,19.2461,19.9678,19.1499,19.7946,0.4619,2.39,2.07,55025573.03,,,878.9689,5.2967,2.0053,44.43,2666684515,,,,,,,
2015-04-08,7914596,19.7946,21.777,17.8123,21.777,1.9824,10.01,6.11,170836629.02,,,966.9939,5.8271,2.2061,48.8795,2933741885,,,,,,,
2015-04-09,10957280,22.441,23.9422,20.5356,23.1146,1.3376,6.14,8.45,260407979.6,,,1026.3895,6.1851,2.3416,51.8818,3113940790,,,,,,,
2015-04-10,6665008,22.6142,23.4803,22.0561,23.1723,0.0577,0.25,5.14,159482633.15,,,1028.9533,6.2005,2.3475,52.0114,3121719160,,,,,,,
2015-04-13,6061427,22.6142,23.2878,22.2293,22.8644,-0.3079,-1.33,4.68,143336340.3,,,1015.2795,6.1181,2.3163,51.3202,3080234520,,,,,,,
2015-04-14,5424806,22.518,22.5468,21.6615,22.133,-0.7314,-3.2,4.18,124523749.47,,,982.8043,5.9224,2.2422,49.6787,2981708500,,,,,,,
2015-04-15,3716893,21.6808,22.1042,20.7666,20.7666,-1.3664,-6.17,2.87,82703270.71,,,922.1268,5.5568,2.1038,46.6116,2797620410,,,,,,,
2015-04-16,3724266,20.7088,21.1707,19.4001,20.5837,-0.1829,-0.88,2.87,79572821.83,,,914.008,5.5078,2.0852,46.2012,2772988905,,,,,,,
2015-04-17,4080083,20.6896,21.4498,20.3816,20.5933,0.0096,0.05,3.15,88709221.57,,,914.4353,5.5104,2.0862,46.2228,2774285300,,,,,,,
2015-04-20,3731481,20.2084,20.6607,19.4386,19.4963,-1.097,-5.33,2.88,77684102.27,,,865.7224,5.2169,1.9751,43.7604,2626496270,,,,,,,
2015-04-21,2277847,19.6407,20.5837,19.6407,20.4779,0.9816,5.03,1.76,47675120.45,,,909.3076,5.4795,2.0745,45.9636,2758728560,,,,,,,
2015-04-22,3359583,20.6896,21.2958,20.4779,21.0264,0.5485,2.68,2.59,73059250.6,,,933.6641,5.6263,2.1301,47.1947,2832623075,,,,,,,
2015-04-23,3296501,21.1515,21.3343,20.8435,21.0745,0.0481,0.23,2.54,72208696.56,,,935.8006,5.6392,2.135,47.3027,2839105050,,,,,,,
2015-04-24,4038206,20.882,21.6134,20.5549,21.5653,0.4908,2.33,3.12,89126009.16,,,957.5932,5.7705,2.1847,48.4043,2905221195,,,,,,,
2015-04-27,7660519,22.1427,23.6631,21.6615,22.7104,1.1451,5.31,5.91,179462405.28,,,1008.4426,6.0769,2.3007,50.9746,3059492200,,,,,,,
2015-04-28,4276036,22.133,22.4313,20.4971,20.6992,-2.0112,-8.86,3.3,94544049.17,,,919.1356,5.5387,2.0969,46.4604,2788545645,,,,,,,
2015-04-29,2342540,20.1892,21.1515,19.785,20.6896,-0.0096,-0.05,1.81,50258031.94,,,918.7083,5.5362,2.096,46.4388,2787249250,,,,,,,
2015-04-30,2329124,20.6896,21.1515,20.0929,20.218,-0.4716,-2.28,1.8,50115864.01,,,897.7703,5.41,2.0482,45.3804,2723725895,,,,,,,
2015-05-04,2479771,20.4779,20.5549,19.6118,20.449,0.231,1.14,1.91,51953681.91,,,908.0257,5.4718,2.0716,45.8988,2754839375,,,,,,,
2015-05-05,3005150,20.4009,21.3632,20.1122,20.5837,0.1347,0.66,2.32,64797620.91,,,914.008,5.5078,2.0852,46.2012,2772988905,,,,,,,
2015-05-06,2259373,20.449,20.7762,19.3135,19.6599,-0.9238,-4.49,1.74,47293060.47,,,872.9866,5.2606,1.9917,44.1276,2648534985,,,,,,,
2015-05-07,2364513,19.6214,19.6214,18.3993,19.1499,-0.51,-2.59,1.82,46494961.69,,,850.3393,5.1242,1.94,42.9829,2579826050,,,,,,,
2015-05-08,2699566,19.2076,20.5356,19.2076,20.4875,1.3376,6.98,2.08,55139542.08,,,909.7349,5.4821,2.0755,45.9852,2760024955,,,,,,,
2015-05-11,3608465,20.5452,21.267,20.3143,20.882,0.3945,1.93,2.78,78227485.51,,,927.2545,5.5877,2.1155,46.8708,2813177150,,,,,,,
2015-05-12,4163320,20.9205,21.2766,20.5741,21.2285,0.3465,1.66,3.21,90916462.99,,,942.6375,5.6804,2.1506,47.6483,2859847370,,,,,,,
2015-05-13,3571678,21.2285,21.6904,21.0841,21.6519,0.4234,1.99,2.76,79542867.65,,,961.439,5.7937,2.1935,48.5987,2916888750,,,,,,,
2015-05-14,3087757,21.6615,21.8732,21.1707,21.4209,-0.231,-1.07,2.38,68908977.91,,,951.1836,5.7319,2.1701,48.0803,2885775270,,,,,,,
2015-05-15,2369259,21.4209,21.4498,20.2277,20.8628,-0.5581,-2.61,1.83,51339011.73,,,926.3999,5.5825,2.1135,46.8276,2810584360,,,,,,,
2015-05-18,4212302,20.603,21.9983,20.5933,21.8732,1.0104,4.84,3.25,94044927.73,,,971.267,5.8529,2.2159,49.0955,2946705835,,,,,,,
2015-05-19,3719393,21.8155,22.5564,21.6038,22.2293,0.3561,1.63,2.87,85599304.09,,,987.0773,5.9482,2.2519,49.8947,2994672450,,,,,,,
2015-05-20,4065041,22.3062,22.9414,22.133,22.7489,0.5196,2.34,3.14,95698507.38,,,1010.1519,6.0872,2.3046,51.061,3064677780,,,,,,,
2015-05-21,3271961,22.6623,23.384,22.4795,23.1916,0.4427,1.95,2.52,77900638.17,,,1029.808,6.2057,2.3494,52.0546,3124311950,,,,,,,
2015-05-22,6497645,23.5284,25.5107,22.8066,24.7409,1.5493,6.68,5.01,163312597.11,,,1098.6043,6.6202,2.5064,55.5321,3333031545,,,,,,,
2015-05-25,4567549,24.5388,25.3086,24.0384,24.9237,0.1828,0.74,3.52,117375294.27,,,1106.7231,6.6692,2.5249,55.9425,3357663050,,,,,,,
2015-05-26,5021238,24.8756,26.0208,24.4618,25.6166,0.6929,2.78,3.87,133067843.88,,,1137.4891,6.8545,2.5951,57.4977,3451003490,,,,,,,
2015-05-27,4626888,25.6166,26.9253,24.8852,26.2998,0.6832,2.67,3.57,123971933.58,,,1167.8279,7.0374,2.6643,59.0312,3543047535,,,,,,,
2015-05-28,5650977,24.7505,26.4634,23.6727,23.692,-2.6078,-9.92,4.36,149391509.1,,,1052.0279,6.3396,2.4001,53.1778,3191724490,,,,,,,
2015-05-29,3899374,23.769,24.5388,22.3255,23.9229,0.2309,0.97,3.01,96059458.61,,,1062.2832,6.4014,2.4235,53.6962,3222837970,,,,,,,
2015-06-01,4075028,24.0192,25.607,23.9999,25.607,1.6841,7.04,3.14,106547469.55,,,1137.0618,6.852,2.5941,57.4761,3449707095,,,,,,,
2015-06-02,4766586,25.7706,27.8299,25.607,27.7144,2.1074,8.23,3.68,133357269.33,,,1230.6419,7.4159,2.8076,62.2063,3733617600,,,,,,,
2015-06-03,3382397,27.7144,27.7144,26.0881,26.8291,-0.8853,-3.19,2.61,94702198.82,,,1191.3297,7.179,2.7179,60.2192,3614349260,,,,,,,
2015-06-04,4890362,26.8387,27.6759,25.607,27.3584,0.5293,1.97,3.77,136080570.09,,,1214.8315,7.3206,2.7716,61.4072,3685650985,,,,,,,
2015-06-05,5003950,27.7625,28.696,27.3584,27.8972,0.5388,1.97,3.86,146093877.1,,,1238.7607,7.4648,2.8261,62.6167,3758249105,,,,,,,
2015-06-08,3360944,27.8972,27.9069,26.5693,27.3776,-0.5196,-1.86,2.59,95008249.72,,,1215.6862,7.3258,2.7735,61.4504,3688243775,,,,,,,
2015-06-09,5638036,26.9542,29.3503,26.9542,28.696,1.3184,4.82,4.35,166088411.65,,,1274.2271,7.6785,2.9071,64.4095,3865849890,,,,,,,
2015-06-10,3641462,28.388,29.1386,27.7914,28.6671,-0.0289,-0.1,2.81,108464287.25,,,1272.9452,7.6708,2.9041,64.3447,3861960705,,,,,,,
2015-06-11,4198821,28.6671,30.3126,27.5219,29.8892,1.2221,4.26,3.24,126418261.9,,,1327.2131,7.9978,3.0279,67.0878,4026602870,,,,,,,
2015-06-12,4326311,29.5524,32.882,29.5524,32.882,2.9928,10.01,3.34,140297940.24,,,1460.1053,8.7986,3.3311,73.8052,4429781715,,,,,,,
2015-06-15,4636392,34.1619,34.4698,31.6406,32.7376,-0.1444,-0.44,3.58,160255746.13,,,1453.6957,8.76,3.3165,73.4812,4410335790,,,,,,,
2015-06-16,4272241,32.4682,32.4682,29.4658,29.4658,-3.2718,-9.99,3.3,136283492.9,,,1308.4116,7.8845,2.985,66.1374,3969561490,,,,,,,
2015-06-17,4055742,28.8307,30.7649,27.5219,30.7649,1.2991,4.41,3.13,122482411.14,,,1366.0979,8.2322,3.1167,69.0534,4144574815,,,,,,,
2015-06-18,5896303,30.7649,33.5364,30.1298,30.7938,0.0289,0.09,4.55,197697554.98,,,1367.3799,8.2399,3.1196,69.1182,4148464000,,,,,,,
2015-06-19,3044640,28.898,30.6976,27.7144,27.7144,-3.0794,-10,2.35,91532804.79,,,1230.6419,7.4159,2.8076,62.2063,3733617600,,,,,,,
2015-06-23,2817928,27.6374,28.542,24.943,26.7521,-0.9623,-3.47,2.17,77099789.07,,,1187.9112,7.1584,2.7101,60.0464,3603978100,,,,,,,
2015-06-24,5814461,26.8676,29.4273,26.1362,29.4273,2.6752,10,4.49,168110394.53,,,1306.7024,7.8742,2.9811,66.051,3964375910,,,,,,,
2015-06-25,7075651,28.7148,31.1639,26.7767,28.2905,-1.1368,-3.86,5.46,215256259.14,,,1253.7164,7.6735,2.8603,63.3727,3803622930,,,,,,,
2015-06-26,4119049,27.0081,27.8373,25.4653,25.4653,-2.8252,-9.99,3.18,112469962.15,,,1128.5157,6.9072,2.5746,57.0441,3423779195,,,,,,,
2015-06-29,4429595,26.4199,26.5163,22.9198,23.238,-2.2273,-8.75,3.42,113194081.24,,,1029.808,6.303,2.3494,52.0546,3124311950,,,,,,,
2015-06-30,4697469,23.3344,25.0314,20.9913,24.8193,1.5813,6.8,3.62,114849987.47,,,-286.1872,6.8169,3.0626,3829.189,3336920730,,,,,,,
2015-07-01,3954087,24.1058,25.5714,22.3412,22.3412,-2.4781,-9.98,3.05,99562113.33,,,-257.6129,6.1363,2.7568,3446.8652,3003747215,,,,,,,
2015-07-02,3383773,22.3123,22.3123,20.1042,20.1042,-2.237,-10.01,2.61,72106114.76,,,-231.8183,5.5219,2.4808,3101.7324,2702983575,,,,,,,
2015-07-03,2500890,18.9953,19.4775,18.0986,18.0986,-2.0056,-9.98,1.93,47518745.34,,,-208.692,4.971,2.2333,2792.3029,2433333415,,,,,,,
2015-07-06,3414684,19.4967,19.5546,16.2859,16.2859,-1.8127,-10.02,2.63,62116122.18,,,-187.7895,4.4731,2.0096,2512.6264,2189611155,,,,,,,
2015-07-07,504900,14.6949,14.9938,14.6563,14.6563,-1.6296,-10.01,0.39,7684896,,,-168.9994,4.0255,1.8085,2261.215,1970520400,,,,,,,
2015-07-08,107100,13.1907,13.1907,13.1907,13.1907,-1.4656,-10,0.08,1465128,,,-152.0995,3.623,1.6277,2035.0935,1773468360,,,,,,,
2015-07-09,7573571,11.8697,14.5117,11.8697,14.5117,1.321,10.01,5.84,103419808.89,,,-167.3317,3.9858,1.7907,2238.9003,1951074475,,,,,,,
2015-07-10,2828715,14.7817,15.9677,14.5599,15.9677,1.456,10.03,2.18,45141538.59,,,-184.1204,4.3857,1.9704,2463.5342,2146830120,,,,,,,
2015-07-13,7615410,16.6812,17.5683,16.1991,17.5683,1.6006,10.02,5.87,135148316.86,,,-202.5769,4.8253,2.1679,2710.4827,2362031690,,,,,,,
2015-07-14,8919312,17.3561,19.0628,16.7294,17.4526,-0.1157,-0.66,6.88,165535941.17,,,-201.2427,4.7935,2.1536,2692.631,2346474950,,,,,,,
2015-07-15,4764617,17.0476,17.6165,15.7073,15.7073,-1.7453,-10,3.68,81577155.17,,,-181.1184,4.3142,1.9382,2423.3679,2111827455,,,,,,,
2015-07-16,4178482,14.4635,16.3919,14.2224,15.7652,0.0579,0.37,3.22,67056388.55,,,-181.7855,4.3301,1.9454,2432.2937,2119605825,,,,,,,
2015-07-17,4752307,15.9002,17.3465,15.8712,17.3465,1.5813,10.03,3.67,82215737.75,,,-200.0197,4.7644,2.1405,2676.2669,2332214605,,,,,,,
2015-07-20,8455350,18.3204,18.7832,17.7515,18.5132,1.1667,6.73,6.52,161042058.13,,,-213.4729,5.0849,2.2845,2856.2715,2489078400,,,,,,,
2015-07-21,8928315,18.1372,20.3645,17.7515,20.3645,1.8513,10,6.89,180439375.33,,,-234.8202,5.5934,2.5129,3141.8987,2737986240,,,,,,,
2015-07-22,9593630,19.9981,22.3991,19.7667,22.3991,2.0346,9.99,7.4,213025188.99,,,-258.28,6.1522,2.764,3455.791,3011525585,,,,,,,
2015-07-23,10146479,23.6236,24.6361,23.6236,24.6361,2.237,9.99,7.83,257090725.88,,,-284.0747,6.7666,3.04,3800.9238,3312289225,,,,,,,
2015-07-24,11879930,25.07,26.1981,23.2572,23.6236,-1.0125,-4.11,9.16,302226279.02,,,-272.4004,6.4885,2.9151,3644.7215,3176167750,,,,,,,
2015-07-27,7280255,22.5051,24.1058,21.2613,21.2613,-2.3623,-10,5.62,171841577.33,,,-245.1603,5.8397,2.6236,3280.2493,2858550975,,,,,,,
2015-07-28,7930263,19.5739,21.3577,19.14,19.3521,-1.9092,-8.98,6.12,160813715.35,,,-223.1459,5.3153,2.388,2985.6963,2601864765,,,,,,,
2015-07-29,6556970,19.8535,21.2902,18.5422,21.2902,1.9381,10.01,5.06,135320188.29,,,-245.4939,5.8476,2.6272,3284.7123,2862440160,,,,,,,
2015-07-30,7339452,21.2902,22.968,20.4224,20.731,-0.5592,-2.63,5.66,166730561.31,,,-239.0452,5.694,2.5581,3198.4291,2787249250,,,,,,,
2015-07-31,4514530,20.2488,22.0423,19.381,20.6538,-0.0772,-0.37,3.48,97947298.22,,,-238.1557,5.6728,2.5486,3186.5279,2776878090,,,,,,,
2015-08-03,5452416,20.2296,20.7213,18.5904,20.7117,0.0579,0.28,4.21,108500523.13,,,-238.8228,5.6887,2.5558,3195.4538,2784656460,,,,,,,
2015-08-04,8954206,20.2488,22.7655,20.0367,22.7655,2.0538,9.92,6.91,201411883.14,,,-262.505,6.2528,2.8092,3512.3214,3060788595,,,,,,,
2015-08-05,7353458,22.7655,23.7683,21.6952,22.4666,-0.2989,-1.31,5.67,173892829.36,,,-259.0583,6.1707,2.7723,3466.2045,3020600350,,,,,,,
2015-08-06,3738296,21.5891,23.0933,21.4541,21.6952,-0.7714,-3.43,2.88,85684246.02,,,-250.1636,5.9588,2.6771,3347.1932,2916888750,,,,,,,
2015-08-07,3600824,22.1194,22.6594,21.6952,22.0712,0.376,1.73,2.78,82791896.64,,,-254.4998,6.0621,2.7235,3405.2112,2967448155,,,,,,,
2015-08-10,5475467,22.4376,23.7201,22.4376,23.5079,1.4367,6.51,4.22,131369987.76,,,-271.0662,6.4567,2.9008,3626.8698,3160611010,,,,,,,
2015-08-11,6867439,23.238,25.2628,22.6594,24.6264,1.1185,4.76,5.3,173807728.13,,,-283.9635,6.7639,3.0388,3799.4362,3310992830,,,,,,,
2015-08-12,5222609,24.1733,24.8771,23.6236,24.1154,-0.511,-2.08,4.03,131635997.19,,,-278.0707,6.6236,2.9758,3720.5912,3242283895,,,,,,,
2015-08-13,4843767,23.7201,24.7807,23.3344,24.7711,0.6557,2.72,3.74,121234057.71,,,-285.6312,6.8037,3.0567,3821.7508,3330438755,,,,,,,
2015-08-14,7686248,24.9543,27.2492,24.5011,26.1692,1.3981,5.64,5.93,206518663.06,,,-301.7529,7.1877,3.2292,4037.4588,3518416030,,,,,,,
2015-08-17,7282965,25.6775,28.5412,25.3882,28.493,2.3238,8.88,5.62,204045629.97,,,-328.5482,7.8259,3.516,4395.9804,3830847225,,,,,,,
2015-08-18,8817761,28.5412,29.8911,25.6485,25.6485,-2.8445,-9.98,6.8,251538267.48,,,-295.749,7.0447,3.165,3957.1262,3448410700,,,,,,,
2015-08-19,7528942,23.1897,26.5163,23.0837,25.3882,-0.2603,-1.01,5.81,188058599.34,,,-292.747,6.9732,3.1328,3916.9599,3413408035,,,,,,,
2015-08-20,4560407,24.8,25.2918,22.8523,22.8523,-2.5359,-9.99,3.52,112894704.9,,,-263.5057,6.2766,2.8199,3525.7102,3072456150,,,,,,,
2015-08-21,3738736,21.9073,22.8908,20.567,20.567,-2.2853,-10,2.88,82805669.28,,,-237.1551,5.649,2.5379,3173.1392,2765210535,,,,,,,
2015-08-24,1272800,19.2268,19.2268,18.5132,18.5132,-2.0538,-9.99,0.98,24560765,,,-213.4729,5.0849,2.2845,2856.2715,2489078400,,,,,,,
2015-08-25,2634611,16.6619,17.2694,16.6619,16.6619,-1.8513,-10,2.03,45646921.37,,,-192.1256,4.5764,2.056,2570.6444,2240170560,,,,,,,
2015-08-26,4405023,16.4016,17.1344,14.9938,14.9938,-1.6681,-10.01,3.4,72421173,,,-172.8908,4.1182,1.8502,2313.2824,2015894225,,,,,,,
2015-08-27,4404962,15.717,16.498,14.8106,16.498,1.5042,10.03,3.4,71034115.07,,,-190.2355,4.5314,2.0358,2545.3545,2218131845,,,,,,,
2015-08-28,2306364,17.3561,18.1468,17.1633,18.1468,1.6488,9.99,1.78,42707427.66,,,-209.248,4.9842,2.2393,2799.7412,2439815390,,,,,,,
2015-08-31,8218387,19.7667,19.9596,18.8121,19.0918,0.945,5.21,6.34,166400371.08,,,-220.144,5.2438,2.3559,2945.53,2566862100,,,,,,,
2015-09-01,4487305,18.8989,18.8989,17.1826,17.1826,-1.9092,-10,3.46,81065891.91,,,-198.1296,4.7194,2.1203,2650.977,2310175890,,,,,,,
2015-09-02,4444515,15.6205,18.3204,15.4663,15.4663,-1.7163,-9.99,3.43,74564221.96,,,-178.3388,4.248,1.9085,2386.1768,2079417580,,,,,,,
2015-09-07,3209734,15.7845,16.8644,15.5241,15.8134,0.3471,2.24,2.48,53882131.2,,,-182.3415,4.3433,1.9513,2439.7319,2126087800,,,,,,,
2015-09-08,3107904,15.8134,16.9705,15.4373,16.9126,1.0992,6.95,2.4,52430582.88,,,-195.0164,4.6452,2.087,2609.3231,2273876830,,,,,,,
2015-09-09,4123641,17.2887,18.3107,16.9319,17.954,1.0414,6.16,3.18,75410458.28,,,-207.0243,4.9313,2.2155,2769.9883,2413887490,,,,,,,
2015-09-10,3996544,17.3561,18.9761,17.2404,18.224,0.27,1.5,3.08,75220804.91,,,-210.1374,5.0054,2.2488,2811.6423,2450186550,,,,,,,
2015-09-11,3316850,18.089,19.0918,17.6454,18.3011,0.0771,0.42,2.56,63267594.1,,,-211.0269,5.0266,2.2583,2823.5434,2460557710,,,,,,,
2015-09-14,4196663,18.8507,19.1785,16.4691,16.4691,-1.832,-10.01,3.24,77750220.88,,,-189.902,4.5234,2.0322,2540.8915,2214242660,,,,,,,
2015-09-15,3467279,15.958,16.4691,14.8202,15.177,-1.2921,-7.85,2.67,56092528.49,,,-175.0033,4.1685,1.8728,2341.5476,2040525730,,,,,,,
2015-09-16,3430361,15.3313,16.6908,14.7142,16.6908,1.5138,9.97,2.65,56007762.66,,,-192.4592,4.5843,2.0596,2575.1073,2244059745,,,,,,,
2015-09-17,4875193,17.0187,18.1082,16.4112,16.7583,0.0675,0.4,3.76,87821009.94,,,-193.2375,4.6029,2.0679,2585.5208,2253134510,,,,,,,
2015-09-18,2304281,16.7776,17.5297,16.5655,17.038,0.2797,1.67,1.78,40710837.52,,,-196.4618,4.6797,2.1024,2628.6624,2290729965,,,,,,,
2015-09-21,2334932,17.0669,17.819,16.5366,17.7226,0.6846,4.02,1.8,42333772.34,,,-204.3559,4.8677,2.1869,2734.2849,2382774010,,,,,,,
2015-09-22,2607556,18.0311,18.3589,17.819,17.8865,0.1639,0.92,2.01,48906787.58,,,-206.246,4.9127,2.2071,2759.5748,2404812725,,,,,,,
2015-09-23,2676378,17.2887,17.8768,16.9705,17.3561,-0.5304,-2.97,2.06,48001021.52,,,-200.1309,4.7671,2.1417,2677.7546,2333511000,,,,,,,
2015-09-24,2722595,17.4044,18.0793,17.1633,17.9443,0.5882,3.39,2.1,50167795.74,,,-206.9131,4.9286,2.2143,2768.5007,2412591095,,,,,,,
2015-09-25,3015426,17.9443,19.0821,17.1633,17.5394,-0.4049,-2.26,2.33,56911297.08,,,-202.2434,4.8174,2.1643,2706.0197,2358142505,,,,,,,
2015-09-28,2915657,17.6261,18.8989,16.9897,18.7446,1.2052,6.87,2.25,54894224.12,,,-216.1413,5.1484,2.313,2891.9749,2520191880,,,,,,,
2015-09-29,3437809,18.2722,18.9278,18.1468,18.4168,-0.3278,-1.75,2.65,66371845.78,,,-212.3611,5.0584,2.2726,2841.3951,2476114450,,,,,,,
2015-09-30,1817318,18.3107,18.7929,17.9347,18.1275,-0.2893,-1.57,1.4,34476333.43,,,-95.1974,5.1,2.7371,-230.7352,2437222600,,,,,,,
2015-10-08,4124885,19.1593,19.381,18.4264,19.005,0.8775,4.84,3.18,80644160.43,,,-99.8054,5.3468,2.8696,-241.9038,2555194545,,,,,,,
2015-10-09,2572526,18.9953,19.0436,18.5229,18.8218,-0.1832,-0.96,1.98,50266255.69,,,-98.8433,5.2953,2.8419,-239.5719,2530563040,,,,,,,
2015-10-12,3546684,18.9761,19.9596,18.6193,19.5546,0.7328,3.89,2.74,71321927.59,,,-102.6917,5.5015,2.9526,-248.8995,2629089060,,,,,,,
2015-10-13,3331139,19.2846,20.191,19.14,19.9885,0.4339,2.22,2.57,68228545.99,,,-104.9703,5.6235,3.0181,-254.4224,2687426835,,,,,,,
2015-10-14,3230392,19.8149,21.6952,19.6896,20.056,0.0675,0.34,2.49,68258424.35,,,-105.3248,5.6425,3.0283,-255.2815,2696501600,,,,,,,
2015-10-15,2944607,20.0753,21.1841,20.0656,20.731,0.675,3.37,2.27,62993113.3,,,-108.8694,5.8324,3.1302,-263.8727,2787249250,,,,,,,
2015-10-16,4518184,21.107,22.0423,20.0656,21.5891,0.8581,4.14,3.49,99400627.27,,,-113.376,6.0738,3.2598,-274.7958,2902628405,,,,,,,
2015-10-19,3401944,21.4831,21.5891,20.2488,20.8949,-0.6942,-3.22,2.62,73906362.47,,,-109.7302,5.8785,3.155,-265.9592,2809287965,,,,,,,
2015-10-20,2680459,20.6538,21.0106,20.2488,20.8949,0,0,2.07,57439781.46,,,-109.7302,5.8785,3.155,-265.9592,2809287965,,,,,,,
2015-10-21,3244374,20.8949,21.4059,18.8025,18.8025,-2.0924,-10.01,2.5,68340520.18,,,-98.742,5.2899,2.839,-239.3264,2527970250,,,,,,,
2015-10-22,3041093,18.8025,19.4775,18.5132,19.3617,0.5592,2.97,2.35,60074289.9,,,-101.6789,5.4472,2.9235,-246.4448,2603161160,,,,,,,
2015-10-23,2469413,19.6703,20.0367,19.3135,19.8246,0.4629,2.39,1.9,50284044.02,,,-104.1095,5.5774,2.9934,-252.336,2665388120,,,,,,,
2015-10-26,2608768,20.2681,21.0106,19.2943,20.5285,0.7039,3.55,2.01,55030085.94,,,-107.806,5.7754,3.0996,-261.2954,2760024955,,,,,,,
2015-10-27,3109741,20.2488,21.1552,19.9789,20.9624,0.4339,2.11,2.4,66728666.49,,,-110.0846,5.8975,3.1652,-266.8183,2818362730,,,,,,,
2015-10-28,3117382,21.3095,21.6952,20.7695,20.9527,-0.0097,-0.05,2.4,68451395.42,,,-110.034,5.8948,3.1637,-266.6955,2817066335,,,,,,,
2015-10-29,2457855,20.731,21.6759,20.4899,20.837,-0.1157,-0.55,1.9,53593469.96,,,-109.4264,5.8623,3.1462,-265.2228,2801509595,,,,,,,
2015-10-30,1935814,20.731,21.0781,20.2971,20.6827,-0.1543,-0.74,1.49,41615890.34,,,-108.6162,5.8188,3.1229,-263.2591,2780767275,,,,,,,
2015-11-02,1671683,20.0367,21.1841,19.9789,20.0367,-0.646,-3.12,1.29,35490434.88,,,-105.2235,5.6371,3.0254,-255.036,2693908810,,,,,,,
2015-11-03,1550894,20.191,20.5188,19.3328,19.4678,-0.5689,-2.84,1.2,32041516,,,-102.2359,5.477,2.9395,-247.7949,2617421505,,,,,,,
2015-11-04,2182515,19.3617,20.3453,19.3617,20.3163,0.8485,4.36,1.68,45443472.61,,,-106.692,5.7158,3.0676,-258.5953,2731504265,,,,,,,
2015-11-05,2919046,20.6345,21.4927,20.4706,20.7599,0.4436,2.18,2.25,63464458.4,,,-109.0213,5.8405,3.1346,-264.2409,2791138435,,,,,,,
2015-11-06,2272877,20.4899,21.2902,20.4899,21.1938,0.4339,2.09,1.75,49555453.61,,,-111.2999,5.9626,3.2001,-269.7638,2849476210,,,,,,,
2015-11-09,3662927,21.2131,22.2544,21.0202,21.8591,0.6653,3.14,2.83,82578141.3,,,-114.7939,6.1498,3.3006,-278.2323,2938927465,,,,,,,
2015-11-10,2578764,21.6952,22.1773,21.242,21.888,0.0289,0.13,1.99,58209827.87,,,-114.9458,6.1579,3.3049,-278.6005,2942816650,,,,,,,
2015-11-11,3913547,22.0327,22.8619,21.7916,22.6594,0.7714,3.52,3.02,90676755.39,,,-118.9967,6.375,3.4214,-288.419,3046528250,,,,,,,
2015-11-12,2958282,22.4376,23.0933,22.2352,22.833,0.1736,0.77,2.28,69488375.87,,,-119.9082,6.4238,3.4476,-290.6282,3069863360,,,,,,,
2015-11-13,2138380,22.698,22.8041,21.9941,22.4762,-0.3568,-1.56,1.65,49885737.85,,,-118.0346,6.3234,3.3937,-286.0871,3021896745,,,,,,,
2015-11-16,2671662,21.7916,23.0065,21.5988,22.7269,0.2507,1.12,2.06,62056489.63,,,-119.3512,6.394,3.4316,-289.2781,3055603015,,,,,,,
2015-11-17,2931547,22.7269,23.479,22.6787,23.0258,0.2989,1.32,2.26,70299810.94,,,-120.9209,6.478,3.4767,-293.0828,3095791260,,,,,,,
2015-11-18,2162104,22.6594,23.2572,21.7048,21.9362,-1.0896,-4.73,1.67,50915044.27,,,-115.199,6.1715,3.3122,-279.2142,2949298625,,,,,,,
2015-11-19,1937774,22.5437,22.6594,21.7145,22.6016,0.6654,3.03,1.49,44659961.86,,,-118.6929,6.3587,3.4127,-287.6826,3038749880,,,,,,,
2015-11-20,3167257,22.5726,23.6236,22.4955,23.0837,0.4821,2.13,2.44,76028946.21,,,-121.2248,6.4943,3.4855,-293.8192,3103569630,,,,,,,
2015-11-23,2668309,23.0644,23.5658,22.6594,22.8715,-0.2122,-0.92,2.06,63798708.49,,,-120.1108,6.4346,3.4534,-291.1191,3075048940,,,,,,,
2015-11-24,1639798,22.6787,23.1415,22.6787,22.9294,0.0579,0.25,1.26,38900181.78,,,-120.4146,6.4509,3.4622,-291.8555,3082827310,,,,,,,
2015-11-25,2403787,22.968,23.749,22.7558,23.7201,0.7907,3.45,1.85,58010544.39,,,-124.5668,6.6734,3.5816,-301.9195,3189131700,,,,,,,
2015-11-26,4231715,23.7972,25.3593,23.7972,24.3083,0.5882,2.48,3.26,108199475.12,,,-127.6557,6.8388,3.6704,-309.4061,3268211795,,,,,,,
2015-11-27,3553720,24.2022,24.8675,21.9362,22.5534,-1.7549,-7.22,2.74,88045351.87,,,-118.4397,6.3451,3.4054,-287.069,3032267905,,,,,,,
2015-11-30,3564704,22.5823,23.3729,21.6952,23.2669,0.7135,3.16,2.75,84392273.62,,,-122.1869,6.5459,3.5131,-296.1511,3128201135,,,,,,,
2015-12-01,2495924,23.1415,23.8165,22.7655,23.6815,0.4146,1.78,1.93,60345259.87,,,-124.3643,6.6625,3.5757,-301.4286,3183946120,,,,,,,
2015-12-02,6493054,23.6815,26.0535,23.5079,26.0535,2.372,10.02,5.01,168398267.26,,,-136.8209,7.3298,3.9339,-331.6205,3502859290,,,,,,,
2015-12-03,4071658,25.6871,26.5163,25.3689,26.1114,0.0579,0.22,3.14,109152601.77,,,-137.1248,7.3461,3.9426,-332.3569,3510637660,,,,,,,
2015-12-04,2812598,26.2271,26.7285,25.3689,25.6678,-0.4436,-1.7,2.17,75574841.49,,,-134.7955,7.2213,3.8756,-326.7112,3451003490,,,,,,,
2015-12-07,2389484,25.3593,25.8414,24.559,25.6485,-0.0193,-0.08,1.84,62479172.41,,,-134.6942,7.2159,3.8727,-326.4658,3448410700,,,,,,,
2015-12-08,1627971,25.07,25.5907,24.7807,24.9254,-0.7231,-2.82,1.26,42524566.29,,,-130.8964,7.0125,3.7635,-317.2609,3351181075,,,,,,,
2015-12-09,1596816,24.665,25.3882,24.5493,24.7614,-0.164,-0.66,1.23,41286601.6,,,-130.0356,6.9663,3.7388,-315.1745,3329142360,,,,,,,
2015-12-10,2463682,24.6939,24.7422,23.8936,24.395,-0.3664,-1.48,1.9,62040549.31,,,-128.1114,6.8633,3.6835,-310.5107,3279879350,,,,,,,
2015-12-11,2326533,24.395,24.5782,22.9294,23.9129,-0.4821,-1.98,1.79,57595904.68,,,-125.5795,6.7276,3.6107,-304.3741,3215059600,,,,,,,
2015-12-14,1632064,23.6236,24.5397,23.5562,24.3275,0.4146,1.73,1.26,40662687.93,,,-127.7569,6.8443,3.6733,-309.6516,3270804585,,,,,,,
2015-12-15,2805499,24.6361,26.1017,24.289,25.2339,0.9064,3.73,2.16,72992868.52,,,-132.5168,7.0993,3.8101,-321.1883,3392665715,,,,,,,
2015-12-16,2982938,25.0893,26.8056,25.0893,25.9378,0.7039,2.79,2.3,80633671.09,,,-136.2133,7.2973,3.9164,-330.1477,3487302550,,,,,,,
2015-12-17,1809196,26.0342,26.2849,25.5521,26.0053,0.0675,0.26,1.4,48613121.25,,,-136.5678,7.3163,3.9266,-331.0068,3496377315,,,,,,,
2015-12-18,1549850,25.8414,26.2464,25.6485,25.9378,-0.0675,-0.26,1.2,41762078.94,,,-136.2133,7.2973,3.9164,-330.1477,3487302550,,,,,,,
2015-12-21,2979687,25.7064,25.9571,24.8097,25.5039,-0.4339,-1.67,2.3,78321425.73,,,-133.9346,7.1752,3.8509,-324.6248,3428964775,,,,,,,
2015-12-22,1720297,25.3882,25.5425,25.0314,25.3303,-0.1736,-0.68,1.33,45109309.31,,,-133.0232,7.1264,3.8247,-322.4156,3405629665,,,,,,,
2015-12-23,4006572,25.4075,26.5163,25.3785,26.0149,0.6846,2.7,3.09,108507204.45,,,-136.6184,7.319,3.9281,-331.1296,3497673710,,,,,,,
2015-12-24,1678059,25.745,25.986,25.0314,25.2628,-0.7521,-2.89,1.29,44174289.8,,,-132.6687,7.1074,3.8145,-321.5565,3396554900,,,,,,,
2015-12-25,4950495,25.446,27.7891,25.446,26.8924,1.6296,6.45,3.82,138805274.09,,,-141.2263,7.5659,4.0605,-342.2981,3615645655,,,,,,,
2015-12-28,7944104,26.8924,29.5826,26.5163,29.0715,2.1791,8.1,6.13,236121639.09,,,-152.6703,8.1789,4.3896,-370.0355,3908630925,,,,,,,
2015-12-29,5331014,29.409,30.5565,27.818,29.9876,0.9161,3.15,4.11,160989111.69,,,-157.4808,8.4367,4.5279,-381.695,4031788450,,,,,,,
2015-12-30,2919955,29.8911,30.5854,29.168,30.1033,0.1157,0.39,2.25,90551632.62,,,-158.0884,8.4692,4.5454,-383.1677,4047345190,,,,,,,
2015-12-31,1292268,29.8911,30.5468,29.3705,29.5633,-0.54,-1.79,1,40167464.03,,,-238.9971,8.2444,5.034,368.1706,3974747070,,,,,,,
2016-01-04,2013546,29.4187,29.679,26.6031,26.6031,-2.9602,-10.01,1.55,56439272.23,,,-215.0662,7.4189,4.5299,331.3055,3576753805,,,,,,,
2016-01-05,3939145,24.395,25.7835,23.9418,24.5975,-2.0056,-7.54,3.04,100824146.92,,,-198.8524,6.8596,4.1884,306.3285,3307103645,,,,,,,
2016-01-06,5337568,24.7807,25.3111,23.238,24.2986,-0.2989,-1.22,4.12,133078190.31,,,-196.436,6.7762,4.1375,302.606,3266915400,,,,,,,
2016-01-07,833400,23.614,23.6622,21.8687,21.8687,-2.4299,-10,0.64,19484571,,,-176.7924,6.0986,3.7238,272.3454,2940223860,,,,,,,
2016-01-08,3633099,22.0134,22.563,19.7957,20.9238,-0.9449,-4.32,2.8,79929069.74,,,-169.1532,5.8351,3.5629,260.5774,2813177150,,,,,,,
2016-01-11,2555621,20.1524,20.5285,18.8314,18.8314,-2.0924,-10,1.97,51530549.74,,,-152.2379,5.2516,3.2066,234.5196,2531859435,,,,,,,
2016-01-12,2088887,18.87,19.4582,18.3782,19.1303,0.2989,1.59,1.61,41330424.84,,,-154.6544,5.3349,3.2575,238.2422,2572047680,,,,,,,
2016-01-13,1797234,19.1882,19.6703,18.7157,18.7157,-0.4146,-2.17,1.39,35936629.93,,,-151.3025,5.2193,3.1869,233.0786,2516302695,,,,,,,
2016-01-14,2225526,18.1757,19.9114,17.6454,19.5546,0.8389,4.48,1.72,43121280.58,,,-158.0842,5.4533,3.3297,243.5257,2629089060,,,,,,,
2016-01-15,1655774,19.2557,19.8921,18.3397,18.4168,-1.1378,-5.82,1.28,33050144.27,,,-148.886,5.136,3.136,229.3561,2476114450,,,,,,,
2016-01-18,1948875,17.6647,19.9114,17.6647,19.6028,1.186,6.44,1.5,38841923.07,,,-158.4739,5.4667,3.3379,244.1262,2635571035,,,,,,,
2016-01-19,1504022,19.2268,20.8274,19.2268,20.6249,1.0221,5.21,1.16,31304910.89,,,-166.7367,5.7517,3.512,256.8548,2772988905,,,,,,,
2016-01-20,2539748,20.2488,21.2902,19.4292,19.921,-0.7039,-3.41,1.96,53465754.58,,,-161.0463,5.5554,3.3921,248.0889,2678352070,,,,,,,
2016-01-21,1713811,19.5257,20.1331,18.6096,18.7929,-1.1281,-5.66,1.32,34753210.87,,,-151.9261,5.2408,3.2,234.0393,2526673855,,,,,,,
2016-01-22,1264057,18.9953,19.4678,18.33,19.111,0.3181,1.69,0.98,24710516.83,,,-154.4985,5.3296,3.2542,238.002,2569454890,,,,,,,
2016-01-25,2004298,19.2943,20.0271,19.0918,19.4582,0.3472,1.82,1.55,40282580.55,,,-157.3047,5.4264,3.3133,242.3249,2616125110,,,,,,,
2016-01-26,1616715,19.0918,19.246,17.5104,17.5201,-1.9381,-9.96,1.25,30919305.53,,,-141.6366,4.8859,2.9833,218.1885,2355549715,,,,,,,
2016-01-27,2159434,17.5683,17.6743,15.9869,16.633,-0.8871,-5.06,1.67,36872935.48,,,-134.4651,4.6385,2.8322,207.141,2236281375,,,,,,,
2016-01-28,1842691,16.6619,17.144,15.8423,16.0062,-0.6268,-3.77,1.42,31651596.98,,,-129.3983,4.4637,2.7255,199.3357,2152015700,,,,,,,
2016-01-29,1304699,15.688,17.2308,15.688,17.0765,1.0703,6.69,1.01,22613450.79,,,-138.0508,4.7622,2.9078,212.6647,2295915545,,,,,,,
2016-02-01,872366,16.9319,17.144,16.4016,16.8162,-0.2603,-1.52,0.67,15278773.59,,,-135.9462,4.6896,2.8634,209.4225,2260912880,,,,,,,
2016-02-02,912392,16.8451,17.7804,16.4401,17.5972,0.781,4.64,0.7,16574307.23,,,-142.2602,4.9074,2.9964,219.1492,2365920875,,,,,,,
2016-02-03,851681,17.3754,17.8383,17.0476,17.7418,0.1446,0.82,0.66,15399670.66,,,-143.4294,4.9477,3.021,220.9504,2385366800,,,,,,,
2016-02-04,1795990,18.3011,18.6771,17.7901,18.1082,0.3664,2.07,1.39,34049988.34,,,-146.3916,5.0499,3.0834,225.5135,2434629810,,,,,,,
2016-02-05,1146310,18.3975,18.6096,18.1275,18.4168,0.3086,1.7,0.88,21915165.56,,,-148.886,5.136,3.136,229.3561,2476114450,,,,,,,
2016-02-15,893689,17.7226,18.4168,17.3561,18.2915,-0.1253,-0.68,0.69,16538920.61,,,-147.8726,5.101,3.1146,227.795,2459261315,,,,,,,
2016-02-16,799253,18.4168,19.0918,18.2047,18.9761,0.6846,3.74,0.62,15632480.45,,,-153.4071,5.2919,3.2312,236.3208,2551305360,,,,,,,
2016-02-17,1342633,18.7832,19.7378,18.7832,19.381,0.4049,2.13,1.04,27038832.2,,,-156.6811,5.4049,3.3002,241.3643,2605753950,,,,,,,
2016-02-18,1872046,19.7571,19.921,19.4485,19.7667,0.3857,1.99,1.44,38188673.15,,,-159.7991,5.5124,3.3658,246.1675,2657609750,,,,,,,
2016-02-19,1083062,19.7185,19.7667,19.2075,19.6124,-0.1543,-0.78,0.84,21901410.88,,,-158.5519,5.4694,3.3396,244.2462,2636867430,,,,,,,
2016-02-22,1070190,19.8631,20.3645,19.3907,20.1138,0.5014,2.56,0.83,22185314.44,,,-162.6053,5.6092,3.4249,250.4905,2704279970,,,,,,,
2016-02-23,860045,20.1621,20.5574,19.7185,19.7571,-0.3567,-1.77,0.66,17831008.65,,,-159.7212,5.5097,3.3642,246.0475,2656313355,,,,,,,
2016-02-24,1776189,20.2103,21.2902,19.8535,20.6924,0.9353,4.73,1.37,37894855.24,,,-167.2824,5.7706,3.5235,257.6954,2782063670,,,,,,,
2016-02-25,2105108,20.6345,20.6924,18.6193,19.2653,-1.4271,-6.9,1.62,42730182.4,,,-155.7457,5.3726,3.2805,239.9233,2590197210,,,,,,,
2016-02-26,2890196,19.3328,21.0106,18.8121,20.7406,1.4753,7.66,2.23,60318442.98,,,-167.6721,5.784,3.5317,258.2958,2788545645,,,,,,,
2016-02-29,3693289,20.2488,22.6498,18.6675,21.3866,0.646,3.11,2.85,80035223.32,,,-172.8948,5.9642,3.6417,266.3413,2875404110,,,,,,,
2016-03-01,4245245,21.2034,23.1415,20.7502,22.4376,1.051,4.91,3.27,98244629.8,,,-181.3915,6.2573,3.8206,279.4302,3016711165,,,,,,,
2016-03-02,3047681,22.1291,23.3344,21.618,22.8619,0.4243,1.89,2.35,71296353.62,,,-184.8213,6.3756,3.8929,284.7138,3073752545,,,,,,,
2016-03-03,2208780,22.5919,22.9969,21.9555,22.563,-0.2989,-1.31,1.7,51165236.84,,,-182.4048,6.2922,3.842,280.9912,3033564300,,,,,,,
2016-03-04,6123135,22.293,24.8193,20.4995,24.8193,2.2563,10,4.72,147982129.01,,,-200.6453,6.9214,4.2262,309.0904,3336920730,,,,,,,
2016-03-07,10028966,24.8193,24.8193,23.2476,23.7297,-1.0896,-4.39,7.74,245939318.52,,,-191.8369,6.6176,4.0407,295.5211,3190428095,,,,,,,
2016-03-08,7002173,22.9487,22.9583,21.3577,21.5698,-2.1599,-9.1,5.4,158386294.04,,,-174.3759,6.0153,3.6729,268.6228,2900035615,,,,,,,
2016-03-09,4614642,21.107,21.6952,20.056,20.2006,-1.3692,-6.35,3.56,99185863.96,,,-163.3069,5.6334,3.4397,251.5712,2715947525,,,,,,,
2016-03-10,3015590,20.2488,20.8659,19.3907,19.9596,-0.241,-1.19,2.33,63442470.99,,,-161.3581,5.5662,3.3987,248.5692,2683537650,,,,,,,
2016-03-11,2445299,19.3135,19.8631,19.0436,19.1593,-0.8003,-4.01,1.89,48944059.84,,,-154.8882,5.343,3.2624,238.6024,2575936865,,,,,,,
2016-03-14,3677146,19.4292,20.1042,19.2943,19.7378,0.5785,3.02,2.84,75484680.22,,,-159.5653,5.5044,3.3609,245.8073,2653720565,,,,,,,
2016-03-15,4804376,20.2971,21.5023,20.2681,20.567,0.8292,4.2,3.71,103427149.27,,,-166.269,5.7356,3.5021,256.1343,2765210535,,,,,,,
2016-03-16,4683412,20.567,21.9362,20.567,20.972,0.405,1.97,3.61,103255782.26,,,-169.543,5.8485,3.5711,261.1778,2819659125,,,,,,,
2016-03-17,3210656,21.2613,21.4059,20.3549,21.2806,0.3086,1.47,2.48,69796130.7,,,-172.0374,5.9346,3.6236,265.0204,2861143765,,,,,,,
2016-03-18,3574123,21.5023,22.1773,21.0395,21.8398,0.5592,2.63,2.76,80318036.35,,,-176.5585,6.0905,3.7188,271.9851,2936334675,,,,,,,
2016-03-21,2671739,21.9845,22.3701,21.6952,22.1291,0.2893,1.32,2.06,61219927.24,,,-178.897,6.1712,3.7681,275.5876,2975226525,,,,,,,
2016-03-22,2178363,22.1387,22.1484,21.3866,21.5891,-0.54,-2.44,1.68,48806220.46,,,-174.5318,6.0206,3.6762,268.863,2902628405,,,,,,,
2016-03-23,4324508,21.4927,23.0451,21.1649,23.0451,1.456,6.74,3.34,99661238.73,,,-186.3024,6.4267,3.9241,286.9953,3098384050,,,,,,,
2016-03-24,2430036,22.2737,22.563,21.7241,21.7434,-1.3017,-5.65,1.87,56106718.83,,,-175.779,6.0637,3.7024,270.7843,2923370725,,,,,,,
2016-03-25,1363651,21.4927,22.2352,21.2131,21.9748,0.2314,1.06,1.05,30904722.27,,,-177.6498,6.1282,3.7418,273.6663,2954484205,,,,,,,
2016-03-28,2921589,21.9748,22.8041,21.9748,22.3701,0.3953,1.8,2.25,68355685.32,,,-180.8458,6.2384,3.8091,278.5896,3007636400,,,,,,,
2016-03-29,1878618,22.4859,22.4859,21.2227,21.4445,-0.9256,-4.14,1.45,41988701.81,,,-173.3625,5.9803,3.6515,267.0618,2883182480,,,,,,,
2016-03-30,1578992,21.5023,22.3219,21.5023,22.0616,0.6171,2.88,1.22,36048443.94,,,-178.3514,6.1524,3.7566,274.747,2966151760,,,,,,,
2016-03-31,1886859,21.9555,22.3991,21.9555,22.0809,0.0193,0.09,1.46,43500384.2,,,-182.255,6.1355,4.1391,306.4883,2968744550,,,,,,,
2016-04-01,1500090,22.1677,22.3701,21.512,22.158,0.0771,0.35,1.16,34091607.87,,,-182.8917,6.157,4.1535,307.559,2979115710,,,,,,,
2016-04-05,2636423,21.9362,23.1415,21.888,23.0258,0.8678,3.92,2.03,62243519.7,,,-190.0545,6.3981,4.3162,319.6044,3095791260,,,,,,,
2016-04-06,3016960,22.7173,24.9543,22.7173,23.9226,0.8968,3.89,2.33,75080112.4,,,-197.4562,6.6473,4.4843,332.0513,3216355995,,,,,,,
2016-04-07,1866929,23.9226,24.3275,22.968,23.1415,-0.7811,-3.27,1.44,45263237.05,,,-191.0096,6.4302,4.3379,321.2105,3111348000,,,,,,,
2016-04-08,2925059,23.1415,24.7807,22.6691,24.395,1.2535,5.42,2.26,72194930.64,,,-201.3559,6.7786,4.5729,338.6094,3279879350,,,,,,,
2016-04-11,2987336,24.2215,25.6389,24.2215,24.9929,0.5979,2.45,2.3,77695665.07,,,-206.2904,6.9447,4.6849,346.9073,3360255840,,,,,,,
2016-04-12,2296143,24.9832,24.9832,23.5851,24.0672,-0.9257,-3.7,1.77,57419941.93,,,-198.65,6.6875,4.5114,334.0589,3235801920,,,,,,,
2016-04-13,1846559,23.9804,24.4722,23.9226,24.0576,-0.0096,-0.04,1.42,46448849.12,,,-198.5704,6.6848,4.5096,333.925,3234505525,,,,,,,
2016-04-14,2390721,24.0672,24.5879,23.1994,24.3468,0.2892,1.2,1.84,59293085.73,,,-200.958,6.7652,4.5638,337.9402,3273397375,,,,,,,
2016-04-15,1984327,24.1636,24.9543,24.1058,24.7518,0.405,1.66,1.53,50439393.37,,,-204.3007,6.8777,4.6397,343.5613,3327845965,,,,,,,
2016-04-18,1925288,24.5879,24.5879,23.9129,24.0093,-0.7425,-3,1.49,48242788.44,,,-198.1725,6.6714,4.5006,333.2558,3228023550,,,,,,,
2016-04-19,1421153,24.0093,24.6361,24.0093,24.289,0.2797,1.16,1.1,35810606.95,,,-200.4805,6.7491,4.553,337.1371,3265619005,,,,,,,
2016-04-20,6652871,25.07,26.3235,23.6429,25.5521,1.2631,5.2,5.13,174114798.47,,,-210.9064,7.1001,4.7898,354.6699,3435446750,,,,,,,
2016-04-21,4818291,25.07,26.6899,24.0576,26.0246,0.4725,1.85,3.72,127756872.45,,,-214.8062,7.2314,4.8783,361.2279,3498970105,,,,,,,
2016-04-22,2721717,25.5135,26.0535,24.665,25.07,-0.9546,-3.67,2.1,71425818.08,,,-206.9271,6.9661,4.6994,347.978,3370627000,,,,,,,
2016-04-25,1386352,24.7132,25.0507,24.1058,24.3661,-0.7039,-2.81,1.07,35261598.8,,,-201.1172,6.7705,4.5674,338.2078,3275990165,,,,,,,
2016-04-26,2966389,24.8675,26.3524,24.4432,25.7932,1.4271,5.86,2.29,78680070.06,,,-212.8961,7.167,4.835,358.0158,3467856625,,,,,,,
2016-04-27,2600904,25.745,26.9985,25.5714,26.3428,0.5496,2.13,2.01,71537164.42,,,-217.4326,7.3198,4.938,365.6446,3541751140,,,,,,,
2016-04-28,1436567,26.3235,26.5163,25.1664,25.9571,-0.3857,-1.46,1.11,38390355.43,,,-214.2491,7.2126,4.8657,360.2911,3489895340,,,,,,,
2016-04-29,2667556,25.5907,26.3717,24.8771,25.07,-0.8871,-3.42,2.06,70621171.1,,,-206.9271,6.9661,4.6994,347.978,3370627000,,,,,,,
2016-05-03,2752943,25.0604,25.5907,24.7807,25.5714,0.5014,2,2.12,72413359.45,,,-211.0656,7.1054,4.7934,354.9376,3438039540,,,,,,,
2016-05-04,2753643,25.5521,25.5521,24.8675,25.07,-0.5014,-1.96,2.12,71708802.49,,,-206.9271,6.9661,4.6994,347.978,3370627000,,,,,,,
2016-05-05,1493328,24.9929,25.4075,24.7807,25.3303,0.2603,1.04,1.15,39001154.32,,,-209.0759,7.0384,4.7482,351.5916,3405629665,,,,,,,
2016-05-06,4437322,25.2628,25.3882,22.7944,22.7944,-2.5359,-10.01,3.42,109093451.07,,,-188.1444,6.3338,4.2728,316.3923,3064677780,,,,,,,
2016-05-09,4573314,21.6952,22.0809,20.5188,20.5188,-2.2756,-9.98,3.53,99533421.63,,,-169.3618,5.7015,3.8463,284.8066,2758728560,,,,,,,
2016-05-10,3657038,19.9789,20.731,19.5064,20.2488,-0.27,-1.32,2.82,75839084.16,,,-167.1334,5.6265,3.7957,281.0591,2722429500,,,,,,,
2016-05-11,3113787,20.2971,21.107,19.9403,20.7117,0.4629,2.29,2.4,66025635.07,,,-170.9536,5.7551,3.8824,287.4834,2784656460,,,,,,,
2016-05-12,1655507,20.4417,20.4417,19.2846,20.1813,-0.5304,-2.56,1.28,34175399.38,,,-166.5763,5.6077,3.783,280.1223,2713354735,,,,,,,
2016-05-13,1191269,20.1813,20.3935,19.8631,20.0849,-0.0964,-0.48,0.92,24914096.9,,,-165.7804,5.5809,3.7649,278.7839,2700390785,,,,,,,
2016-05-16,2621980,20.1524,21.647,20.1042,21.4059,1.321,6.58,2.02,57025357.28,,,-176.6839,5.948,4.0126,297.1197,2877996900,,,,,,,
2016-05-17,1323974,21.2131,21.6759,20.9238,21.1359,-0.27,-1.26,1.02,29284838.54,,,-174.4554,5.873,3.962,293.3722,2841697840,,,,,,,
2016-05-18,1536130,20.8081,20.8081,19.786,20.1138,-1.0221,-4.84,1.18,32247011.88,,,-166.0192,5.589,3.7704,279.1854,2704279970,,,,,,,
2016-05-19,965125,20.3838,20.6731,20.1138,20.2103,0.0965,0.48,0.74,20441355.07,,,-166.815,5.6158,3.7884,280.5238,2717243920,,,,,,,
2016-05-20,850651,19.8535,20.3935,19.6799,20.3356,0.1253,0.62,0.66,17731784.75,,,-167.8497,5.6506,3.8119,282.2637,2734097055,,,,,,,
2016-05-23,976191,20.6827,20.731,20.3356,20.7117,0.3761,1.85,0.75,20825143.88,,,-170.9536,5.7551,3.8824,287.4834,2784656460,,,,,,,
2016-05-24,1452340,20.731,21.1938,20.2971,21.0009,0.2892,1.4,1.12,31569728.84,,,-173.3412,5.8355,3.9366,291.4985,2823548310,,,,,,,
2016-05-25,1118523,21.2034,21.5313,20.8177,20.8274,-0.1735,-0.83,0.86,24571530.74,,,-171.9086,5.7872,3.9041,289.0894,2800213200,,,,,,,
2016-05-26,817129,20.8177,21.1166,20.2874,21.0202,0.1928,0.93,0.63,17526033.86,,,-173.5004,5.8408,3.9403,291.7662,2826141100,,,,,,,
2016-05-27,1979098,21.0202,22.1194,21.0202,21.753,0.7328,3.49,1.53,44760227.57,,,-179.549,6.0444,4.0776,301.9378,2924667120,,,,,,,
2016-05-30,1549641,21.4156,22.0616,21.3191,21.9073,0.1543,0.71,1.2,34839626.42,,,-180.8224,6.0873,4.1065,304.0792,2945409440,,,,,,,
2016-05-31,2263458,21.888,22.6883,21.5409,22.6305,0.7232,3.3,1.75,52389440.62,,,-186.7915,6.2882,4.2421,314.1171,3042639065,,,,,,,
2016-06-01,1754493,22.6208,22.9969,22.4762,22.7558,0.1253,0.55,1.35,41343619.18,,,-187.8261,6.3231,4.2656,315.8569,3059492200,,,,,,,
2016-06-02,3598112,22.6883,24.9832,22.3991,24.9832,2.2274,9.79,2.78,88346741.71,,,-206.2108,6.942,4.6831,346.7735,3358959445,,,,,,,
2016-06-03,6685648,24.8771,26.7092,24.424,24.7807,-0.2025,-0.81,5.16,175634136.59,,,-204.5394,6.8857,4.6452,343.9629,3331735150,,,,,,,
2016-06-06,3279977,24.424,24.9543,23.5079,24.4336,-0.3471,-1.4,2.53,82119086.55,,,-201.6743,6.7893,4.5801,339.1447,3285064930,,,,,,,
2016-06-07,1875620,24.3565,24.3565,23.6815,23.7683,-0.6653,-2.72,1.45,46467786.24,,,-196.1828,6.6044,4.4554,329.9099,3195613675,,,,,,,
2016-06-08,2066739,23.8551,23.9804,22.9487,23.3537,-0.4146,-1.74,1.59,49873196.93,,,-192.7605,6.4892,4.3777,324.1549,3139868690,,,,,,,
2016-06-13,2168849,22.9005,23.6719,22.4087,22.4087,-0.945,-4.05,1.67,51941462.99,,,-184.961,6.2266,4.2005,311.0388,3012821980,,,,,,,
2016-06-14,1936284,22.1869,22.9005,21.8977,22.293,-0.1157,-0.52,1.49,44903216.8,,,-184.0059,6.1945,4.1788,309.4327,2997265240,,,,,,,
2016-06-15,2028462,21.917,23.2187,21.753,23.0837,0.7907,3.55,1.56,48060120.68,,,-190.5321,6.4142,4.3271,320.4074,3103569630,,,,,,,
2016-06-16,1478430,23.0933,23.5754,22.9969,23.0837,0,0,1.14,35644811.66,,,-190.5321,6.4142,4.3271,320.4074,3103569630,,,,,,,
2016-06-17,1654911,23.0933,23.6815,23.0933,23.4212,0.3375,1.46,1.28,40197418.95,,,-193.3176,6.5079,4.3903,325.0917,3148943455,,,,,,,
2016-06-20,1369707,22.6594,23.238,22.3701,23.0644,-0.3568,-1.52,1.06,32377605.18,,,-190.3729,6.4088,4.3234,320.1398,3100976840,,,,,,,
2016-06-21,2339316,23.5272,23.5947,22.0809,22.4569,-0.6075,-2.63,1.8,55772990.08,,,-185.3589,6.24,4.2096,311.708,3019303955,,,,,,,
2016-06-22,4371617,22.4376,23.4983,21.3191,23.3151,0.8582,3.82,3.37,102164536.23,,,-192.4422,6.4785,4.3704,323.6195,3134683110,,,,,,,
2016-06-23,2980157,22.9005,22.9005,22.0905,22.3509,-0.9642,-4.14,2.3,69438928.4,,,-184.4834,6.2105,4.1897,310.2358,3005043610,,,,,,,
2016-06-24,2502408,22.3701,22.563,21.0009,21.7145,-0.6364,-2.85,1.93,56880535.68,,,-179.2307,6.0337,4.0704,301.4025,2919481540,,,,,,,
2016-06-27,2155489,21.3095,22.4666,21.2324,22.3027,0.5882,2.71,1.66,49402031.32,,,-184.0855,6.1972,4.1807,309.5666,2998561635,,,,,,,
2016-06-28,1402193,22.3027,22.5148,22.1773,22.4473,0.1446,0.65,1.08,32534043.57,,,-185.2793,6.2373,4.2078,311.5741,3018007560,,,,,,,
2016-06-29,2810037,22.5437,23.2958,22.5437,23.0258,0.5785,2.58,2.17,66980125.25,,,-190.0545,6.3981,4.3162,319.6044,3095791260,,,,,,,
2016-06-30,3890782,23.2862,24.1058,23.1222,23.8454,0.8196,3.56,3,95377852.46,,,15170.7213,6.4949,3.9761,72.644,3205984835,,,,,,,
2016-07-01,1960011,23.6622,23.7104,23.2476,23.2862,-0.5592,-2.35,1.51,47672975.12,,,14814.9179,6.3426,3.8828,70.9403,3130793925,,,,,,,
2016-07-04,2225872,22.9487,23.614,22.9487,23.4115,0.1253,0.54,1.72,53999677.39,,,14894.6669,6.3768,3.9037,71.3222,3147647060,,,,,,,
2016-07-05,3419466,23.4308,24.395,23.4308,24.1347,0.7232,3.09,2.64,85405992.88,,,15354.7575,6.5737,4.0243,73.5253,3244876685,,,,,,,
2016-07-06,1607057,23.9708,24.0961,23.7104,23.8261,-0.3086,-1.28,1.24,39753349.03,,,15158.4522,6.4897,3.9729,72.5853,3203392045,,,,,,,
2016-07-07,2085156,23.8165,24.3661,23.7201,23.7297,-0.0964,-0.4,1.61,51873767.22,,,15097.1068,6.4634,3.9568,72.2916,3190428095,,,,,,,
2016-07-08,1831659,23.8454,24.1058,23.6526,23.9708,0.2411,1.02,1.41,45373133.32,,,15250.4703,6.5291,3.997,73.0259,3222837970,,,,,,,
2016-07-11,2040238,24.1154,24.5879,23.884,23.9418,-0.029,-0.12,1.57,51027832.48,,,15232.0667,6.5212,3.9922,72.9378,3218948785,,,,,,,
2016-07-12,2248781,23.9322,24.0961,23.103,24.0479,0.1061,0.44,1.73,55199123.49,,,15299.5466,6.5501,4.0098,73.2609,3233209130,,,,,,,
2016-07-13,1871018,23.9129,24.2504,23.7683,24.019,-0.0289,-0.12,1.44,46508874.7,,,15281.143,6.5422,4.005,73.1728,3229319945,,,,,,,
2016-07-14,1340955,23.9418,23.9901,23.4887,23.6429,-0.3761,-1.57,1.03,32907229.44,,,15041.8959,6.4398,3.9423,72.0272,3178760540,,,,,,,
2016-07-15,1698222,23.6526,24.154,23.6526,24.0479,0.405,1.71,1.31,42152585.56,,,15299.5466,6.5501,4.0098,73.2609,3233209130,,,,,,,
2016-07-18,1016598,24.1058,24.2022,23.6236,23.8743,-0.1736,-0.72,0.78,25219757.89,,,15189.1249,6.5028,3.9809,72.7322,3209874020,,,,,,,
2016-07-19,864009,23.6719,23.9418,23.6236,23.8647,-0.0096,-0.04,0.67,21321288.6,,,15182.9904,6.5002,3.9793,72.7028,3208577625,,,,,,,
2016-07-20,2357867,23.884,24.6361,23.8743,24.3275,0.4628,1.94,1.82,59379321.32,,,15477.4484,6.6263,4.0565,74.1128,3270804585,,,,,,,
2016-07-21,1857603,24.3275,24.5879,24.019,24.2986,-0.0289,-0.12,1.43,46878380.36,,,15459.0447,6.6184,4.0517,74.0247,3266915400,,,,,,,
2016-07-22,1414968,24.26,24.4722,23.8165,23.8358,-0.4628,-1.9,1.09,35312979.9,,,15164.5867,6.4923,3.9745,72.6147,3204688440,,,,,,,
2016-07-25,1324657,23.7297,24.0865,23.1512,23.3826,-0.4532,-1.9,1.02,32414236.49,,,14876.2633,6.3689,3.8989,71.2341,3143757875,,,,,,,
2016-07-26,2508416,23.6044,24.559,23.2765,24.395,1.0124,4.33,1.93,62585983.12,,,15520.3901,6.6446,4.0677,74.3184,3279879350,,,,,,,
2016-07-27,2579622,24.3854,24.5782,22.2255,22.9005,-1.4945,-6.13,1.99,62786171.66,,,14569.5362,6.2376,3.8185,69.7653,3078938125,,,,,,,
2016-07-28,2079623,22.5148,22.8426,21.9073,22.3316,-0.5689,-2.48,1.6,48153175.21,,,14207.5982,6.0826,3.7237,68.0322,3002450820,,,,,,,
2016-07-29,1086496,22.3219,22.4087,21.9555,22.3316,0,0,0.84,25010724.54,,,14207.5982,6.0826,3.7237,68.0322,3002450820,,,,,,,
2016-08-01,1161756,22.2641,22.2641,21.3095,21.6855,-0.6461,-2.89,0.9,26109760.77,,,13796.584,5.9066,3.6159,66.0641,2915592355,,,,,,,
2016-08-02,848659,21.782,22.1194,21.6855,22.1098,0.4243,1.96,0.65,19363751.79,,,14066.5038,6.0222,3.6867,67.3566,2972633735,,,,,,,
2016-08-03,721593,22.1002,22.428,21.9555,22.3219,0.2121,0.96,0.56,16673327.5,,,14201.4637,6.08,3.7221,68.0028,3001154425,,,,,,,
2016-08-04,721177,22.3509,22.4184,22.1966,22.3798,0.0579,0.26,0.56,16692290.95,,,14238.271,6.0957,3.7317,68.1791,3008932795,,,,,,,
2016-08-05,879655,22.4569,22.4666,21.7627,21.9845,-0.3953,-1.77,0.68,20243479.95,,,13986.7548,5.9881,3.6658,66.9747,2955780600,,,,,,,
2016-08-08,702825,22.1002,22.3412,21.9073,22.3316,0.3471,1.58,0.54,16149502.69,,,14207.5982,6.0826,3.7237,68.0322,3002450820,,,,,,,
2016-08-09,1082648,22.3509,22.4955,22.1387,22.4955,0.1639,0.73,0.84,25156003.14,,,14311.8855,6.1273,3.751,68.5316,3024489535,,,,,,,
2016-08-10,850624,22.5148,22.5823,22.3509,22.5148,0.0193,0.09,0.66,19839649.95,,,14324.1545,6.1325,3.7542,68.5903,3027082325,,,,,,,
2016-08-11,704780,22.5437,22.5437,22.0134,22.1194,-0.3954,-1.76,0.54,16238850.72,,,14072.6383,6.0248,3.6883,67.3859,2973930130,,,,,,,
2016-08-12,667935,21.9941,22.4473,21.9362,22.3701,0.2507,1.13,0.52,15434748.56,,,14232.1364,6.0931,3.7301,68.1497,3007636400,,,,,,,
2016-08-15,1598998,22.3701,22.939,22.2255,22.8137,0.4436,1.98,1.23,37599323.32,,,14514.3253,6.2139,3.804,69.5009,3067270570,,,,,,,
2016-08-16,995491,22.7655,23.2862,22.6594,22.9776,0.1639,0.72,0.77,23788282.4,,,14618.6125,6.2586,3.8314,70.0003,3089309285,,,,,,,
2016-08-17,1197631,23.1415,23.2187,22.7558,22.9583,-0.0193,-0.08,0.92,28433138,,,14606.3434,6.2533,3.8282,69.9416,3086716495,,,,,,,
2016-08-18,1072387,22.9873,23.2187,22.8233,23.0162,0.0579,0.25,0.83,25584791.55,,,14643.1507,6.2691,3.8378,70.1178,3094494865,,,,,,,
2016-08-19,1442698,22.9969,23.4212,22.9969,23.2958,0.2796,1.21,1.11,34856113.64,,,14821.0524,6.3452,3.8844,70.9697,3132090320,,,,,,,
2016-08-22,1397590,23.4115,23.4115,22.833,23.3055,0.0097,0.04,1.08,33589336.3,,,14827.1869,6.3479,3.886,70.9991,3133386715,,,,,,,
2016-08-23,2746171,23.2862,23.9997,23.1415,23.9129,0.6074,2.61,2.12,67654807.09,,,15213.6631,6.5133,3.9873,72.8497,3215059600,,,,,,,
2016-08-24,2406054,23.8261,24.3468,23.749,24.0961,0.1832,0.77,1.86,60094193.47,,,15330.2194,6.5632,4.0179,73.4078,3239691105,,,,,,,
2016-08-25,1972983,23.9418,24.154,23.6622,24.1443,0.0482,0.2,1.52,48820873.14,,,15360.8921,6.5764,4.0259,73.5547,3246173080,,,,,,,
2016-08-26,2611702,24.1154,25.07,24.0672,25.0314,0.8871,3.67,2.01,66645635.28,,,15925.2699,6.818,4.1738,76.2572,3365441420,,,,,,,
2016-08-29,3869624,25.07,26.3235,24.8289,26.121,1.0896,4.35,2.98,103559782.72,,,16618.4731,7.1148,4.3555,79.5765,3511934055,,,,,,,
2016-08-30,4908754,25.9378,26.902,25.2821,26.6128,0.4918,1.88,3.79,133619820.58,,,16931.3347,7.2487,4.4375,81.0746,3578050200,,,,,,,
2016-08-31,5926423,26.2946,26.9985,25.2725,25.8028,-0.81,-3.04,4.57,159707376.31,,,16416.0332,7.0281,4.3025,78.6071,3469153020,,,,,,,
2016-09-01,4286022,25.6967,26.3042,24.8289,25.0507,-0.7521,-2.91,3.31,112417865.59,,,15937.539,6.8232,4.1771,76.3159,3368034210,,,,,,,
2016-09-02,3772664,25.3303,25.3303,24.2986,24.3179,-0.7328,-2.93,2.91,96647366.28,,,15471.3138,6.6236,4.0549,74.0834,3269508190,,,,,,,
2016-09-05,2537385,24.4818,24.5686,24.0383,24.395,0.0771,0.32,1.96,63948086.05,,,15520.3901,6.6446,4.0677,74.3184,3279879350,,,,,,,
2016-09-06,3511917,24.665,24.7422,23.884,24.5204,0.1254,0.51,2.71,88314227.8,,,15600.1392,6.6788,4.0886,74.7003,3296732485,,,,,,,
2016-09-07,3783493,24.5397,24.9446,24.2408,24.5879,0.0675,0.28,2.92,97035396.52,,,15643.081,6.6972,4.0999,74.9059,3305807250,,,,,,,
2016-09-08,5555359,26.7092,26.7092,25.1664,25.8317,1.2438,5.06,4.29,147978389.38,,,16434.4368,7.036,4.3073,78.6953,3473042205,,,,,,,
2016-09-09,7907746,26.2271,28.252,25.8703,27.2395,1.4078,5.45,6.1,222383903.27,,,17330.0799,7.4194,4.542,82.984,3662315875,,,,,,,
2016-09-12,5504281,26.2271,26.4971,24.6264,25.2436,-1.9959,-7.33,4.25,146749135.41,,,16060.2298,6.8758,4.2092,76.9034,3393962110,,,,,,,
2016-09-13,4121585,25.2725,26.0824,24.8964,25.7932,0.5496,2.18,3.18,108507297.97,,,16409.8987,7.0255,4.3009,78.5778,3467856625,,,,,,,
2016-09-14,5957308,25.6967,28.3773,25.6967,28.3773,2.5841,10.02,4.6,169571797.28,,,18053.9558,7.7293,4.7317,86.4502,3815290485,,,,,,,
2016-09-19,6561993,28.9269,29.2644,27.5673,28.3002,-0.0771,-0.27,5.06,192633772.5,,,18004.8795,7.7083,4.7189,86.2152,3804919325,,,,,,,
2016-09-20,5727481,28.4448,29.3994,28.0205,28.7919,0.4917,1.74,4.42,171401260.43,,,18317.7411,7.8423,4.8009,87.7134,3871035470,,,,,,,
2016-09-21,3837844,28.5605,29.2162,27.577,27.577,-1.2149,-4.22,2.96,111872042.06,,,17544.7889,7.5113,4.5983,84.0121,3707689700,,,,,,,
2016-09-22,2973339,27.8566,28.1362,27.2684,27.8663,0.2893,1.05,2.29,85294256.34,,,17728.8251,7.5901,4.6465,84.8934,3746581550,,,,,,,
2016-09-23,4612566,27.7313,29.3705,27.3938,28.7148,0.8485,3.04,3.56,136319232.27,,,18268.6648,7.8212,4.788,87.4784,3860664310,,,,,,,
2016-09-26,2766748,28.4641,28.8016,26.6899,26.8056,-1.9092,-6.65,2.13,79670307.02,,,17054.0255,7.3012,4.4697,81.6621,3603978100,,,,,,,
2016-09-27,4065373,26.8056,27.3456,25.4171,26.1306,-0.675,-2.52,3.14,110430438.64,,,16624.6076,7.1174,4.3571,79.6059,3513230450,,,,,,,
2016-09-28,2122936,26.0535,26.4971,25.7064,25.9378,-0.1928,-0.74,1.64,57439887.18,,,16501.9168,7.0649,4.325,79.0184,3487302550,,,,,,,
2016-09-29,2088254,26.2656,26.4971,25.8414,26.0921,0.1543,0.59,1.61,56763860.64,,,16600.0695,7.1069,4.3507,79.4884,3508044870,,,,,,,
2016-09-30,1977897,26.0342,26.9502,25.8607,26.6995,0.6074,2.33,1.53,54433719.28,,,148.2559,7.1018,3.9241,56.6423,3589717755,,,,,,,
2016-10-10,2309315,26.8924,27.1238,26.6224,26.8635,0.164,0.61,1.78,64228529.36,,,149.1661,7.1454,3.9482,56.9901,3611756470,,,,,,,
2016-10-11,2536119,26.8731,27.847,26.8731,27.1431,0.2796,1.04,1.96,71935235.23,,,150.7188,7.2198,3.9893,57.5833,3649351925,,,,,,,
2016-10-12,3028596,27.1142,28.3484,27.1142,27.6927,0.5496,2.02,2.34,87280269.42,,,153.7707,7.3659,4.0701,58.7493,3723246440,,,,,,,
2016-10-13,3456885,27.3841,27.6927,26.5453,26.6417,-1.051,-3.8,2.67,96757591.76,,,147.9347,7.0864,3.9156,56.5196,3581939385,,,,,,,
2016-10-14,2223939,26.661,26.796,26.0824,26.6031,-0.0386,-0.14,1.72,60999106.63,,,147.7205,7.0761,3.9099,56.4378,3576753805,,,,,,,
2016-10-17,2715615,26.4585,26.7381,25.5617,25.8703,-0.7328,-2.75,2.09,74002269.9,,,143.6514,6.8812,3.8022,54.8831,3478227785,,,,,,,
2016-10-18,1760942,25.6871,26.391,25.6485,26.2849,0.4146,1.6,1.36,47699632.48,,,145.9536,6.9915,3.8632,55.7627,3533972770,,,,,,,
2016-10-19,10061866,28.9173,28.9173,27.6059,28.7148,2.4299,9.24,7.76,295549677.86,,,159.446,7.6378,4.2203,60.9176,3860664310,,,,,,,
2016-10-20,6306028,28.0591,28.3002,27.2009,27.4806,-1.2342,-4.3,4.86,181122282.38,,,152.5928,7.3095,4.0389,58.2992,3694725750,,,,,,,
2016-10-21,3647555,27.2009,27.5288,26.4199,26.7863,-0.6943,-2.53,2.81,102112424.89,,,148.7378,7.1249,3.9369,56.8264,3601385310,,,,,,,
2016-10-24,5070654,26.4392,28.1845,26.4392,28.0302,1.2439,4.64,3.91,145379913.43,,,155.6446,7.4557,4.1197,59.4652,3768620265,,,,,,,
2016-10-25,2993686,27.7698,28.0302,27.2877,27.2877,-0.7425,-2.65,2.31,85758751.91,,,151.5219,7.2582,4.0106,57.8901,3668797850,,,,,,,
2016-10-26,2887480,27.2877,27.9723,26.9985,27.818,0.5303,1.94,2.23,82360606.03,,,154.4667,7.3993,4.0885,59.0152,3740099575,,,,,,,
2016-10-27,2391758,27.8373,27.8855,27.1817,27.3359,-0.4821,-1.73,1.84,67862923.99,,,151.7896,7.271,4.0176,57.9924,3675279825,,,,,,,
2016-10-28,1880645,27.3456,27.4227,26.7092,26.8827,-0.4532,-1.66,1.45,52673682.28,,,149.2732,7.1505,3.951,57.031,3614349260,,,,,,,
2016-10-31,1265377,26.9502,27.0756,26.0439,27.0467,0.164,0.61,0.98,35102447.37,,,150.1834,7.1941,3.9751,57.3787,3636387975,,,,,,,
2016-11-01,3308959,27.037,28.0302,26.8827,27.6734,0.6267,2.32,2.55,95213395.22,,,153.6636,7.3608,4.0672,58.7084,3720653650,,,,,,,
2016-11-02,1913968,27.7409,27.9434,27.2974,27.5963,-0.0771,-0.28,1.48,54834471.27,,,153.2353,7.3403,4.0559,58.5447,3710282490,,,,,,,
2016-11-03,1854557,27.4227,27.8566,27.307,27.6059,0.0096,0.03,1.43,52998347.79,,,153.2888,7.3429,4.0573,58.5652,3711578885,,,,,,,
2016-11-04,2307961,27.6734,28.1555,27.4806,27.6348,0.0289,0.1,1.78,66624413.98,,,153.4494,7.3506,4.0616,58.6265,3715468070,,,,,,,
2016-11-07,1556807,27.6831,27.712,27.0852,27.3166,-0.3182,-1.15,1.2,44143585.62,,,151.6826,7.2659,4.0148,57.9515,3672687035,,,,,,,
2016-11-08,2267022,27.4999,28.0495,27.442,27.8952,0.5786,2.12,1.75,65370218.19,,,154.895,7.4198,4.0998,59.1788,3750470735,,,,,,,
2016-11-09,2514063,27.847,27.9916,27.0177,27.2684,-0.6268,-2.25,1.94,71382818.61,,,151.4148,7.2531,4.0077,57.8492,3666205060,,,,,,,
2016-11-10,2170364,27.442,27.8759,27.3649,27.7506,0.4822,1.77,1.67,62323513.58,,,154.0919,7.3813,4.0786,58.872,3731024810,,,,,,,
2016-11-11,5184336,27.7506,30.5275,27.6445,29.1101,1.3595,4.9,4,156635138.33,,,161.6412,7.743,4.2784,61.7563,3913816505,,,,,,,
2016-11-14,3882148,29.6597,29.6597,28.4544,28.6473,-0.4628,-1.59,2.99,116643861,,,159.0713,7.6199,4.2104,60.7744,3851589545,,,,,,,
2016-11-15,2917556,28.6859,29.4862,28.4448,29.409,0.7617,2.66,2.25,88054165.27,,,163.301,7.8225,4.3223,62.3904,3954004750,,,,,,,
2016-11-16,2033473,29.3801,29.6404,28.8498,29.168,-0.241,-0.82,1.57,61554722.71,,,161.9625,7.7583,4.2869,61.879,3921594875,,,,,,,
2016-11-17,5978547,29.4476,32.0414,29.3126,30.46,1.292,4.43,4.61,190064009.98,,,169.137,8.102,4.4768,64.6201,4095311805,,,,,,,
2016-11-18,5291657,29.9876,30.1708,28.9366,29.0041,-1.4559,-4.78,4.08,161897164.44,,,161.0523,7.7147,4.2628,61.5313,3899556160,,,,,,,
2016-11-21,3381162,29.0523,29.8815,28.8401,29.168,0.1639,0.57,2.61,102689978.8,,,161.9625,7.7583,4.2869,61.879,3921594875,,,,,,,
2016-11-22,3294570,29.409,29.8622,28.9462,29.7176,0.5496,1.88,2.54,100556047.35,,,165.0143,7.9045,4.3677,63.045,3995489390,,,,,,,
2016-11-23,5685513,29.6308,31.2411,29.409,30.2672,0.5496,1.85,4.39,178937235.14,,,168.0662,8.0507,4.4485,64.211,4069383905,,,,,,,
2016-11-24,3816918,30.0743,31.2121,29.8526,30.3058,0.0386,0.13,2.94,121026409.03,,,168.2804,8.061,4.4541,64.2928,4074569485,,,,,,,
2016-11-25,2913797,29.8911,30.5275,28.7148,30.0454,-0.2604,-0.86,2.25,89389436.7,,,166.8347,7.9917,4.4159,63.7405,4039566820,,,,,,,
2016-11-28,2763589,29.7947,30.2383,29.2258,29.438,-0.6074,-2.02,2.13,84755163.79,,,163.4616,7.8302,4.3266,62.4518,3957893935,,,,,,,
2016-11-29,2332642,29.438,29.8333,28.4737,28.5509,-0.8871,-3.01,1.8,70362620.02,,,158.5358,7.5942,4.1962,60.5698,3838625595,,,,,,,
2016-11-30,1761622,28.4352,28.8305,28.0687,28.2327,-0.3182,-1.11,1.36,51932732.11,,,156.769,7.5096,4.1494,59.8948,3795844560,,,,,,,
2016-12-01,1597380,28.5509,29.2065,28.3291,28.6376,0.4049,1.43,1.23,47418124.49,,,159.0177,7.6173,4.209,60.7539,3850293150,,,,,,,
2016-12-02,1621557,28.5412,28.8112,27.6541,27.8855,-0.7521,-2.63,1.25,47443035.79,,,154.8415,7.4172,4.0984,59.1584,3749174340,,,,,,,
2016-12-05,1021969,26.9985,27.9627,26.9985,27.6638,-0.2217,-0.8,0.79,29219825.35,,,153.61,7.3582,4.0658,58.6879,3719357255,,,,,,,
2016-12-06,1102042,27.6734,28.0109,27.4227,27.8663,0.2025,0.73,0.85,31834441.06,,,154.7344,7.4121,4.0956,59.1175,3746581550,,,,,,,
2016-12-07,1787293,27.9627,28.6184,27.7023,28.5798,0.7135,2.56,1.38,52232743.31,,,158.6965,7.6019,4.2005,60.6312,3842514780,,,,,,,
2016-12-08,1127001,28.358,28.5798,27.982,28.0013,-0.5785,-2.02,0.87,32939077.81,,,155.484,7.448,4.1154,59.4039,3764731080,,,,,,,
2016-12-09,1113273,28.1362,28.1459,27.8373,27.9627,-0.0386,-0.14,0.86,32301762.73,,,155.2698,7.4378,4.1098,59.322,3759545500,,,,,,,
2016-12-12,1892363,27.953,28.2809,26.0728,26.4006,-1.5621,-5.59,1.46,53022367.9,,,146.5961,7.0223,3.8802,56.0082,3549529510,,,,,,,
2016-12-13,1394801,26.3235,27.5866,26.3235,27.1527,0.7521,2.85,1.08,39004503.53,,,150.7724,7.2223,3.9907,57.6037,3650648320,,,,,,,
2016-12-14,1838339,27.172,28.3387,27.0467,27.6541,0.5014,1.85,1.42,53021752.96,,,153.5565,7.3557,4.0644,58.6674,3718060860,,,,,,,
2016-12-15,1094197,27.5481,28.1362,27.2684,27.7795,0.1254,0.45,0.84,31510384.99,,,154.2525,7.389,4.0828,58.9334,3734913995,,,,,,,
2016-12-16,1507071,27.7795,28.7341,27.4131,28.5219,0.7424,2.67,1.16,44457599.1,,,158.3752,7.5865,4.192,60.5085,3834736410,,,,,,,
2016-12-19,2596602,28.5605,29.8429,28.5412,29.4765,0.9546,3.35,2,79176516.8,,,163.6758,7.8404,4.3323,62.5336,3963079515,,,,,,,
2016-12-20,1403940,29.4862,29.5922,28.8305,29.2644,-0.2121,-0.72,1.08,42469543.14,,,162.4979,7.784,4.3011,62.0836,3934558825,,,,,,,
2016-12-21,4730926,30.7782,32.1957,30.1322,30.2865,1.0221,3.49,3.65,151659711.22,,,168.1733,8.0559,4.4513,64.2519,4071976695,,,,,,,
2016-12-22,4098315,30.8361,31.5014,29.8911,30.3829,0.0964,0.32,3.16,129839497.4,,,168.7087,8.0815,4.4655,64.4565,4084940645,,,,,,,
2016-12-23,2889637,30.2286,30.2383,28.5991,28.7341,-1.6488,-5.43,2.23,87613922.61,,,159.5531,7.6429,4.2231,60.9585,3863257100,,,,,,,
2016-12-26,1734628,28.5894,28.898,27.9627,28.898,0.1639,0.57,1.34,51333967.42,,,160.4633,7.6865,4.2472,61.3063,3885295815,,,,,,,
2016-12-27,3077545,29.139,30.1708,28.8305,30.1515,1.2535,4.34,2.37,94457045.94,,,167.4237,8.02,4.4315,63.9655,4053827165,,,,,,,
2016-12-28,2006258,30.1611,30.3829,29.3801,29.3801,-0.7714,-2.56,1.55,61825226.16,,,163.1404,7.8148,4.3181,62.3291,3950115565,,,,,,,
2016-12-29,2056117,29.3126,30.3733,29.139,29.7465,0.3664,1.25,1.59,63803893.78,,,165.175,7.9122,4.3719,63.1064,3999378575,,,,,,,
2016-12-30,1378236,29.7465,30.3443,29.409,29.6019,-0.1446,-0.49,1.06,42674912.5,,,164.3718,7.8738,4.3507,62.7995,3979932650,,,,,,,
2017-01-03,2446001,29.6019,30.595,29.409,30.5661,0.9642,3.26,1.89,76690303.28,,,123.2552,7.9284,3.9802,46.7409,4109572150,,,,,,,
2017-01-04,3532019,30.2865,31.4918,30.1804,31.0097,0.4436,1.45,2.72,113364150.93,,,125.0438,8.0434,4.0379,47.4192,4169206320,,,,,,,
2017-01-05,8573689,30.9711,34.1145,30.7397,34.1145,3.1048,10.01,6.61,292091798.96,,,137.5637,8.8488,4.4422,52.167,4586645510,,,,,,,
2017-01-06,10412200,34.2302,36.6118,33.5552,34.2688,0.1543,0.45,8.03,376740009.38,,,138.1859,8.8888,4.4623,52.4029,4607387830,,,,,,,
2017-01-09,8032835,34.0566,36.8432,33.9988,35.233,0.9642,2.81,6.2,295847890.38,,,142.074,9.1389,4.5879,53.8774,4737027330,,,,,,,
2017-01-10,6649360,34.7605,35.1944,33.5745,33.6999,-1.5331,-4.35,5.13,235124606.13,,,135.8918,8.7412,4.3882,51.533,4530900525,,,,,,,
2017-01-11,3741556,33.7384,34.0855,32.8899,33.3624,-0.3375,-1,2.89,129282104.26,,,134.531,8.6537,4.3443,51.0169,4485526700,,,,,,,
2017-01-12,3730586,33.4106,33.6516,32.4078,32.4174,-0.945,-2.83,2.88,127244954.5,,,130.7206,8.4086,4.2213,49.5719,4358479990,,,,,,,
2017-01-13,3704319,32.4078,32.7646,31.4339,31.8196,-0.5978,-1.84,2.86,123006151.95,,,128.3099,8.2535,4.1434,48.6577,4278103500,,,,,,,
2017-01-16,4656977,31.675,31.916,28.6376,29.2065,-2.6131,-8.21,3.59,146756920.43,,,117.7729,7.5757,3.8031,44.6619,3926780455,,,,,,,
2017-01-17,3571485,29.6019,30.6047,29.3126,30.3443,1.1378,3.9,2.75,111187142.78,,,122.361,7.8709,3.9513,46.4018,4079755065,,,,,,,
2017-01-18,2986050,30.1322,31.7232,30.1322,30.4697,0.1254,0.41,2.3,95690748.41,,,122.8664,7.9034,3.9676,46.5935,4096608200,,,,,,,
2017-01-19,1697300,30.084,30.9422,29.8044,30.6625,0.1928,0.63,1.31,53481164.64,,,123.6441,7.9534,3.9927,46.8884,4122536100,,,,,,,
2017-01-20,1851702,30.5179,31.3761,30.0647,31.0482,0.3857,1.26,1.43,59568117.51,,,125.1993,8.0534,4.043,47.4781,4174391900,,,,,,,
2017-01-23,1907233,31.2411,31.8196,30.7493,31.4436,0.3954,1.27,1.47,62008532.69,,,126.7935,8.156,4.0944,48.0827,4227544095,,,,,,,
2017-01-24,2009864,31.4436,31.7714,30.9132,31.6557,0.2121,0.67,1.55,65629764.2,,,127.6489,8.211,4.1221,48.4071,4256064785,,,,,,,
2017-01-25,1761825,31.3857,31.675,30.759,31.1639,-0.4918,-1.55,1.36,56910789.75,,,125.6659,8.0834,4.058,47.6551,4189948640,,,,,,,
2017-01-26,1237521,31.1736,31.4821,30.9518,31.1061,-0.0578,-0.19,0.95,40032673.87,,,125.4326,8.0684,4.0505,47.5666,4182170270,,,,,,,
2017-02-03,1368590,30.9518,31.3471,30.3733,30.4697,-0.6364,-2.05,1.06,43465115.7,,,122.8664,7.9034,3.9676,46.5935,4096608200,,,,,,,
2017-02-06,1461027,30.4793,31.1446,30.1901,30.6915,0.2218,0.73,1.13,46586395.48,,,123.7607,7.9609,3.9965,46.9326,4126425285,,,,,,,
2017-02-07,1348695,30.4215,30.7493,30.2576,30.6818,-0.0097,-0.03,1.04,42672093.35,,,123.7218,7.9584,3.9953,46.9178,4125128890,,,,,,,
2017-02-08,3764937,30.7204,33.266,30.5565,33.0635,2.3817,7.76,2.9,123846272.19,,,133.3256,8.5762,4.3054,50.5598,4445338455,,,,,,,
2017-02-09,3028173,32.6874,33.0827,32.2728,32.6199,-0.4436,-1.34,2.34,102306847.27,,,131.5371,8.4611,4.2476,49.8815,4385704285,,,,,,,
2017-02-10,2058025,32.6199,32.6199,31.9257,31.9835,-0.6364,-1.95,1.59,68956347.69,,,128.9709,8.296,4.1648,48.9084,4300142215,,,,,,,
2017-02-13,3060400,31.9739,33.0731,31.8292,32.9767,0.9932,3.11,2.36,103688762.88,,,132.9757,8.5537,4.2941,50.4271,4433670900,,,,,,,
2017-02-14,1979298,33.0731,33.3624,32.5621,32.6971,-0.2796,-0.85,1.53,67536359.3,,,131.8481,8.4811,4.2577,49.9995,4396075445,,,,,,,
2017-02-15,1907354,32.5428,32.5813,31.8485,31.9353,-0.7618,-2.33,1.47,63748167.55,,,128.7765,8.2835,4.1585,48.8347,4293660240,,,,,,,
2017-02-16,1337733,31.9835,32.7646,31.9546,32.3499,0.4146,1.3,1.03,44857948.55,,,130.4484,8.3911,4.2125,49.4687,4349405225,,,,,,,
2017-02-17,2605958,32.3499,32.9188,30.8747,30.9711,-1.3788,-4.26,2.01,85940825.17,,,124.8883,8.0334,4.0329,47.3602,4164020740,,,,,,,
2017-02-20,1703241,30.6143,31.7521,30.4408,31.5785,0.6074,1.96,1.31,54857721.9,,,127.3378,8.191,4.112,48.2891,4245693625,,,,,,,
2017-02-21,1316818,31.6653,31.6653,31.0964,31.5978,0.0193,0.06,1.02,42781869.82,,,127.4156,8.196,4.1145,48.3186,4248286415,,,,,,,
2017-02-22,2957241,31.5303,33.0635,31.5303,32.6488,1.051,3.33,2.28,99734990.57,,,131.6537,8.4686,4.2514,49.9258,4389593470,,,,,,,
2017-02-23,1918591,32.3981,32.9478,31.9739,32.1089,-0.5399,-1.65,1.48,64316712.16,,,129.4763,8.3286,4.1811,49.1001,4316995350,,,,,,,
2017-02-24,1858589,32.0414,32.8803,32.0414,32.6199,0.511,1.59,1.43,62765890.63,,,131.5371,8.4611,4.2476,49.8815,4385704285,,,,,,,
2017-02-27,1763814,32.591,32.8995,31.6268,31.675,-0.9449,-2.9,1.36,58934550.56,,,127.7267,8.216,4.1246,48.4366,4258657575,,,,,,,
2017-02-28,3072498,31.6171,33.7481,31.1254,32.967,1.292,4.08,2.37,103317135.93,,,132.9368,8.5511,4.2928,50.4124,4432374505,,,,,,,
2017-03-01,2538797,32.6488,33.2563,32.5042,32.9767,0.0097,0.03,1.96,86499948.69,,,132.9757,8.5537,4.2941,50.4271,4433670900,,,,,,,
2017-03-02,2849033,33.0731,34.3073,32.4174,32.4946,-0.4821,-1.46,2.2,98293357.55,,,131.0316,8.4286,4.2313,49.6899,4368851150,,,,,,,
2017-03-03,1738565,32.456,32.8803,31.8196,32.8513,0.3567,1.1,1.34,58384435.06,,,132.4702,8.5211,4.2778,50.2354,4416817765,,,,,,,
2017-03-06,2464986,32.8513,33.6999,32.591,33.3817,0.5304,1.61,1.9,85196513.63,,,134.6087,8.6587,4.3468,51.0464,4488119490,,,,,,,
2017-03-07,1900042,33.642,33.8445,33.0345,33.4202,0.0385,0.12,1.47,65745552.22,,,134.7643,8.6687,4.3518,51.1054,4493305070,,,,,,,
2017-03-08,4870863,33.7288,34.6641,33.5552,34.2688,0.8486,2.54,3.76,171961305.56,,,138.1859,8.8888,4.4623,52.4029,4607387830,,,,,,,
2017-03-09,2691667,33.9409,33.9409,33.1792,33.6516,-0.6172,-1.8,2.08,93478915.84,,,135.6974,8.7287,4.382,51.4592,4524418550,,,,,,,
2017-03-10,2110621,33.5552,33.5552,32.6874,32.6874,-0.9642,-2.87,1.63,72232459.98,,,131.8092,8.4786,4.2564,49.9848,4394779050,,,,,,,
2017-03-13,2545027,32.6778,32.6778,31.675,32.4367,-0.2507,-0.77,1.96,84572074.06,,,130.7983,8.4136,4.2238,49.6014,4361072780,,,,,,,
2017-03-14,1757622,32.3499,33.0056,32.2149,32.6585,0.2218,0.68,1.36,59405609.12,,,131.6926,8.4711,4.2526,49.9405,4390889865,,,,,,,
2017-03-15,1624028,32.6585,32.7067,31.8196,31.8485,-0.81,-2.48,1.25,54033302.47,,,128.4265,8.261,4.1472,48.702,4281992685,,,,,,,
2017-03-16,1485408,31.916,32.3499,31.8485,32.2246,0.3761,1.18,1.15,49550567.16,,,129.9429,8.3586,4.1961,49.277,4332552090,,,,,,,
2017-03-17,1410491,32.2246,32.3981,31.81,31.8292,-0.3954,-1.23,1.09,47012740.31,,,128.3488,8.256,4.1447,48.6725,4279399895,,,,,,,
2017-03-20,1148318,31.8196,32.3017,31.7714,32.2728,0.4436,1.39,0.89,38266638.56,,,130.1373,8.3711,4.2024,49.3507,4339034065,,,,,,,
2017-03-21,1141229,32.2728,32.5428,31.916,32.0028,-0.27,-0.84,0.88,38024188.19,,,129.0486,8.301,4.1673,48.9379,4302735005,,,,,,,
2017-03-22,2490135,31.9642,31.9642,30.7011,31,-1.0028,-3.13,1.92,80409486.38,,,125.0049,8.0409,4.0367,47.4044,4167909925,,,,,,,
2017-03-23,1900277,31,31.2893,30.1997,30.2286,-0.7714,-2.49,1.47,60308281.29,,,121.8944,7.8408,3.9362,46.2248,4064198325,,,,,,,
2017-03-24,1361932,30.2576,30.8554,30.2576,30.7107,0.4821,1.59,1.05,43260283.28,,,123.8385,7.9659,3.999,46.9621,4129018075,,,,,,,
2017-03-27,1387162,30.8554,31.2411,30.7107,31.0675,0.3568,1.16,1.07,44601861.46,,,125.2771,8.0584,4.0455,47.5076,4176984690,,,,,,,
2017-03-28,1524779,30.9904,31.7907,30.759,31.2507,0.1832,0.59,1.18,49647218.59,,,126.0159,8.106,4.0693,47.7878,4201616195,,,,,,,
2017-03-29,1684277,31.1832,31.1929,30.084,30.2865,-0.9642,-3.09,1.3,53242923.47,,,122.1277,7.8559,3.9438,46.3133,4071976695,,,,,,,
2017-03-30,2002034,29.8911,30.2672,27.9627,28.6569,-1.6296,-5.38,1.54,60227770.18,,,115.5567,7.4332,3.7316,43.8214,3852885940,,,,,,,
2017-03-31,1365027,28.6569,29.3126,28.5412,29.1583,0.5014,1.75,1.05,41205656.19,,,78.9383,7.307,3.2739,37.0831,3920298480,,,,,,,
2017-04-05,1007044,29.1294,29.9394,29.1198,29.5537,0.3954,1.36,0.78,30883639.64,,,80.0086,7.406,3.3183,37.5858,3973450675,,,,,,,
2017-04-06,2459861,30.4697,31.7618,30.3058,30.8457,1.292,4.37,1.9,79143724.22,,,83.5065,7.7298,3.4634,39.2291,4147167605,,,,,,,
2017-04-07,1659713,30.6818,31.2314,30.3829,30.865,0.0193,0.06,1.28,53275655.56,,,83.5587,7.7346,3.4656,39.2536,4149760395,,,,,,,
2017-04-10,3427864,30.489,31.8967,29.8911,31.5785,0.7135,2.31,2.64,110303173.54,,,85.4904,7.9134,3.5457,40.1611,4245693625,,,,,,,
2017-04-11,3267033,31.4436,32.5331,31.3857,32.0125,0.434,1.37,2.52,108986516.25,,,86.6651,8.0222,3.5944,40.7129,4304031400,,,,,,,
2017-04-12,1294935,31.8196,31.8678,30.9229,31.3761,-0.6364,-1.99,1,42174147.95,,,84.9422,7.8627,3.523,39.9035,4218469330,,,,,,,
2017-04-13,2508818,31.3375,32.3981,31.3375,31.8871,0.511,1.63,1.94,83291124.58,,,86.3257,7.9908,3.5803,40.5535,4287178265,,,,,,,
2017-04-14,2027105,31.0482,31.7618,30.6625,30.7107,-1.1764,-3.69,1.56,65527582.27,,,83.141,7.696,3.4482,39.0574,4129018075,,,,,,,
2017-04-17,2228489,30.4022,30.4311,28.8112,29.139,-1.5717,-5.12,1.72,68151332.58,,,78.8861,7.3021,3.2718,37.0585,3917705690,,,,,,,
2017-04-18,1215391,28.9269,29.6308,28.5412,28.7341,-0.4049,-1.39,0.94,36717274.56,,,77.7897,7.2006,3.2263,36.5435,3863257100,,,,,,,
2017-04-19,1577129,28.7341,29.2355,27.1527,27.8759,-0.8582,-2.99,1.22,45933402.11,,,75.4665,6.9856,3.1299,35.4521,3747877945,,,,,,,
2017-04-20,1110193,27.8759,28.4352,27.6638,28.0205,0.1446,0.52,0.86,32279945.63,,,75.858,7.0218,3.1462,35.636,3767323870,,,,,,,
2017-04-21,944343,27.9434,28.2905,27.2299,27.4034,-0.6171,-2.2,0.73,27147744.9,,,74.1874,6.8672,3.0769,34.8512,3684354590,,,,,,,
2017-04-24,2518065,26.9985,27.4806,24.8868,25.1375,-2.2659,-8.27,1.94,67285042.62,,,68.053,6.2993,2.8225,31.9694,3379701765,,,,,,,
2017-04-25,1397638,25.1375,25.8414,25.1375,25.6871,0.5496,2.19,1.08,36960011.53,,,69.5409,6.4371,2.8842,32.6684,3453596280,,,,,,,
2017-04-26,1071939,25.8414,26.121,25.4364,25.8317,0.1446,0.56,0.83,28673198.45,,,69.9325,6.4733,2.9004,32.8524,3473042205,,,,,,,
2017-04-27,1639074,26.0246,26.3235,25.1471,26.2656,0.4339,1.68,1.26,43811002.78,,,71.1071,6.5821,2.9491,33.4042,3531379980,,,,,,,
2017-04-28,1059397,26.0342,26.8635,25.8896,26.796,0.5304,2.02,0.82,29142992.26,,,72.5428,6.715,3.0087,34.0787,3602681705,,,,,,,
2017-05-02,918936,26.3717,26.9695,26.3428,26.7285,-0.0675,-0.25,0.71,25410252.14,,,72.3601,6.698,3.0011,33.9928,3593606940,,,,,,,
2017-05-03,861122,26.5163,26.9406,26.1596,26.4006,-0.3279,-1.23,0.66,23583629.08,,,71.4726,6.6159,2.9643,33.5759,3549529510,,,,,,,
2017-05-04,831762,26.4006,26.5067,25.986,25.986,-0.4146,-1.57,0.64,22617564.49,,,70.3501,6.512,2.9177,33.0486,3493784525,,,,,,,
2017-05-05,917989,25.9282,27.6348,25.745,25.9474,-0.0386,-0.15,0.71,25007198.22,,,70.2457,6.5023,2.9134,32.9995,3488598945,,,,,,,
2017-05-08,1221684,25.6582,26.391,25.5039,25.6871,-0.2603,-1,0.94,32904123.77,,,69.5409,6.4371,2.8842,32.6684,3453596280,,,,,,,
2017-05-09,2299394,25.8028,25.8028,24.1154,24.6843,-1.0028,-3.9,1.77,58914159.92,,,66.8261,6.1858,2.7716,31.3931,3318771200,,,,,,,
2017-05-10,1135143,24.6554,25.0218,24.1636,24.1829,-0.5014,-2.03,0.88,29061952.52,,,65.4687,6.0601,2.7153,30.7554,3251358660,,,,,,,
2017-05-11,1617190,24.2504,24.2504,22.4666,23.4404,-0.7425,-3.07,1.25,38857891.27,,,63.4587,5.8741,2.6319,29.8112,3151536245,,,,,,,
2017-05-12,757780,23.2283,23.5272,22.7558,23.0451,-0.3953,-1.69,0.58,18157295.56,,,62.3884,5.775,2.5875,29.3084,3098384050,,,,,,,
2017-05-15,1070510,23.4983,23.5272,22.9487,23.3922,0.3471,1.51,0.83,25822272.35,,,63.3282,5.862,2.6265,29.7498,3145054270,,,,,,,
2017-05-16,1382389,23.479,24.4432,23.1415,24.2986,0.9064,3.87,1.07,34266747.16,,,65.7819,6.0891,2.7283,30.9026,3266915400,,,,,,,
2017-05-17,1124436,24.3468,24.8771,24.1058,24.2504,-0.0482,-0.2,0.87,28652983.01,,,65.6514,6.077,2.7229,30.8412,3260433425,,,,,,,
2017-05-18,1347369,24.125,24.8675,23.7201,24.665,0.4146,1.71,1.04,34298556.48,,,66.7739,6.1809,2.7694,31.3685,3316178410,,,,,,,
2017-05-19,1971794,24.5879,25.6871,24.53,25.6292,0.9642,3.91,1.52,51609656.19,,,69.3843,6.4226,2.8777,32.5948,3445817910,,,,,,,
2017-05-22,2608957,26.8249,26.8249,24.3372,24.9254,-0.7038,-2.75,2.01,69408989.01,,,67.4787,6.2462,2.7987,31.6996,3351181075,,,,,,,
2017-05-23,1851274,24.9157,24.9157,22.9005,23.0162,-1.9092,-7.66,1.43,45335636.51,,,62.3101,5.7678,2.5843,29.2716,3094494865,,,,,,,
2017-05-24,1171200,22.4762,23.1222,22.2255,22.8523,-0.1639,-0.71,0.9,27482980.7,,,61.8663,5.7267,2.5659,29.0631,3072456150,,,,,,,
2017-05-25,897695,22.6691,23.4115,22.6691,23.1415,0.2892,1.27,0.69,21499193.56,,,62.6495,5.7992,2.5984,29.431,3111348000,,,,,,,
2017-05-26,923367,23.0933,23.6236,22.9583,22.9969,-0.1446,-0.62,0.71,22254866.4,,,62.2579,5.7629,2.5821,29.2471,3091902075,,,,,,,
2017-05-31,693297,22.9969,23.4597,22.8426,22.8908,-0.1061,-0.46,0.53,16628159.06,,,61.9708,5.7363,2.5702,29.1122,3077641730,,,,,,,
2017-06-01,1183121,22.7173,22.8715,21.2613,21.888,-1.0028,-4.38,0.91,26941068.09,,,59.2559,5.485,2.4576,27.8368,2942816650,,,,,,,
2017-06-02,836162,21.4734,22.1194,21.2324,21.888,0,0,0.64,18702905.88,,,59.2559,5.485,2.4576,27.8368,2942816650,,,,,,,
2017-06-05,798124,21.9362,22.3123,21.6566,22.2737,0.3857,1.76,0.62,18338175.7,,,60.3001,5.5817,2.5009,28.3273,2994672450,,,,,,,
2017-06-06,586683,22.1677,22.2737,21.888,22.1773,-0.0964,-0.43,0.45,13457716.5,,,60.0391,5.5575,2.4901,28.2047,2981708500,,,,,,,
2017-06-07,820828,22.4666,22.8041,22.1773,22.8041,0.6268,2.83,0.63,19243048.61,,,61.7358,5.7146,2.5605,29.0018,3065974175,,,,,,,
2017-06-08,697389,22.7848,22.8908,22.5726,22.6883,-0.1158,-0.51,0.54,16427886.18,,,61.4226,5.6856,2.5475,28.8546,3050417435,,,,,,,
2017-06-09,1099519,22.6883,23.1319,22.3701,22.9969,0.3086,1.36,0.85,26030394.92,,,62.2579,5.7629,2.5821,29.2471,3091902075,,,,,,,
2017-06-12,1267236,22.7076,22.833,21.8398,21.8591,-1.1378,-4.95,0.98,29266398.92,,,59.1776,5.4778,2.4544,27.8,2938927465,,,,,,,
2017-06-13,700699,21.8591,22.3701,21.6759,22.3412,0.4821,2.21,0.54,16155394.1,,,60.4828,5.5986,2.5085,28.4132,3003747215,,,,,,,
2017-06-14,775322,23.0629,23.0629,22.3552,22.4716,0.1304,0.58,0.6,18034906.36,,,60.5089,5.7755,2.5096,28.4254,3005043610,,,,,,,
2017-06-15,1004682,22.2777,22.8302,22.2777,22.7915,0.3199,1.42,0.78,23465728.52,,,61.3704,5.8577,2.5453,28.8301,3047824645,,,,,,,
2017-06-16,699011,22.8012,22.9078,22.3455,22.5394,-0.2521,-1.11,0.54,16262419.97,,,60.6917,5.7929,2.5172,28.5113,3014118375,,,,,,,
2017-06-19,1674895,22.5685,23.3828,22.4909,23.3828,0.8434,3.74,1.29,39900446.34,,,62.9627,6.0097,2.6114,29.5782,3126904740,,,,,,,
2017-06-20,1311513,23.2665,23.6349,23.0823,23.1792,-0.2036,-0.87,1.01,31419485.24,,,62.4145,5.9574,2.5886,29.3206,3099680445,,,,,,,
2017-06-21,920188,23.2277,23.2277,22.869,23.1986,0.0194,0.08,0.71,21873102.29,,,62.4667,5.9623,2.5908,29.3452,3102273235,,,,,,,
2017-06-22,1146155,23.2374,23.2374,22.2971,22.2971,-0.9015,-3.89,0.88,26987698.78,,,60.0391,5.7306,2.4901,28.2047,2981708500,,,,,,,
2017-06-23,920142,22.394,22.6267,21.9384,22.3068,0.0097,0.04,0.71,21089811.83,,,60.0652,5.7331,2.4912,28.217,2983004895,,,,,,,
2017-06-26,719368,22.3261,22.5394,22.1419,22.4813,0.1745,0.78,0.55,16651750.64,,,60.535,5.778,2.5107,28.4377,3006340005,,,,,,,
2017-06-27,1193854,22.4909,23.1114,22.4909,22.9272,0.4459,1.98,0.92,28191145.58,,,61.7358,5.8926,2.5605,29.0018,3065974175,,,,,,,
2017-06-28,700946,22.9466,23.1599,22.4425,22.5782,-0.349,-1.52,0.54,16376433.45,,,60.7961,5.8029,2.5215,28.5603,3019303955,,,,,,,
2017-06-29,587441,22.6558,22.9272,22.6073,22.7333,0.1551,0.69,0.45,13769587.88,,,61.2137,5.8427,2.5388,28.7565,3040046275,,,,,,,
2017-06-30,781857,22.5879,23.092,22.5006,22.9757,0.2424,1.07,0.6,18450699.43,,,77.0079,5.9046,2.3569,29.5217,3072456150,,,,,,,
2017-07-03,1149190,23.0338,23.3925,23.0338,23.3634,0.3877,1.69,0.89,27557787.35,,,78.3076,6.0042,2.3967,30.0199,3124311950,,,,,,,
2017-07-04,663243,23.3634,23.4895,23.1696,23.2568,-0.1066,-0.46,0.51,15925447.63,,,77.9502,5.9768,2.3857,29.8829,3110051605,,,,,,,
2017-07-05,710354,23.2568,23.3344,23.1114,23.3247,0.0679,0.29,0.55,17020084,,,78.1777,5.9943,2.3927,29.9701,3119126370,,,,,,,
2017-07-06,1422409,22.9078,23.218,22.8787,23.0241,-0.3006,-1.29,1.1,33727511.24,,,77.1704,5.917,2.3619,29.5839,3078938125,,,,,,,
2017-07-07,1068617,23.0338,23.0338,22.7818,22.9757,-0.0484,-0.21,0.82,25258371.14,,,77.0079,5.9046,2.3569,29.5217,3072456150,,,,,,,
2017-07-10,1111857,22.9272,23.0241,22.7818,22.8787,-0.097,-0.42,0.86,26244305.42,,,76.683,5.8797,2.3469,29.3971,3059492200,,,,,,,
2017-07-11,1543847,22.9078,23.2471,22.4716,23.1502,0.2715,1.19,1.19,36461824.36,,,77.5928,5.9494,2.3748,29.7459,3095791260,,,,,,,
2017-07-12,1820666,23.0629,23.7997,22.5103,23.6155,0.4653,2.01,1.4,43616269.5,,,79.1524,6.069,2.4225,30.3438,3158018220,,,,,,,
2017-07-13,6103203,24.4589,25.7676,24.1196,25.4671,1.8516,7.84,4.71,155594174.26,,,85.3586,6.5449,2.6125,32.723,3405629665,,,,,,,
2017-07-14,3147992,24.5946,25.0406,24.3135,24.4007,-1.0664,-4.19,2.43,79833590.58,,,81.7844,6.2708,2.5031,31.3528,3263026215,,,,,,,
2017-07-17,2523193,24.3329,24.4783,21.9578,22.7042,-1.6965,-6.95,1.95,60261410.8,,,76.0981,5.8348,2.329,29.1729,3036157090,,,,,,,
2017-07-18,1524277,22.0935,22.8399,22.0935,22.5006,-0.2036,-0.9,1.18,35308299.01,,,75.4158,5.7825,2.3082,28.9113,3008932795,,,,,,,
2017-07-19,3395041,22.6558,24.7497,22.5006,24.7497,2.2491,10,2.62,84140680.27,,,82.9541,6.3605,2.5389,31.8012,3309696435,,,,,,,
2017-07-20,4897887,24.7788,25.5931,24.614,25.3217,0.572,2.31,3.78,127030877.02,,,84.8712,6.5075,2.5975,32.5361,3386183740,,,,,,,
2017-07-21,2386330,24.8952,25.1569,24.4298,24.6237,-0.698,-2.76,1.84,60980459.99,,,82.5317,6.3281,2.5259,31.6393,3292843300,,,,,,,
2017-07-24,4278652,24.5462,26.1748,24.5268,25.787,1.1633,4.72,3.3,112632142.95,,,86.4308,6.6271,2.6453,33.134,3448410700,,,,,,,
2017-07-25,2511821,25.6125,25.7773,25.0212,25.4671,-0.3199,-1.24,1.94,65600621.05,,,85.3586,6.5449,2.6125,32.723,3405629665,,,,,,,
2017-07-26,1869857,25.4671,25.6707,24.837,25.2538,-0.2133,-0.84,1.44,48505937.72,,,84.6437,6.4901,2.5906,32.4489,3377108975,,,,,,,
2017-07-27,2497471,25.1375,25.2441,24.5752,24.9339,-0.3199,-1.27,1.93,64183621.33,,,83.5715,6.4078,2.5578,32.0379,3334327940,,,,,,,
2017-07-28,2900043,25.06,25.6513,24.8273,25.2054,0.2715,1.09,2.24,75704450.2,,,84.4813,6.4776,2.5856,32.3866,3370627000,,,,,,,
2017-07-31,2598391,25.3993,25.3993,24.3426,24.7303,-0.4751,-1.88,2,66345902.87,,,82.8891,6.3555,2.5369,31.7763,3307103645,,,,,,,
2017-08-01,1981936,24.8467,24.9533,24.3426,24.6528,-0.0775,-0.31,1.53,50351998.27,,,82.6292,6.3356,2.5289,31.6766,3296732485,,,,,,,
2017-08-02,2796342,24.5558,24.7691,23.5573,23.6834,-0.9694,-3.93,2.16,69825771,,,79.3799,6.0865,2.4295,30.431,3167092985,,,,,,,
2017-08-03,1872990,23.7803,23.7803,23.1599,23.7609,0.0775,0.33,1.44,45415615,,,79.6398,6.1064,2.4374,30.5306,3177464145,,,,,,,
2017-08-04,2309412,23.7415,24.3813,23.5379,24.1584,0.3975,1.67,1.78,57007345.53,,,80.972,6.2085,2.4782,31.0413,3230616340,,,,,,,
2017-08-07,2234859,24.0905,25.4477,23.8482,24.1584,0,0,1.72,56430025.53,,,80.972,6.2085,2.4782,31.0413,3230616340,,,,,,,
2017-08-08,1557442,23.9063,24.4298,23.7124,23.916,-0.2424,-1,1.2,38585661.95,,,80.1597,6.1463,2.4533,30.7299,3198206465,,,,,,,
2017-08-09,1623395,23.916,24.362,23.7124,23.9451,0.0291,0.12,1.25,40198492.14,,,80.2572,6.1537,2.4563,30.7673,3202095650,,,,,,,
2017-08-10,1947720,23.916,24.0033,23.0823,23.1696,-0.7755,-3.24,1.5,47013400.72,,,77.6578,5.9544,2.3768,29.7708,3098384050,,,,,,,
2017-08-11,2016549,23.0241,23.0241,22.2486,22.4037,-0.7659,-3.31,1.56,47082874.15,,,75.0908,5.7576,2.2982,28.7867,2995968845,,,,,,,
2017-08-14,1286611,22.4037,22.7915,22.3261,22.7333,0.3296,1.47,0.99,29979913.1,,,76.1956,5.8423,2.332,29.2103,3040046275,,,,,,,
2017-08-15,1277361,22.7333,23.1696,22.6848,23.0726,0.3393,1.49,0.99,30336816.87,,,77.3328,5.9295,2.3668,29.6462,3085420100,,,,,,,
2017-08-16,1403522,23.0726,23.693,22.869,23.4022,0.3296,1.43,1.08,33752337.4,,,78.4376,6.0142,2.4006,30.0697,3129497530,,,,,,,
2017-08-17,3754934,23.6543,24.9048,23.6058,24.139,0.7368,3.15,2.9,94132085.62,,,80.907,6.2036,2.4762,31.0164,3228023550,,,,,,,
2017-08-18,5160604,23.7609,25.6901,23.6349,25.186,1.047,4.34,3.98,132248677,,,84.4163,6.4726,2.5836,32.3617,3368034210,,,,,,,
2017-08-21,5642290,25.2054,26.6304,25.2054,25.3896,0.2036,0.81,4.35,149884530.13,,,85.0986,6.5249,2.6045,32.6233,3395258505,,,,,,,
2017-08-22,3457475,25.2926,25.8355,24.8661,25.3217,-0.0679,-0.27,2.67,90303932.36,,,84.8712,6.5075,2.5975,32.5361,3386183740,,,,,,,
2017-08-23,4957309,25.3605,26.5432,25.186,25.8355,0.5138,2.03,3.82,132663714.48,,,86.5933,6.6395,2.6503,33.1963,3454892675,,,,,,,
2017-08-24,3553221,25.5156,25.8161,24.9242,24.9727,-0.8628,-3.34,2.74,92697046.23,,,83.7014,6.4178,2.5617,32.0877,3339513520,,,,,,,
2017-08-25,3116609,24.7691,25.5738,24.6722,25.1084,0.1357,0.54,2.4,80620003.12,,,84.1563,6.4527,2.5757,32.2621,3357663050,,,,,,,
2017-08-28,3325386,25.1278,25.8452,25.1278,25.3508,0.2424,0.97,2.57,87461379.2,,,84.9686,6.515,2.6005,32.5735,3390072925,,,,,,,
2017-08-29,5833083,25.1569,26.6304,25.1569,26.6111,1.2603,4.97,4.5,156885684.32,,,89.1927,6.8389,2.7298,34.1928,3558604275,,,,,,,
2017-08-30,8550183,26.3687,28.7244,26.01,27.8519,1.2408,4.66,6.6,244481703.01,,,93.3518,7.1578,2.8571,35.7872,3724542835,,,,,,,
2017-08-31,4438139,27.5902,28.5208,27.406,28.0555,0.2036,0.73,3.42,128604734.99,,,94.0341,7.2101,2.878,36.0488,3751767130,,,,,,,
2017-09-01,3080440,28.104,28.4045,27.7162,28.2009,0.1454,0.52,2.38,89315810.71,,,94.5215,7.2474,2.8929,36.2357,3771213055,,,,,,,
2017-09-04,2582563,28.007,28.1137,27.3381,27.4739,-0.727,-2.58,1.99,73755857.11,,,92.0846,7.0606,2.8183,35.3014,3673983430,,,,,,,
2017-09-05,2013526,27.5029,27.7841,27.1442,27.7841,0.3102,1.13,1.55,57059423.37,,,93.1243,7.1403,2.8501,35.7,3715468070,,,,,,,
2017-09-06,3087827,27.5223,28.3463,27.2218,28.3367,0.5526,1.99,2.38,89108914.63,,,94.9764,7.2823,2.9068,36.4101,3789362585,,,,,,,
2017-09-07,1736479,28.1912,28.5984,27.7259,27.8035,-0.5332,-1.88,1.34,50236672.91,,,93.1893,7.1453,2.8521,35.725,3718060860,,,,,,,
2017-09-08,1243201,27.7841,28.0458,27.3284,27.4157,-0.3878,-1.39,0.96,35282640.03,,,91.8896,7.0456,2.8124,35.2267,3666205060,,,,,,,
2017-09-11,1892470,27.2412,27.5805,26.708,27.0861,-0.3296,-1.2,1.46,52848101.54,,,90.7849,6.9609,2.7785,34.8032,3622127630,,,,,,,
2017-09-12,1456600,27.0473,27.3284,26.7759,26.8049,-0.2812,-1.04,1.12,40526639.34,,,89.8426,6.8887,2.7497,34.4419,3584532175,,,,,,,
2017-09-13,1407256,26.8049,27.2509,26.6692,27.1927,0.3878,1.45,1.09,39367667.6,,,91.1423,6.9883,2.7895,34.9402,3636387975,,,,,,,
2017-09-14,1246200,27.3381,27.4351,26.7662,26.8146,-0.3781,-1.39,0.96,34632530.96,,,89.8751,6.8912,2.7507,34.4544,3585828570,,,,,,,
2017-09-15,1771271,26.8631,27.0473,26.0876,26.1554,-0.6592,-2.46,1.37,48282020.45,,,87.6655,6.7218,2.6831,33.6074,3497673710,,,,,,,
2017-09-18,1074797,26.2233,26.4559,25.8646,26.3202,0.1648,0.63,0.83,29035853.74,,,88.2179,6.7641,2.7,33.8191,3519712425,,,,,,,
2017-09-19,1967564,26.1748,26.5044,25.3605,25.5059,-0.8143,-3.09,1.52,52548598.73,,,85.4885,6.5548,2.6164,32.7728,3410815245,,,,,,,
2017-09-20,1511245,25.4865,26.0003,25.2635,25.9518,0.4459,1.75,1.17,39960345.84,,,86.9832,6.6694,2.6622,33.3458,3470449415,,,,,,,
2017-09-21,2140100,26.0779,26.6111,25.7386,26.5141,0.5623,2.17,1.65,58238154,,,88.8678,6.8139,2.7199,34.0683,3545640325,,,,,,,
2017-09-22,1274500,26.3687,26.4656,25.4671,25.5738,-0.9403,-3.55,0.98,33938592,,,85.716,6.5723,2.6234,32.86,3419890010,,,,,,,
2017-09-25,829800,25.3993,25.9228,25.2732,25.3023,-0.2715,-1.06,0.64,21837403,,,84.8062,6.5025,2.5956,32.5112,3383590950,,,,,,,
2017-09-26,1906500,25.409,25.7386,24.4298,24.8176,-0.4847,-1.92,1.47,49423535,,,83.1815,6.3779,2.5458,31.8884,3318771200,,,,,,,
2017-09-27,979000,24.6916,25.0115,24.4492,24.7013,-0.1163,-0.47,0.76,24933274,,,82.7916,6.3481,2.5339,31.7389,3303214460,,,,,,,
2017-09-28,1136507,24.7691,24.9048,24.3135,24.3426,-0.3587,-1.45,0.88,28776881.38,,,81.5894,6.2559,2.4971,31.278,3255247845,,,,,,,
2017-09-29,691801,24.3426,24.6043,24.2359,24.4686,0.126,0.52,0.53,17434367.13,,,82.0118,6.2883,2.51,31.44,3272100980,,,,,,,
2017-10-09,1176175,24.6334,25.1278,24.6334,25.089,0.6204,2.54,0.91,30269755.39,,,67.7747,6.1882,2.3759,28.7746,3355070260,,,,,,,
2017-10-10,946552,25.089,25.0987,24.8176,25.089,0,0,0.73,24331778.76,,,67.7747,6.1882,2.3759,28.7746,3355070260,,,,,,,
2017-10-11,1524800,25.3023,26.0391,25.1084,25.4574,0.3684,1.47,1.18,40249092.58,,,68.7698,6.279,2.4108,29.1971,3404333270,,,,,,,
2017-10-12,881301,25.4477,25.6319,25.0987,25.1957,-0.2617,-1.03,0.68,22977489.93,,,68.0628,6.2145,2.386,28.8969,3369330605,,,,,,,
2017-10-13,832753,25.2054,25.2345,24.9339,25.1569,-0.0388,-0.15,0.64,21514130.69,,,67.958,6.2049,2.3823,28.8524,3364145025,,,,,,,
2017-10-16,1046801,24.9727,25.409,24.8467,24.8661,-0.2908,-1.16,0.81,27115947.65,,,67.1724,6.1332,2.3548,28.5188,3325253175,,,,,,,
2017-10-17,843400,24.5655,25.0406,24.5655,24.9145,0.0484,0.19,0.65,21567873,,,67.3033,6.1451,2.3594,28.5744,3331735150,,,,,,,
2017-10-18,770500,24.8176,25.06,24.6625,24.6625,-0.252,-1.01,0.59,19788215.33,,,66.6224,6.083,2.3355,28.2853,3298028880,,,,,,,
2017-10-19,1912067,24.5268,24.6431,22.7818,23.218,-1.4445,-5.86,1.47,46307284.01,,,62.7204,5.7267,2.1987,26.6287,3104866025,,,,,,,
2017-10-20,792500,23.218,23.5767,22.9757,23.5379,0.3199,1.38,0.61,19049467,,,63.5846,5.8056,2.229,26.9956,3147647060,,,,,,,
2017-10-23,987571,23.5379,23.5379,23.0726,23.3247,-0.2132,-0.91,0.76,23739104.78,,,63.0085,5.753,2.2088,26.751,3119126370,,,,,,,
2017-10-24,758427,23.1792,23.2665,22.9272,23.0532,-0.2715,-1.16,0.58,18036385.18,,,62.2752,5.686,2.1831,26.4397,3082827310,,,,,,,
2017-10-25,766767,23.0726,23.218,22.9272,23.1889,0.1357,0.59,0.59,18285986.25,,,62.6418,5.7195,2.196,26.5953,3100976840,,,,,,,
2017-10-26,991500,23.2665,23.5185,23.2665,23.4604,0.2715,1.17,0.76,23928998,,,63.3751,5.7865,2.2217,26.9067,3137275900,,,,,,,
2017-10-27,1349688,23.3344,24.3038,23.3344,23.8675,0.4071,1.74,1.04,33226176.12,,,64.475,5.8869,2.2602,27.3736,3191724490,,,,,,,
2017-10-30,1333274,24.013,24.1681,22.8302,22.9951,-0.8724,-3.66,1.03,32029693.47,,,62.1181,5.6717,2.1776,26.373,3075048940,,,,,,,
2017-10-31,884715,22.8496,23.4216,22.8496,23.2665,0.2714,1.18,0.68,21200112,,,62.8513,5.7386,2.2033,26.6843,3111348000,,,,,,,
2017-11-01,783001,23.2083,23.4798,22.9466,23.1696,-0.0969,-0.42,0.6,18768106.13,,,62.5895,5.7147,2.1941,26.5731,3098384050,,,,,,,
2017-11-02,887280,22.9854,23.1889,22.7818,22.8012,-0.3684,-1.59,0.68,20988696.23,,,61.5943,5.6239,2.1592,26.1506,3049121040,,,,,,,
2017-11-03,1094832,22.6848,23.1502,22.2971,22.3746,-0.4266,-1.87,0.84,25641180.17,,,60.442,5.5187,2.1188,25.6614,2992079660,,,,,,,
2017-11-06,886032,22.2971,22.9272,22.2001,22.9272,0.5526,2.47,0.68,20676824.27,,,61.9348,5.655,2.1712,26.2951,3065974175,,,,,,,
2017-11-07,1511475,22.9272,23.5573,22.7139,23.4507,0.5235,2.28,1.17,36335617.22,,,63.3489,5.7841,2.2207,26.8955,3135979505,,,,,,,
2017-11-08,1657558,23.4604,23.7512,23.315,23.3731,-0.0776,-0.33,1.28,40284619.45,,,63.1394,5.7649,2.2134,26.8066,3125608345,,,,,,,
2017-11-09,708900,23.5573,23.5573,22.9757,23.2665,-0.1066,-0.46,0.55,16983158,,,62.8513,5.7386,2.2033,26.6843,3111348000,,,,,,,
2017-11-10,653355,23.2665,23.2665,22.8787,23.0047,-0.2618,-1.13,0.5,15485997.3,,,62.1443,5.6741,2.1785,26.3841,3076345335,,,,,,,
2017-11-13,668138,22.8787,23.1889,22.8012,22.9078,-0.0969,-0.42,0.52,15831777.33,,,61.8824,5.6502,2.1693,26.2729,3063381385,,,,,,,
2017-11-14,1690962,22.7721,23.0338,22.2292,22.3358,-0.572,-2.5,1.3,39214093.61,,,60.3373,5.5091,2.1152,25.6169,2986894080,,,,,,,
2017-11-15,618597,22.3455,22.4619,22.2001,22.2583,-0.0775,-0.35,0.48,14233885.79,,,60.1278,5.49,2.1078,25.528,2976522920,,,,,,,
2017-11-16,1217400,22.1032,22.394,21.7348,21.793,-0.4653,-2.09,0.94,27793868,,,58.8708,5.3752,2.0638,24.9943,2914295960,,,,,,,
2017-11-17,1843250,21.822,22.2583,21.347,21.4149,-0.3781,-1.73,1.42,41723510.5,,,57.8494,5.2819,2.028,24.5607,2863736555,,,,,,,
2017-11-20,1177400,21.4246,21.7639,20.649,21.1434,-0.2715,-1.27,0.91,25554780,,,57.1162,5.215,2.0023,24.2493,2827437495,,,,,,,
2017-11-21,2626646,21.0174,21.2695,19.3015,19.9316,-1.2118,-5.73,2.03,54744077.61,,,53.8426,4.9161,1.8875,22.8595,2665388120,,,,,,,
2017-11-22,1649045,19.6796,20.3485,19.6796,20.174,0.2424,1.22,1.27,34142099.05,,,54.4973,4.9759,1.9104,23.1375,2697797995,,,,,,,
2017-11-23,1838521,20.3582,20.8235,20.1837,20.4454,0.2714,1.35,1.42,39014035.88,,,55.2306,5.0428,1.9362,23.4488,2734097055,,,,,,,
2017-11-24,2140700,20.1643,21.473,19.8735,21.1337,0.6883,3.37,1.65,46306158,,,57.09,5.2126,2.0013,24.2382,2826141100,,,,,,,
2017-11-27,1464000,20.9495,21.3276,20.7072,20.9495,-0.1842,-0.87,1.13,31672049,,,56.5924,5.1672,1.9839,24.027,2801509595,,,,,,,
2017-11-28,1231196,20.9302,21.0368,20.6005,20.7847,-0.1648,-0.79,0.95,26382705.88,,,56.1472,5.1265,1.9683,23.838,2779470880,,,,,,,
2017-11-29,1452230,20.7847,20.8817,19.8832,20.2128,-0.5719,-2.75,1.12,30207992.98,,,54.6021,4.9854,1.9141,23.182,2702983575,,,,,,,
2017-11-30,1178917,20.1546,20.2419,19.7765,19.8347,-0.3781,-1.87,0.91,24218952.75,,,53.5808,4.8922,1.8783,22.7484,2652424170,,,,,,,
2017-12-01,895495,19.6311,20.077,19.4954,19.8735,0.0388,0.2,0.69,18348133.45,,,53.6855,4.9018,1.882,22.7928,2657609750,,,,,,,
2017-12-04,1062325,19.7862,20.1643,19.4372,19.5536,-0.3199,-1.61,0.82,21688720.05,,,52.8213,4.8228,1.8517,22.4259,2614828715,,,,,,,
2017-12-05,1695056,19.5536,19.6796,18.5163,18.7004,-0.8532,-4.36,1.31,33028159.45,,,50.5168,4.6124,1.7709,21.4475,2500745955,,,,,,,
2017-12-06,1493159,18.6035,18.7683,18.08,18.7004,0,0,1.15,28318153.19,,,50.5168,4.6124,1.7709,21.4475,2500745955,,,,,,,
2017-12-07,1900199,18.6908,19.8735,18.3514,19.35,0.6496,3.47,1.47,37758055.66,,,52.2714,4.7726,1.8324,22.1924,2587604420,,,,,,,
2017-12-08,1026678,19.1561,19.6796,19.1561,19.4954,0.1454,0.75,0.79,20639007.11,,,52.6642,4.8085,1.8462,22.3592,2607050345,,,,,,,
2017-12-11,1061100,19.5729,19.9995,19.3791,19.9025,0.4071,2.09,0.82,21594514,,,53.7641,4.9089,1.8847,22.8262,2661498935,,,,,,,
2017-12-12,750060,19.9122,19.9122,19.5051,19.5923,-0.3102,-1.56,0.58,15213105.1,,,52.9261,4.8324,1.8554,22.4704,2620014295,,,,,,,
2017-12-13,567378,19.6796,19.9219,19.3887,19.825,0.2327,1.19,0.44,11533722.79,,,53.5546,4.8898,1.8774,22.7372,2651127775,,,,,,,
2017-12-14,783258,19.825,19.9025,19.3887,19.6311,-0.1939,-0.98,0.6,15766758.97,,,53.0308,4.842,1.859,22.5149,2625199875,,,,,,,
2017-12-15,551115,19.6311,19.699,19.4275,19.5632,-0.0679,-0.35,0.15,11056820.71,,,52.8475,4.8252,1.8526,22.437,2616125110,,,,,,,
2017-12-18,679097,19.2724,19.4372,18.9428,19.1755,-0.3877,-1.98,0.52,13425686.41,,,51.8,4.7296,1.8159,21.9923,2564269310,,,,,,,
2017-12-19,533558,19.1755,19.4663,19.1755,19.3984,0.2229,1.16,0.41,10651207.64,,,52.4023,4.7846,1.837,22.248,2594086395,,,,,,,
2017-12-20,637196,19.3887,19.5536,19.0785,19.1949,-0.2035,-1.05,0.49,12660732.9,,,51.8524,4.7344,1.8177,22.0145,2566862100,,,,,,,
2017-12-21,566742,19.1464,19.1464,18.6617,19.0107,-0.1842,-0.96,0.44,11053224.03,,,51.3548,4.6889,1.8003,21.8033,2542230595,,,,,,,
2017-12-22,1670360,18.9719,20.0189,18.8556,19.951,0.9403,4.95,1.29,33871197.05,,,53.895,4.9209,1.8893,22.8818,2667980910,,,,,,,
2017-12-25,1140839,19.7765,19.9413,19.2918,19.35,-0.601,-3.01,0.88,23022180.49,,,52.2714,4.7726,1.8324,22.1924,2587604420,,,,,,,
2017-12-26,709627,19.1949,19.5245,19.0979,19.4857,0.1357,0.7,0.55,14144135.67,,,52.638,4.8061,1.8453,22.3481,2605753950,,,,,,,
2017-12-27,768399,19.3887,19.8541,19.35,19.4566,-0.0291,-0.15,0.59,15554928.08,,,52.5594,4.7989,1.8425,22.3147,2601864765,,,,,,,
2017-12-28,864598,19.4663,19.6408,19.253,19.6408,0.1842,0.95,0.67,17350430.26,,,53.057,4.8444,1.86,22.526,2626496270,,,,,,,
2017-12-29,1288460,19.6408,20.2031,19.4954,20.1837,0.5429,2.76,0.99,26542133.52,,,54.5235,4.9783,1.9114,23.1486,2699094390,,,,,,,
2018-01-02,1158142,20.2419,20.6102,19.9801,20.2515,0.0678,0.34,0.89,24212904.48,,,56.2384,4.8913,1.7696,28.8947,2708169155,,,,,,,
2018-01-03,1248769,20.1255,20.4357,19.9704,20.426,0.1745,0.86,0.96,26187467.32,,,56.723,4.9335,1.7848,29.1437,2731504265,,,,,,,
2018-01-04,2321703,20.5036,21.2113,20.3388,20.9786,0.5526,2.71,1.79,50157932.13,,,58.2575,5.0669,1.8331,29.9321,2805398780,,,,,,,
2018-01-05,1355244,20.7653,20.9205,20.1934,20.4164,-0.5622,-2.68,1.05,28638858.75,,,56.6961,4.9311,1.784,29.1299,2730207870,,,,,,,
2018-01-08,1498598,20.2903,20.4067,19.825,19.9801,-0.4363,-2.14,1.16,30977252.64,,,55.4846,4.8258,1.7459,28.5074,2671870095,,,,,,,
2018-01-09,1087700,20.077,20.2419,19.8541,20.0286,0.0485,0.24,0.84,22489761,,,55.6192,4.8375,1.7501,28.5766,2678352070,,,,,,,
2018-01-10,978300,20.048,20.3388,19.7765,19.9704,-0.0582,-0.29,0.75,20226349.75,,,55.4577,4.8234,1.745,28.4936,2670573700,,,,,,,
2018-01-11,987173,19.602,19.9704,19.602,19.8735,-0.0969,-0.49,0.76,20150718.79,,,55.1885,4.8,1.7365,28.3553,2657609750,,,,,,,
2018-01-12,456500,19.7474,20.048,19.5923,19.6214,-0.2521,-1.27,0.35,9306250,,,54.4885,4.7391,1.7145,27.9957,2623903480,,,,,,,
2018-01-15,710700,19.6214,19.6699,19.0107,19.0785,-0.5429,-2.77,0.54,14126377,,,52.981,4.608,1.6671,27.2211,2551305360,,,,,,,
2018-01-16,610500,19.001,19.1464,18.8168,18.904,-0.1745,-0.91,0.47,11965286,,,52.4964,4.5659,1.6518,26.9721,2527970250,,,,,,,
2018-01-17,729900,18.9234,18.9525,18.4484,18.9525,0.0485,0.26,0.56,14104327.09,,,52.631,4.5776,1.6561,27.0413,2534452225,,,,,,,
2018-01-18,720800,18.904,19.2433,18.904,19.1561,0.2036,1.07,0.54,14215599,,,53.1963,4.6267,1.6739,27.3317,2561676520,,,,,,,
2018-01-19,827403,19.127,19.127,18.6908,18.7295,-0.4266,-2.23,0.63,16076580.9,,,52.0118,4.5237,1.6366,26.7231,2504635140,,,,,,,
2018-01-22,710958,18.7004,18.904,18.4193,18.8943,0.1648,0.88,0.54,13688234.9,,,52.4695,4.5635,1.651,26.9583,2526673855,,,,,,,
2018-01-23,582395,18.8362,19.0107,18.8265,18.904,0.0097,0.05,0.44,11348856.73,,,52.4964,4.5659,1.6518,26.9721,2527970250,,,,,,,
2018-01-24,588040,18.8071,18.8943,18.5356,18.7974,-0.1066,-0.56,0.43,11381122.34,,,52.2002,4.5401,1.6425,26.82,2513709905,,,,,,,
2018-01-25,1488398,18.8556,19.7474,18.8556,19.0397,0.2423,1.29,1.14,29740607.9,,,52.8733,4.5986,1.6637,27.1658,2546119780,,,,,,,
2018-01-26,691477,18.8265,19.1658,18.6617,18.778,-0.2617,-1.37,0.53,13408702.49,,,52.1464,4.5354,1.6408,26.7923,2511117115,,,,,,,
2018-01-29,1010500,18.7004,18.7974,18.1866,18.2254,-0.5526,-2.94,0.76,19169419,,,50.6119,4.402,1.5925,26.0039,2437222600,,,,,,,
2018-01-30,407800,18.1769,18.4096,18.1382,18.3902,0.1648,0.9,0.31,7686680,,,51.0696,4.4418,1.6069,26.239,2459261315,,,,,,,
2018-01-31,605800,18.2836,18.3611,17.4596,17.8376,-0.5526,-3,0.47,11272729,,,49.535,4.3083,1.5587,25.4506,2385366800,,,,,,,
2018-02-01,786000,17.9152,17.9152,16.5968,16.5968,-1.2408,-6.96,0.59,13981078.1,,,46.0891,4.0086,1.4502,23.6801,2219428240,,,,,,,
2018-02-02,653300,16.5871,16.6259,15.734,16.3059,-0.2909,-1.75,0.5,10905653,,,45.2815,3.9383,1.4248,23.2652,2180536390,,,,,,,
2018-02-05,353430,15.9957,16.3253,15.734,16.1799,-0.126,-0.77,0.27,5853003.6,,,44.9315,3.9079,1.4138,23.0854,2163683255,,,,,,,
2018-02-06,850399,15.9957,15.9957,14.5609,14.5997,-1.5802,-9.77,0.64,13457221.72,,,40.5434,3.5263,1.2757,20.8308,1952370870,,,,,,,
2018-02-07,783343,15.2105,15.3171,13.5818,14.7548,0.1551,1.06,0.6,11873838.81,,,40.9741,3.5637,1.2893,21.0521,1973113190,,,,,,,
2018-02-08,379600,14.5706,15.2202,14.4931,14.8712,0.1164,0.79,0.29,5842767,,,41.2972,3.5918,1.2994,21.2181,1988669930,,,,,,,
2018-02-09,497300,14.4252,14.5319,13.9987,14.2798,-0.5914,-3.98,0.38,7353486,,,39.655,3.449,1.2478,20.3743,1909589835,,,,,,,
2018-02-12,399881,14.3283,14.8324,14.3283,14.7258,0.446,3.12,0.29,6048757.91,,,40.8933,3.5567,1.2867,21.0106,1969224005,,,,,,,
2018-02-13,417000,14.8906,15.0941,14.7548,14.9003,0.1745,1.18,0.32,6412467,,,41.3779,3.5988,1.302,21.2596,1992559115,,,,,,,
2018-02-14,338447,14.9099,14.9099,14.4446,14.7839,-0.1164,-0.78,0.26,5139031.93,,,41.0549,3.5707,1.2918,21.0936,1977002375,,,,,,,
2018-02-22,434600,14.9099,15.1814,14.8518,15.0844,0.3005,2.03,0.32,6737989,,,41.8894,3.6433,1.3181,21.5224,2017190620,,,,,,,
2018-02-23,371443,14.9778,15.1232,14.9293,15.0554,-0.029,-0.19,0.28,5754468.63,,,41.8087,3.6363,1.3155,21.4809,2013301435,,,,,,,
2018-02-26,896841,15.0263,15.5692,15.0263,15.5692,0.5138,3.41,0.69,14243904.82,,,43.2355,3.7604,1.3604,22.214,2082010370,,,,,,,
2018-02-27,759381,15.511,15.8503,15.4141,15.7049,0.1357,0.87,0.57,12238933.58,,,43.6124,3.7932,1.3723,22.4076,2100159900,,,,,,,
2018-02-28,737088,15.7049,15.9472,15.4625,15.7534,0.0485,0.31,0.57,11964178.52,,,43.747,3.8049,1.3765,22.4768,2106641875,,,,,,,
2018-03-01,718302,15.7049,16.0927,15.511,16.0151,0.2617,1.66,0.54,11784424.78,,,44.4739,3.8681,1.3994,22.8502,2141644540,,,,,,,
2018-03-02,516800,16.1024,16.1217,15.6855,15.6952,-0.3199,-2,0.39,8460463,,,43.5855,3.7908,1.3714,22.3938,2098863505,,,,,,,
2018-03-05,472771,15.734,16.1024,15.6855,15.8794,0.1842,1.17,0.36,7745516.27,,,44.097,3.8353,1.3875,22.6566,2123495010,,,,,,,
2018-03-06,535200,15.9085,16.0345,15.8115,16.0054,0.126,0.79,0.39,8782058,,,44.4469,3.8658,1.3986,22.8364,2140348145,,,,,,,
2018-03-07,397363,15.8891,16.0636,15.8891,15.9957,-0.0097,-0.06,0.3,6554832.15,,,44.42,3.8634,1.3977,22.8226,2139051750,,,,,,,
2018-03-08,468087,15.9763,16.2769,15.9182,16.2381,0.2424,1.52,0.34,7768368.95,,,45.093,3.922,1.4189,23.1683,2171461625,,,,,,,
2018-03-09,799799,16.2381,16.558,16.0733,16.4417,0.2036,1.25,0.61,13451545.39,,,45.6584,3.9711,1.4367,23.4588,2198685920,,,,,,,
2018-03-12,911468,16.5095,16.6743,16.4126,16.6743,0.2326,1.41,0.69,15543060.29,,,46.3045,4.0273,1.457,23.7908,2229799400,,,,,,,
2018-03-13,903560,16.6646,16.9167,16.4901,16.6549,-0.0194,-0.12,0.69,15574399.8,,,46.2507,4.0226,1.4553,23.7631,2227206610,,,,,,,
2018-03-14,892165,16.5774,16.8391,16.5289,16.6549,0,0,0.68,15311387.91,,,46.2507,4.0226,1.4553,23.7631,2227206610,,,,,,,
2018-03-15,1690408,15.7631,17.4499,15.7631,16.8391,0.1842,1.11,1.29,29068934.45,,,46.7622,4.0671,1.4714,24.0259,2251838115,,,,,,,
2018-03-16,1301061,16.6259,16.7422,16.1993,16.2575,-0.5816,-3.45,0.98,22161663.06,,,45.1469,3.9266,1.4206,23.196,2174054415,,,,,,,
2018-03-19,856700,16.3059,16.7325,15.9085,16.5483,0.2908,1.79,0.65,14549267.52,,,45.9545,3.9969,1.446,23.611,2212946265,,,,,,,
2018-03-20,2504897,16.3835,17.6438,16.3641,17.0621,0.5138,3.1,1.89,44409631.78,,,47.3813,4.121,1.4909,24.3441,2281655200,,,,,,,
2018-03-21,2809389,16.9942,18.7683,16.9748,18.7683,1.7062,10,2.15,53239680.12,,,52.1195,4.5331,1.64,26.7785,2509820720,,,,,,,
2018-03-22,4001000,20.1352,20.649,19.9801,20.649,1.8807,10.02,3.08,84310210.94,,,57.3422,4.9873,1.8043,29.4618,2761321350,,,,,,,
2018-03-23,12458363,21.3276,22.6364,20.4357,20.8138,0.1648,0.8,9.47,278287228.96,,,57.7999,5.0271,1.8187,29.697,2783360065,,,,,,,
2018-03-26,8038075,18.9234,19.7474,18.7295,19.1561,-1.6577,-7.96,6.09,157787096.82,,,53.1963,4.6267,1.6739,27.3317,2561676520,,,,,,,
2018-03-27,6786000,19.1561,19.7765,18.8459,19.5729,0.4168,2.18,5.06,134951992.79,,,54.3539,4.7274,1.7103,27.9265,2617421505,,,,,,,
2018-03-28,4637402,19.0591,19.2239,18.429,18.429,-1.1439,-5.84,3.48,89869457.92,,,51.1772,4.4511,1.6103,26.2943,2464446895,,,,,,,
2018-03-29,3210955,18.2254,18.7101,17.9152,18.3321,-0.0969,-0.53,2.44,60360977,,,50.908,4.4277,1.6019,26.156,2451482945,,,,,,,
2018-03-30,2651908,18.4484,18.5259,18.0412,18.2642,-0.0679,-0.37,2,49994920.02,,,50.7196,4.4113,1.5959,26.0592,2442408180,,,,,,,
2018-04-02,2772517,18.2739,18.4775,18.0897,18.2351,-0.0291,-0.16,2.09,52226388.52,,,103.0613,4.4536,1.4763,30.5167,2438518995,,,,,,,
2018-04-03,2683750,17.828,17.9152,17.5468,17.7601,-0.475,-2.6,2.02,49073361.18,,,100.3765,4.3376,1.4378,29.7217,2374995640,,,,,,,
2018-04-04,2113501,17.6438,17.9831,17.5565,17.6244,-0.1357,-0.76,1.6,38815904.01,,,99.6095,4.3044,1.4268,29.4946,2356846110,,,,,,,
2018-04-09,2521350,17.6438,18.1285,17.1397,18.1091,0.4847,2.75,1.87,46376774.57,,,102.349,4.4228,1.4661,30.3058,2421665860,,,,,,,
2018-04-10,4220243,17.8376,19.001,17.4499,18.4387,0.3296,1.82,3.21,78531021.47,,,104.2119,4.5033,1.4927,30.8574,2465743290,,,,,,,
2018-04-11,3121164,18.6423,18.904,18.0897,18.1963,-0.2424,-1.31,2.35,59407644.79,,,102.8421,4.4441,1.4731,30.4518,2433333415,,,,,,,
2018-04-12,2043998,18.1382,18.4096,17.6438,17.6535,-0.5428,-2.98,1.55,37691376.6,,,99.7738,4.3116,1.4292,29.5432,2360735295,,,,,,,
2018-04-13,1760400,17.6535,17.7213,17.1203,17.1203,-0.5332,-3.02,1.32,31628967,,,96.7604,4.1813,1.386,28.6509,2289433570,,,,,,,
2018-04-16,1160000,16.9652,17.2948,16.684,16.9845,-0.1358,-0.79,0.87,20395192,,,95.9933,4.1482,1.375,28.4238,2271284040,,,,,,,
2018-04-17,1577420,16.9942,17.1397,15.8794,15.8891,-1.0954,-6.45,1.2,26821665.5,,,89.8019,3.8806,1.2863,26.5905,2124791405,,,,,,,
2018-04-18,1294649,16.1024,16.1605,15.511,16.0248,0.1357,0.85,0.98,21137418.94,,,90.569,3.9138,1.2973,26.8177,2142940935,,,,,,,
2018-04-19,1402831,16.1993,16.8682,16.1024,16.2769,0.2521,1.57,1.06,23890447.63,,,91.9936,3.9753,1.3177,27.2395,2176647205,,,,,,,
2018-04-20,1183119,16.0248,16.6162,15.7049,15.734,-0.5429,-3.34,0.91,19613929.7,,,88.9253,3.8427,1.2738,26.331,2104049085,,,,,,,
2018-04-23,1097117,15.511,15.8794,15.1523,15.3656,-0.3684,-2.34,0.84,17497995.28,,,86.8432,3.7528,1.2439,25.7145,2054786075,,,,,,,
2018-04-24,858311,15.3656,15.7727,15.3268,15.6273,0.2617,1.7,0.64,13836755.25,,,88.3226,3.8167,1.2651,26.1525,2089788740,,,,,,,
2018-04-25,746998,15.5982,15.8018,15.4431,15.7049,0.0776,0.5,0.57,12076899.76,,,88.7609,3.8356,1.2714,26.2823,2100159900,,,,,,,
2018-04-26,1870526,15.7049,16.7907,15.2977,16.1702,0.4653,2.96,1.42,30871730.5,,,91.3909,3.9493,1.3091,27.061,2162386860,,,,,,,
2018-04-27,1070271,16.4514,16.4514,15.7049,15.8406,-0.3296,-2.04,0.82,17556475.4,,,89.528,3.8688,1.2824,26.5094,2118309430,,,,,,,
2018-05-02,859375,15.7534,15.7534,15.3268,15.3753,-0.4653,-2.94,0.65,13736173.75,,,86.898,3.7551,1.2447,25.7307,2056082470,,,,,,,
2018-05-03,627449,15.3656,15.6855,15.2686,15.5886,0.2133,1.39,0.47,10037147.18,,,88.1034,3.8072,1.262,26.0876,2084603160,,,,,,,
2018-05-04,859527,15.5207,16.2769,15.3753,15.8018,0.2132,1.37,0.66,14039496.24,,,89.3088,3.8593,1.2793,26.4445,2113123850,,,,,,,
2018-05-07,984988,15.6273,16.2672,15.5789,16.1024,0.3006,1.9,0.75,16292791.9,,,91.0073,3.9327,1.3036,26.9475,2153312095,,,,,,,
2018-05-08,1095388,16.0151,16.3641,15.9763,16.2575,0.1551,0.96,0.84,18274259.62,,,91.884,3.9706,1.3162,27.207,2174054415,,,,,,,
2018-05-09,2589827,16.1799,17.1784,16.1799,16.9458,0.6883,4.23,1.96,44908308.05,,,95.7741,4.1387,1.3719,28.3589,2266098460,,,,,,,
2018-05-10,2802019,16.9652,17.7407,16.9652,17.1881,0.2423,1.43,2.13,50404453.97,,,97.1439,4.1979,1.3915,28.7645,2298508335,,,,,,,
2018-05-11,1710332,17.0524,17.3045,16.5192,16.5192,-0.6689,-3.89,1.29,29519381.15,,,93.3633,4.0345,1.3373,27.6451,2209057080,,,,,,,
2018-05-14,956799,16.3932,16.4804,16.112,16.1993,-0.3199,-1.94,0.72,16035844.57,,,91.5552,3.9564,1.3114,27.1097,2166276045,,,,,,,
2018-05-15,670773,16.1993,16.558,16.1605,16.558,0.3587,2.21,0.49,11323149.73,,,93.5825,4.044,1.3405,27.71,2214242660,,,,,,,
2018-05-16,838075,16.558,16.8294,16.2865,16.2865,-0.2715,-1.64,0.63,14300742,,,92.0484,3.9777,1.3185,27.2557,2177943600,,,,,,,
2018-05-17,2161573,16.6549,17.1106,16.4804,17.0233,0.7368,4.52,1.63,37641311.78,,,96.2125,4.1577,1.3782,28.4887,2276469620,,,,,,,
2018-05-18,4431549,17.5177,18.303,17.1687,18.0025,0.9792,5.75,3.4,81178071.49,,,101.7463,4.3968,1.4574,30.1273,2407405515,,,,,,,
2018-05-21,2923868,17.605,17.9346,17.2948,17.508,-0.4945,-2.75,2.19,52849690.31,,,98.952,4.276,1.4174,29.2999,2341289370,,,,,,,
2018-05-22,2164600,17.4983,17.9928,17.3529,17.5953,0.0873,0.5,1.64,39405976,,,99.4451,4.2973,1.4245,29.4459,2352956925,,,,,,,
2018-05-23,1695400,17.6147,17.6922,16.8682,16.8682,-0.7271,-4.13,1.3,29905937,,,95.3358,4.1198,1.3656,28.2291,2255727300,,,,,,,
2018-05-24,845319,16.781,17.0524,16.6937,16.8585,-0.0097,-0.06,0.64,14714052.03,,,95.281,4.1174,1.3648,28.2129,2254430905,,,,,,,
2018-05-25,837100,16.8294,16.9845,16.5871,16.5968,-0.2617,-1.55,0.63,14455921,,,93.8017,4.0535,1.3436,27.7749,2219428240,,,,,,,
2018-05-28,1071887,16.5095,16.5095,15.9957,16.083,-0.5138,-3.1,0.82,17828622.51,,,90.8978,3.928,1.302,26.915,2150719305,,,,,,,
2018-05-29,797601,15.9957,16.2381,15.6079,15.6564,-0.4266,-2.65,0.6,13039758.91,,,88.487,3.8238,1.2675,26.2012,2093677925,,,,,,,
2018-05-30,1031650,15.5207,15.5207,14.6385,14.8033,-0.8531,-5.45,0.78,16122236.46,,,83.6654,3.6155,1.1984,24.7735,1979595165,,,,,,,
2018-05-31,622576,15.1814,15.3074,14.9099,15.1232,0.3199,2.16,0.46,9727643.79,,,85.4735,3.6936,1.2243,25.3089,2022376200,,,,,,,
2018-06-01,580900,15.1232,15.4625,14.8324,15.0554,-0.0678,-0.45,0.45,9043346,,,85.0899,3.677,1.2188,25.1953,2013301435,,,,,,,
2018-06-04,433500,15.1038,15.3656,15.0554,15.1523,0.0969,0.64,0.33,6808043,,,85.6378,3.7007,1.2267,25.3575,2026265385,,,,,,,
2018-06-05,632000,15.4044,15.4528,15.1232,15.4141,0.2618,1.73,0.48,9978519,,,87.1172,3.7646,1.2479,25.7956,2061268050,,,,,,,
2018-06-06,587457,15.4819,15.6176,15.3268,15.5304,0.1163,0.75,0.45,9381995.86,,,87.7747,3.793,1.2573,25.9903,2076824790,,,,,,,
2018-06-07,844994,15.6176,15.7049,15.2202,15.7049,0.1745,1.12,0.62,13463678.55,,,88.7609,3.8356,1.2714,26.2823,2100159900,,,,,,,
2018-06-08,755700,15.7243,15.8115,15.3753,15.7049,0,0,0.56,12151069.98,,,88.7609,3.8356,1.2714,26.2823,2100159900,,,,,,,
2018-06-11,1263286,15.3171,16.4514,15.3171,15.8891,0.1842,1.17,0.96,20687313.81,,,89.8019,3.8806,1.2863,26.5905,2124791405,,,,,,,
2018-06-12,766600,15.637,15.8891,15.4141,15.7631,-0.126,-0.79,0.58,12335450,,,89.0897,3.8499,1.2761,26.3796,2107938270,,,,,,,
2018-06-13,531400,15.4141,15.7437,15.3171,15.3365,-0.4266,-2.71,0.39,8485798,,,86.6789,3.7457,1.2416,25.6658,2050896890,,,,,,,
2018-06-14,323200,15.2232,15.5567,15.2232,15.2428,-0.0937,-0.61,0.24,5055788,,,85.1447,3.8479,1.2196,25.2115,2014597830,,,,,,,
2018-06-15,663039,15.0859,15.3213,14.5758,14.7426,-0.5002,-3.28,0.5,10041084.04,,,82.3504,3.7216,1.1796,24.3841,1948481685,,,,,,,
2018-06-19,1267419,14.723,14.723,13.3399,13.438,-1.3046,-8.85,0.95,17867345.1,,,75.0632,3.3923,1.0752,22.2264,1776061150,,,,,,,
2018-06-20,695300,13.3399,13.6244,13.1536,13.4674,0.0294,0.22,0.53,9479222,,,75.2276,3.3997,1.0776,22.2751,1779950335,,,,,,,
2018-06-21,774219,13.6244,13.7911,12.9966,13.026,-0.4414,-3.28,0.59,10512668.77,,,72.762,3.2883,1.0422,21.545,1721612560,,,,,,,
2018-06-22,560449,13.1437,13.2124,12.3002,13.0555,0.0295,0.23,0.43,7363804.39,,,72.9264,3.2957,1.0446,21.5937,1725501745,,,,,,,
2018-06-25,554449,13.2713,13.5459,12.8593,13.0457,-0.0098,-0.08,0.42,7500802.52,,,72.8716,3.2933,1.0438,21.5774,1724205350,,,,,,,
2018-06-26,516000,12.4081,13.0849,12.4081,13.0751,0.0294,0.23,0.38,6787666,,,73.036,3.3007,1.0462,21.6261,1728094535,,,,,,,
2018-06-27,630857,13.0751,13.5165,12.8495,13.0653,-0.0098,-0.07,0.48,8490929.93,,,72.9812,3.2982,1.0454,21.6099,1726798140,,,,,,,
2018-06-28,447700,13.389,13.389,12.8495,12.8985,-0.1668,-1.28,0.34,5986715,,,72.0498,3.2561,1.032,21.3341,1704759425,,,,,,,
2018-06-29,820897,13.232,13.3301,12.7906,13.3105,0.412,3.19,0.61,10988422.61,,,74.351,3.3601,1.065,22.0155,1759208015,,,,,,,
2018-07-02,653400,13.2811,13.4871,12.9181,13.0359,-0.2746,-2.06,0.5,8818083.64,,,62.6782,3.2682,0.9738,16.6452,1722908955,,,,,,,
2018-07-03,509772,12.8299,13.389,12.7906,13.2909,0.255,1.96,0.38,6832950.22,,,63.9044,3.3322,0.9928,16.9709,1756615225,,,,,,,
2018-07-04,450701,13.3105,13.3105,12.8887,13.0162,-0.2747,-2.07,0.35,5982194.18,,,62.5838,3.2633,0.9723,16.6202,1720316165,,,,,,,
2018-07-05,458413,13.0064,13.0162,12.4081,12.5552,-0.461,-3.54,0.35,5966011.54,,,60.3672,3.1477,0.9379,16.0315,1659385600,,,,,,,
2018-07-06,717462,12.5552,12.8789,12.1629,12.5356,-0.0196,-0.16,0.53,9188796.14,,,60.2729,3.1428,0.9364,16.0065,1656792810,,,,,,,
2018-07-09,633728,12.7024,12.9181,12.6337,12.8299,0.2943,2.35,0.49,8289149.71,,,61.6878,3.2166,0.9584,16.3822,1695684660,,,,,,,
2018-07-10,466649,13.2418,13.3399,12.8397,13.0359,0.206,1.61,0.35,6170844.18,,,62.6782,3.2682,0.9738,16.6452,1722908955,,,,,,,
2018-07-11,526540,12.8985,12.8985,12.4571,12.5748,-0.4611,-3.54,0.41,6779719.06,,,60.4616,3.1526,0.9394,16.0566,1661978390,,,,,,,
2018-07-12,731756,12.7024,13.026,12.5552,12.8985,0.3237,2.57,0.56,9579424.76,,,62.0179,3.2338,0.9635,16.4699,1704759425,,,,,,,
2018-07-13,829024,12.928,12.928,12.6043,12.6925,-0.206,-1.6,0.63,10744554.96,,,61.0275,3.1821,0.9482,16.2069,1677535130,,,,,,,
2018-07-16,476338,12.6925,12.928,12.6043,12.8004,0.1079,0.85,0.36,6210566.2,,,61.5463,3.2092,0.9562,16.3447,1691795475,,,,,,,
2018-07-17,546080,12.7808,12.8495,12.5945,12.8495,0.0491,0.38,0.41,7095474.67,,,61.7821,3.2215,0.9599,16.4073,1698277450,,,,,,,
2018-07-18,381700,12.9378,12.9378,12.6925,12.722,-0.1275,-0.99,0.29,4989058.21,,,61.169,3.1895,0.9504,16.2445,1681424315,,,,,,,
2018-07-19,562797,12.6827,12.7416,12.3689,12.3787,-0.3433,-2.7,0.42,7173666.61,,,59.5183,3.1035,0.9247,15.8061,1636050490,,,,,,,
2018-07-20,544923,12.3885,12.7024,12.1727,12.5258,0.1471,1.19,0.42,6925711.42,,,60.2257,3.1403,0.9357,15.994,1655496415,,,,,,,
2018-07-23,887243,12.8004,12.9868,12.6827,12.9378,0.412,3.29,0.67,11612153.89,,,62.2065,3.2436,0.9665,16.52,1709945005,,,,,,,
2018-07-24,1053879,13.2615,13.6832,13.0162,13.0849,0.1471,1.14,0.8,14173138.67,,,62.914,3.2805,0.9775,16.7079,1729390930,,,,,,,
2018-07-25,1144579,13.1339,13.7028,12.9574,13.3693,0.2844,2.17,0.88,15593234.76,,,64.2817,3.3518,0.9987,17.0711,1766986385,,,,,,,
2018-07-26,818698,13.2026,13.4969,13.2026,13.3399,-0.0294,-0.22,0.63,11112650.06,,,64.1402,3.3444,0.9965,17.0335,1763097200,,,,,,,
2018-07-27,1640242,13.693,14.6739,13.389,14.6739,1.334,10,1.26,23867962.72,,,70.5542,3.6789,1.0962,18.7369,1939406920,,,,,,,
2018-07-30,6490736,15.3507,16.1452,14.7132,15.2526,0.5787,3.94,4.97,102988664.16,,,73.3368,3.824,1.1394,19.4758,2015894225,,,,,,,
2018-07-31,5770486,14.6935,16.7828,13.8794,16.7828,1.5302,10.03,4.33,89644404.49,,,80.694,4.2076,1.2537,21.4297,2218131845,,,,,,,
2018-08-01,8701607,16.6259,17.9991,16.0864,17.1555,0.3727,2.22,6.65,152674849.18,,,82.4862,4.3011,1.2815,21.9056,2267394855,,,,,,,
2018-08-02,6357695,16.3806,17.9697,16.2826,17.028,-0.1275,-0.74,4.8,111042058.76,,,81.8731,4.2691,1.272,21.7428,2250541720,,,,,,,
2018-08-03,4430695,16.1943,16.9201,15.694,16.057,-0.971,-5.7,3.35,73140255.63,,,77.204,4.0256,1.1995,20.5028,2122198615,,,,,,,
2018-08-06,4788862,16.6455,17.3125,15.5959,15.694,-0.363,-2.26,3.58,81063825.15,,,75.459,3.9346,1.1724,20.0394,2074232000,,,,,,,
2018-08-07,4540221,15.3017,16.1747,14.772,15.694,0,0,3.37,73245976.68,,,75.459,3.9346,1.1724,20.0394,2074232000,,,,,,,
2018-08-08,4562009,15.8902,16.4591,15.3605,15.3605,-0.3335,-2.13,3.47,73902684.11,,,73.8555,3.851,1.1475,19.6136,2030154570,,,,,,,
2018-08-09,3283632,15.1545,15.5959,14.3993,15.1742,-0.1863,-1.21,2.47,50164891.46,,,72.9595,3.8043,1.1335,19.3756,2005523065,,,,,,,
2018-08-10,2199489,15.0957,15.3703,15.0957,15.2134,0.0392,0.26,1.64,34138394.33,,,73.1481,3.8141,1.1365,19.4257,2010708645,,,,,,,
2018-08-13,2003889,15.0957,15.1153,14.6347,15.027,-0.1864,-1.23,1.51,30300012.69,,,72.252,3.7674,1.1225,19.1877,1986077140,,,,,,,
2018-08-14,2326582,14.9388,15.5763,14.7622,15.1644,0.1374,0.91,1.75,36196647.1,,,72.9123,3.8019,1.1328,19.3631,2004226670,,,,,,,
2018-08-15,3570682,15.3801,15.851,15.2036,15.6156,0.4512,2.98,2.65,56513971.33,,,75.0817,3.915,1.1665,19.9392,2063860840,,,,,,,
2018-08-16,2114382,15.2919,15.6548,14.4679,14.8112,-0.8044,-5.15,1.59,32378376.28,,,71.2145,3.7133,1.1064,18.9122,1957556450,,,,,,,
2018-08-17,1950989,15.0859,15.0859,13.7421,14.0854,-0.7258,-4.9,1.47,28891158.92,,,67.7245,3.5313,1.0522,17.9854,1861623220,,,,,,,
2018-08-20,2246289,14.0854,14.0854,13.026,13.2811,-0.8043,-5.71,1.69,30616466.79,,,63.8572,3.3297,0.9921,16.9584,1755318830,,,,,,,
2018-08-21,2058688,13.2909,13.9186,12.928,13.6734,0.3923,2.95,1.55,28116931.12,,,65.7437,3.4281,1.0214,17.4593,1807174630,,,,,,,
2018-08-22,1078839,13.4674,13.7028,13.2909,13.3399,-0.3335,-2.44,0.82,14772235.62,,,64.1402,3.3444,0.9965,17.0335,1763097200,,,,,,,
2018-08-23,1102616,13.4184,13.6048,13.1928,13.3497,0.0098,0.07,0.83,15053364.31,,,64.1873,3.3469,0.9972,17.046,1764393595,,,,,,,
2018-08-24,996939,13.3693,13.5165,13.1437,13.3988,0.0491,0.37,0.76,13574645.6,,,64.4232,3.3592,1.0009,17.1087,1770875570,,,,,,,
2018-08-27,1126188,13.3203,13.6734,13.2811,13.5655,0.1667,1.24,0.84,15496046.02,,,65.2249,3.401,1.0134,17.3216,1792914285,,,,,,,
2018-08-28,1118189,13.5361,13.8402,13.389,13.595,0.0295,0.22,0.85,15519456.04,,,65.3664,3.4084,1.0156,17.3591,1796803470,,,,,,,
2018-08-29,1395978,13.5361,14.0265,13.3497,13.8402,0.2452,1.8,1.05,19514533.19,,,66.5454,3.4699,1.0339,17.6723,1829213345,,,,,,,
2018-08-30,2032063,13.7225,14.2031,13.7127,14.1737,0.3335,2.41,1.52,29072021.06,,,68.1489,3.5535,1.0588,18.0981,1873290775,,,,,,,
2018-08-31,1320185,13.9775,14.1737,13.6342,13.7225,-0.4512,-3.18,1,18688452.7,,,65.9795,3.4404,1.0251,17.522,1813656605,,,,,,,
2018-09-03,1014100,13.438,13.5067,13.1634,13.3988,-0.3237,-2.36,0.78,13785291,,,64.4232,3.3592,1.0009,17.1087,1770875570,,,,,,,
2018-09-04,1028600,13.4772,13.5263,13.2222,13.4282,0.0294,0.22,0.78,14047421,,,64.5646,3.3666,1.0031,17.1462,1774764755,,,,,,,
2018-09-05,727746,13.3007,13.5165,13.0064,13.0162,-0.412,-3.07,0.56,9856600.2,,,62.5838,3.2633,0.9723,16.6202,1720316165,,,,,,,
2018-09-06,698688,13.0162,13.232,12.8593,12.9181,-0.0981,-0.75,0.51,9279793.56,,,62.1122,3.2387,0.965,16.4949,1707352215,,,,,,,
2018-09-07,597000,12.9083,13.183,12.7612,13.0457,0.1276,0.99,0.45,7942231.36,,,62.7253,3.2707,0.9745,16.6578,1724205350,,,,,,,
2018-09-10,830900,13.0457,13.1732,12.6337,12.8495,-0.1962,-1.5,0.63,10986951,,,61.7821,3.2215,0.9599,16.4073,1698277450,,,,,,,
2018-09-11,1106400,12.8985,13.5361,12.5846,13.3497,0.5002,3.89,0.83,14790668,,,64.1873,3.3469,0.9972,17.046,1764393595,,,,,,,
2018-09-12,1237635,13.3988,13.7127,13.1928,13.389,0.0393,0.29,0.95,16933802.1,,,64.376,3.3567,1.0002,17.0961,1769579175,,,,,,,
2018-09-13,2407097,13.438,14.0658,13.389,13.9873,0.5983,4.47,1.83,34000888.13,,,67.2529,3.5068,1.0449,17.8601,1848659270,,,,,,,
2018-09-14,1338609,13.9284,13.9284,13.6538,13.7519,-0.2354,-1.68,1.02,18784896,,,66.121,3.4477,1.0273,17.5595,1817545790,,,,,,,
2018-09-17,1249301,13.7911,14.2227,13.5557,13.9971,0.2452,1.78,0.95,17735070.92,,,67.3,3.5092,1.0456,17.8727,1849955665,,,,,,,
2018-09-18,965101,13.9775,13.9775,13.6146,13.899,-0.0981,-0.7,0.73,13572269.1,,,66.8284,3.4846,1.0383,17.7474,1836991715,,,,,,,
2018-09-19,1579488,13.899,14.2718,13.6636,14.056,0.157,1.13,1.2,22637109.2,,,67.583,3.524,1.05,17.9478,1857734035,,,,,,,
2018-09-20,960491,14.0265,14.0265,13.7421,13.8206,-0.2354,-1.67,0.73,13566917.09,,,66.4511,3.4649,1.0324,17.6472,1826620555,,,,,,,
2018-09-21,888013,13.8206,13.9579,13.7127,13.899,0.0784,0.57,0.66,12545866.95,,,66.8284,3.4846,1.0383,17.7474,1836991715,,,,,,,
2018-09-25,1039537,13.9186,14.1835,13.8304,13.9088,0.0098,0.07,0.79,14805971.4,,,66.8756,3.4871,1.039,17.7599,1838288110,,,,,,,
2018-09-26,1531720,13.9088,14.3012,13.8304,14.1737,0.2649,1.9,1.15,22099747.97,,,68.1489,3.5535,1.0588,18.0981,1873290775,,,,,,,
2018-09-27,1134300,14.1737,14.1737,13.6832,13.7323,-0.4414,-3.11,0.85,16074598.3,,,66.0267,3.4428,1.0258,17.5345,1814953000,,,,,,,
2018-09-28,536885,13.7323,13.8892,13.6636,13.7617,0.0294,0.21,0.41,7526670.3,,,66.1681,3.4502,1.028,17.5721,1818842185,,,,,,,
2018-10-08,782574,13.7617,13.8304,13.1437,13.2124,-0.5493,-3.99,0.59,10823747.53,,,950.4007,3.3394,1.1254,50.6652,1746244065,,,,,,,
2018-10-09,1274907,13.2124,13.8892,13.2124,13.7813,0.5689,4.31,0.96,17751935.99,,,991.3237,3.4832,1.1738,52.8468,1821434975,,,,,,,
2018-10-10,1204984,14.1835,14.1835,13.3988,13.644,-0.1373,-1,0.92,16974735.38,,,981.4457,3.4485,1.1621,52.3202,1803285445,,,,,,,
2018-10-11,1591083,13.4871,13.4871,12.2806,12.722,-0.922,-6.76,1.21,20719523.52,,,915.1223,3.2154,1.0836,48.7845,1681424315,,,,,,,
2018-10-12,892400,12.3002,12.771,11.8686,12.7612,0.0392,0.31,0.68,11301051,,,917.9446,3.2253,1.0869,48.935,1686609895,,,,,,,
2018-10-15,816200,12.5552,12.8887,12.359,12.6043,-0.1569,-1.23,0.61,10492504,,,906.6555,3.1857,1.0736,48.3332,1665867575,,,,,,,
2018-10-16,639100,12.6533,12.6533,11.7705,12.31,-0.2943,-2.33,0.49,8011654,,,885.4884,3.1113,1.0485,47.2048,1626975725,,,,,,,
2018-10-17,629474,12.4179,12.5062,11.8196,12.1531,-0.1569,-1.27,0.48,7750956.46,,,874.1993,3.0716,1.0351,46.603,1606233405,,,,,,,
2018-10-18,701744,12.1531,12.1531,11.2899,11.5449,-0.6082,-5,0.53,8292475.08,,,830.4541,2.9179,0.9833,44.2709,1525856915,,,,,,,
2018-10-19,548339,11.1624,11.7607,10.8681,11.7019,0.157,1.36,0.42,6424860.55,,,841.7432,2.9576,0.9967,44.8727,1546599235,,,,,,,
2018-10-22,678577,11.7705,12.3885,11.7705,12.2413,0.5394,4.61,0.52,8403977.03,,,880.5494,3.0939,1.0427,46.9415,1617900960,,,,,,,
2018-10-23,1012075,12.1629,12.7122,12.0157,12.3002,0.0589,0.48,0.77,12828959.28,,,884.7829,3.1088,1.0477,47.1672,1625679330,,,,,,,
2018-10-24,913700,12.2119,12.9476,12.0059,12.3885,0.0883,0.72,0.7,11529005,,,891.133,3.1311,1.0552,47.5057,1637346885,,,,,,,
2018-10-25,721808,12.0452,12.2217,11.7999,12.1629,-0.2256,-1.82,0.55,8880986.78,,,874.9049,3.0741,1.036,46.6406,1607529800,,,,,,,
2018-10-26,461900,12.3002,12.3885,12.0157,12.261,0.0981,0.81,0.33,5771336,,,881.9606,3.0989,1.0443,47.0167,1620493750,,,,,,,
2018-10-29,397383,12.3198,12.3198,11.9667,12.0059,-0.2551,-2.08,0.3,4889129.22,,,863.6158,3.0344,1.0226,46.0388,1586787480,,,,,,,
2018-10-30,370457,12.0059,12.2511,11.7999,12.1629,0.157,1.31,0.28,4560557.05,,,874.9049,3.0741,1.036,46.6406,1607529800,,,,,,,
2018-10-31,666800,12.1629,12.4768,12.0844,12.359,0.1961,1.61,0.51,8378123,,,889.0163,3.1237,1.0527,47.3928,1633457700,,,,,,,
2018-11-01,959800,12.5258,12.5258,12.261,12.2806,-0.0784,-0.63,0.74,12113962.48,,,883.3717,3.1039,1.046,47.0919,1623086540,,,,,,,
2018-11-02,840438,12.3689,12.5748,12.3394,12.5258,0.2452,2,0.62,10685128.36,,,901.0109,3.1658,1.0669,48.0323,1655496415,,,,,,,
2018-11-05,855598,12.4571,12.6827,12.3394,12.6729,0.1471,1.17,0.65,10955088.28,,,911.5945,3.203,1.0794,48.5965,1674942340,,,,,,,
2018-11-06,1207657,12.7122,13.0359,12.4964,12.9083,0.2354,1.86,0.91,15719005.71,,,928.5281,3.2625,1.0995,49.4992,1706055820,,,,,,,
2018-11-07,804098,12.8397,12.9083,12.7612,12.7808,-0.1275,-0.99,0.61,10520678.92,,,919.3557,3.2303,1.0886,49.0102,1689202685,,,,,,,
2018-11-08,518098,12.8299,12.9868,12.7808,12.7808,0,0,0.4,6797322.86,,,919.3557,3.2303,1.0886,49.0102,1689202685,,,,,,,
2018-11-09,416338,12.8495,12.8495,12.6043,12.6925,-0.0883,-0.69,0.32,5403427.72,,,913.0056,3.208,1.0811,48.6717,1677535130,,,,,,,
2018-11-12,926742,12.6925,13.0457,12.5552,13.0359,0.3434,2.71,0.7,12240179.26,,,937.7005,3.2948,1.1103,49.9882,1722908955,,,,,,,
2018-11-13,801500,12.9476,13.2418,12.8887,13.1045,0.0686,0.53,0.6,10746354,,,942.6395,3.3121,1.1162,50.2514,1731983720,,,,,,,
2018-11-14,1363382,13.2124,13.5361,13.1143,13.3595,0.255,1.95,1.04,18479368.37,,,960.9842,3.3766,1.1379,51.2294,1765689990,,,,,,,
2018-11-15,1201813,13.389,14.0952,13.232,13.7617,0.4022,3.01,0.91,16821207.27,,,989.9126,3.4782,1.1721,52.7715,1818842185,,,,,,,
2018-11-16,1048677,13.8794,13.8794,13.4871,13.693,-0.0687,-0.5,0.81,14651601.15,,,984.9736,3.4609,1.1663,52.5082,1809767420,,,,,,,
2018-11-19,2736730,13.8107,15.0663,13.5459,14.6543,0.9613,7.02,2.09,40549746.8,,,1054.1193,3.7038,1.2482,56.1944,1936814130,,,,,,,
2018-11-20,1936260,14.2521,14.4287,14.1246,14.2423,-0.412,-2.81,1.49,28100344.71,,,1024.4854,3.5997,1.2131,54.6146,1882365540,,,,,,,
2018-11-21,960793,13.9873,14.4875,13.7617,14.3306,0.0883,0.62,0.74,13930705.99,,,1030.8355,3.622,1.2206,54.9531,1894033095,,,,,,,
2018-11-22,613129,14.2031,14.4091,14.056,14.105,-0.2256,-1.57,0.46,8891118.79,,,1014.6075,3.565,1.2014,54.088,1864216010,,,,,,,
2018-11-23,990800,13.85,14.1639,13.1045,13.1339,-0.9711,-6.88,0.76,13602141,,,944.7562,3.3195,1.1187,50.3643,1735872905,,,,,,,
2018-11-26,527736,13.1339,13.3105,13.0359,13.0751,-0.0588,-0.45,0.41,7076607.44,,,940.5228,3.3047,1.1137,50.1386,1728094535,,,,,,,
2018-11-27,428600,13.1437,13.3105,13.1045,13.2909,0.2158,1.65,0.33,5756794,,,956.0453,3.3592,1.132,50.9661,1756615225,,,,,,,
2018-11-28,480400,13.3301,13.3301,12.8495,13.2811,-0.0098,-0.07,0.37,6423296,,,955.3397,3.3567,1.1312,50.9285,1755318830,,,,,,,
2018-11-29,673200,13.3203,13.9481,13.1437,13.2713,-0.0098,-0.07,0.5,9221172,,,954.6341,3.3543,1.1304,50.8909,1754022435,,,,,,,
2018-11-30,584949,13.1437,13.4282,12.8495,13.1241,-0.1472,-1.11,0.45,7843787.6,,,944.0506,3.3171,1.1178,50.3267,1734576510,,,,,,,
2018-12-03,902568,13.4184,13.6146,13.2026,13.5557,0.4316,3.29,0.68,12382143.41,,,975.0956,3.4261,1.1546,51.9817,1791617890,,,,,,,
2018-12-04,759806,13.4871,13.8009,13.3497,13.8009,0.2452,1.81,0.57,10556417.74,,,992.7348,3.4881,1.1755,52.922,1824027765,,,,,,,
2018-12-05,527306,13.5263,13.7813,13.4184,13.6146,-0.1863,-1.35,0.4,7310415.34,,,979.329,3.441,1.1596,52.2073,1799396260,,,,,,,
2018-12-06,390500,13.5361,13.5361,13.2811,13.3203,-0.2943,-2.16,0.29,5324281,,,958.162,3.3666,1.1346,51.0789,1760504410,,,,,,,
2018-12-07,222900,13.3203,13.438,13.3007,13.3301,0.0098,0.07,0.17,3033259,,,958.8675,3.3691,1.1354,51.1166,1761800805,,,,,,,
2018-12-10,4201624,13.3988,14.6641,13.3399,14.311,0.9809,7.36,3.22,61661339.8,,,1029.4244,3.617,1.2189,54.8779,1891440305,,,,,,,
2018-12-11,3091983,13.8009,14.0265,13.5851,14.0265,-0.2845,-1.99,2.35,43404676.28,,,1008.9629,3.5451,1.1947,53.7871,1853844850,,,,,,,
2018-12-12,1310377,13.9284,13.9677,13.5851,13.7323,-0.2942,-2.1,0.98,18380504.65,,,987.7958,3.4708,1.1696,52.6587,1814953000,,,,,,,
2018-12-13,1045391,13.7421,13.7519,13.5263,13.644,-0.0883,-0.64,0.78,14523804.56,,,981.4457,3.4485,1.1621,52.3202,1803285445,,,,,,,
2018-12-14,1758568,13.595,14.2521,13.232,13.6734,0.0294,0.22,1.33,24401881.46,,,983.5624,3.4559,1.1646,52.433,1807174630,,,,,,,
2018-12-17,1504801,13.4576,13.5851,13.1241,13.4282,-0.2452,-1.79,1.15,20468330.75,,,965.9232,3.3939,1.1437,51.4927,1774764755,,,,,,,
2018-12-18,1019400,13.1536,13.5361,12.9476,12.9574,-0.4708,-3.51,0.76,13640980.67,,,932.0559,3.2749,1.1036,49.6872,1712537795,,,,,,,
2018-12-19,812300,13.0064,13.0064,12.5748,12.5945,-0.3629,-2.8,0.6,10581755,,,905.9499,3.1832,1.0727,48.2956,1664571180,,,,,,,
2018-12-20,520101,12.6239,12.7416,12.4571,12.7416,0.1471,1.17,0.38,6694799.81,,,916.5334,3.2204,1.0853,48.8598,1684017105,,,,,,,
2018-12-21,372101,12.7024,12.7808,12.5552,12.7318,-0.0098,-0.08,0.28,4808307.94,,,915.8279,3.2179,1.0844,48.8221,1682720710,,,,,,,
2018-12-24,441000,12.6337,12.8495,12.5356,12.8201,0.0883,0.69,0.34,5738656,,,922.178,3.2402,1.0919,49.1607,1694388265,,,,,,,
2018-12-25,549645,12.6631,12.7416,12.1727,12.5748,-0.2453,-1.91,0.41,6982609.35,,,904.5388,3.1782,1.0711,48.2203,1661978390,,,,,,,
2018-12-26,274700,12.4473,12.5945,12.3689,12.4768,-0.098,-0.78,0.21,3492129,,,897.4831,3.1534,1.0627,47.8442,1649014440,,,,,,,
2018-12-27,589701,12.771,12.9378,11.8196,12.2315,-0.2453,-1.97,0.45,7604995.93,,,879.8439,3.0915,1.0418,46.9039,1616604565,,,,,,,
2018-12-28,511800,12.2413,12.2413,11.8196,12.1629,-0.0686,-0.56,0.37,6316978.55,,,874.9049,3.0741,1.036,46.6406,1607529800,,,,,,,
2019-01-02,289710,12.1236,12.4277,12.1236,12.2413,0.0784,0.64,0.22,3604006,,,-561.7662,3.0744,0.9572,108.1315,1617900960,,,,,,,
2019-01-03,332502,12.261,12.516,12.1531,12.1825,-0.0588,-0.48,0.25,4160084,,,-559.0654,3.0597,0.9526,107.6117,1610122590,,,,,,,
2019-01-04,449100,12.1825,12.4669,12.0648,12.4669,0.2844,2.33,0.34,5659489,,,-572.1193,3.1311,0.9749,110.1243,1647718045,,,,,,,
2019-01-07,569702,12.516,12.8004,12.4768,12.7122,0.2453,1.97,0.43,7354234,,,-583.3726,3.1927,0.9941,112.2904,1680127920,,,,,,,
2019-01-08,736200,12.565,12.7318,12.4866,12.5454,-0.1668,-1.31,0.56,9447635,,,-575.7204,3.1508,0.981,110.8175,1658089205,,,,,,,
2019-01-09,831300,12.6043,12.6925,12.5454,12.6435,0.0981,0.78,0.62,10690265,,,-580.2217,3.1755,0.9887,111.6839,1671053155,,,,,,,
2019-01-10,628302,12.6631,12.8495,12.5945,12.6435,0,0,0.48,8141673,,,-580.2217,3.1755,0.9887,111.6839,1671053155,,,,,,,
2019-01-11,496016,12.5846,12.8299,12.5552,12.7122,0.0687,0.54,0.37,6399635,,,-583.3726,3.1927,0.9941,112.2904,1680127920,,,,,,,
2019-01-14,709835,12.5552,12.8299,12.4081,12.4964,-0.2158,-1.7,0.54,9101633,,,-573.4697,3.1385,0.9772,110.3843,1651607230,,,,,,,
2019-01-15,643785,12.4375,12.6729,12.3689,12.5945,0.0981,0.79,0.49,8241583,,,-577.971,3.1631,0.9849,111.2507,1664571180,,,,,,,
2019-01-16,528436,12.6337,12.7416,12.5748,12.6337,0.0392,0.31,0.4,6809722,,,-579.7716,3.173,0.9879,111.5973,1669756760,,,,,,,
2019-01-17,728236,12.6337,12.7808,12.6239,12.6925,0.0588,0.47,0.55,9424307,,,-582.4724,3.1878,0.9925,112.1171,1677535130,,,,,,,
2019-01-18,660636,12.6337,12.7318,12.4768,12.6337,-0.0588,-0.46,0.49,8482461,,,-579.7716,3.173,0.9879,111.5973,1669756760,,,,,,,
2019-01-21,498486,12.5748,12.6631,12.5258,12.6043,-0.0294,-0.23,0.38,6403662,,,-578.4212,3.1656,0.9856,111.3373,1665867575,,,,,,,
2019-01-22,509577,12.5552,12.6337,12.2511,12.359,-0.2453,-1.95,0.38,6447417,,,-567.1678,3.104,0.9664,109.1712,1633457700,,,,,,,
2019-01-23,256500,12.359,12.3885,12.2217,12.2904,-0.0686,-0.56,0.2,3216177,,,-564.0169,3.0868,0.9611,108.5647,1624382935,,,,,,,
2019-01-24,451400,12.3492,12.4277,12.2021,12.3002,0.0098,0.08,0.34,5671990,,,-564.467,3.0892,0.9618,108.6514,1625679330,,,,,,,
2019-01-25,493500,12.359,12.4179,12.0648,12.1433,-0.1569,-1.28,0.37,6169089,,,-557.2649,3.0498,0.9496,107.2651,1604937010,,,,,,,
2019-01-28,621836,12.2511,12.2511,11.9275,11.9569,-0.1864,-1.54,0.47,7645343,,,-548.7124,3.003,0.935,105.6189,1580305505,,,,,,,
2019-01-29,635410,11.9177,11.9569,11.4861,11.594,-0.3629,-3.04,0.47,7556934,,,-532.0575,2.9119,0.9066,102.413,1532338890,,,,,,,
2019-01-30,424000,11.594,11.7705,11.4174,11.4763,-0.1177,-1.02,0.3,4982768,,,-526.6559,2.8823,0.8974,101.3733,1516782150,,,,,,,
2019-01-31,589000,11.5743,11.5743,11.1035,11.2997,-0.1766,-1.54,0.42,6799474,,,-518.5535,2.838,0.8836,99.8137,1493447040,,,,,,,
2019-02-01,513200,11.2997,11.5253,11.2997,11.4664,0.1667,1.48,0.38,5979262,,,-526.2057,2.8798,0.8966,101.2867,1515485755,,,,,,,
2019-02-11,715400,11.6234,11.8392,11.5057,11.7803,0.3139,2.74,0.54,8498083,,,-540.61,2.9587,0.9212,104.0593,1556970395,,,,,,,
2019-02-12,757700,11.849,12.0648,11.5842,11.9667,0.1864,1.58,0.58,9181470,,,-549.1625,3.0055,0.9358,105.7055,1581601900,,,,,,,
2019-02-13,971100,11.9373,12.1727,11.8882,12.0942,0.1275,1.07,0.74,11911409,,,-555.0142,3.0375,0.9457,106.8319,1598455035,,,,,,,
2019-02-14,629700,12.1531,12.1629,11.9569,12.0844,-0.0098,-0.08,0.48,7745207,,,-554.5641,3.035,0.945,106.7452,1597158640,,,,,,,
2019-02-15,574150,12.0844,12.1825,12.0354,12.0452,-0.0392,-0.32,0.43,7076656,,,-552.7636,3.0252,0.9419,106.3986,1591973060,,,,,,,
2019-02-18,944777,12.1531,12.3787,12.1138,12.3787,0.3335,2.77,0.7,11813638,,,-568.0681,3.1089,0.968,109.3445,1636050490,,,,,,,
2019-02-19,1031751,12.4375,12.516,12.2708,12.4179,0.0392,0.32,0.79,13019392,,,-569.8686,3.1188,0.971,109.6911,1641236070,,,,,,,
2019-02-20,1017900,12.4179,12.6435,12.3983,12.5454,0.1275,1.03,0.78,12957147,,,-575.7204,3.1508,0.981,110.8175,1658089205,,,,,,,
2019-02-21,1111357,12.5945,12.7318,12.4375,12.4571,-0.0883,-0.7,0.85,14277199,,,-571.6692,3.1286,0.9741,110.0377,1646421650,,,,,,,
2019-02-22,1273757,12.5945,12.9083,12.3885,12.8102,0.3531,2.83,0.95,16513660,,,-587.874,3.2173,1.0017,113.1569,1693091870,,,,,,,
2019-02-25,2057892,12.9083,13.3301,12.771,13.3203,0.5101,3.98,1.56,27394100,,,-611.2809,3.3454,1.0416,117.6623,1760504410,,,,,,,
2019-02-26,1604977,13.3203,13.4576,13.026,13.1241,-0.1962,-1.47,1.23,21639095,,,-602.2782,3.2962,1.0263,115.9295,1734576510,,,,,,,
2019-02-27,1615722,13.1339,13.4969,13.0064,13.2516,0.1275,0.97,1.22,21846360,,,-608.13,3.3282,1.0362,117.0558,1751429645,,,,,,,
2019-02-28,1238900,13.2713,13.8206,13.2516,13.4871,0.2355,1.78,0.95,17080410,,,-618.9332,3.3873,1.0547,119.1353,1782543125,,,,,,,
2019-03-01,1214201,13.4871,13.6832,13.1732,13.5263,0.0392,0.29,0.94,16654074,,,-620.7337,3.3972,1.0577,119.4819,1787728705,,,,,,,
2019-03-04,2268396,13.4871,14.2129,13.3399,13.6832,0.1569,1.16,1.74,31837347,,,-627.9358,3.4366,1.07,120.8682,1808471025,,,,,,,
2019-03-05,1508400,13.5557,13.8304,13.5361,13.7911,0.1079,0.79,1.15,21056179,,,-632.8873,3.4637,1.0784,121.8212,1822731370,,,,,,,
2019-03-06,2050200,13.7911,14.2031,13.644,14.0069,0.2158,1.56,1.56,29114223,,,-642.7902,3.5179,1.0953,123.7274,1851252060,,,,,,,
2019-03-07,2551097,14.0069,14.2816,13.8402,14.2031,0.1962,1.4,1.95,36603840,,,-651.7929,3.5671,1.1106,125.4603,1877179960,,,,,,,
2019-03-08,1907195,14.0363,14.1344,13.2418,13.3399,-0.8632,-6.08,1.46,26781042,,,-612.1812,3.3504,1.0431,117.8356,1763097200,,,,,,,
2019-03-11,1973696,13.644,14.2031,13.438,14.056,0.7161,5.37,1.51,27996596,,,-645.0409,3.5302,1.0991,124.1606,1857734035,,,,,,,
2019-03-12,2225195,14.2521,14.4679,14.0265,14.2816,0.2256,1.61,1.71,32315961,,,-655.394,3.5869,1.1168,126.1534,1887551120,,,,,,,
2019-03-13,1733903,14.2914,14.6053,13.9383,14.0462,-0.2354,-1.65,1.32,25264513,,,-644.5908,3.5277,1.0984,124.074,1856437640,,,,,,,
2019-03-14,2241472,13.9775,14.5268,13.9383,14.056,0.0098,0.07,1.72,32505631,,,-645.0409,3.5302,1.0991,124.1606,1857734035,,,,,,,
2019-03-15,2136287,14.0462,14.3404,13.8402,14.3404,0.2844,2.02,1.6,30798825,,,-658.0948,3.6016,1.1214,126.6733,1895329490,,,,,,,
2019-03-18,3328505,14.2816,15.2036,14.2031,14.9388,0.5984,4.17,2.49,49724985,,,-685.5529,3.7519,1.1682,131.9586,1974409585,,,,,,,
2019-03-19,4568935,14.8799,15.7038,14.821,15.5273,0.5885,3.94,3.47,71212503,,,-712.5609,3.8997,1.2142,137.1572,2052193285,,,,,,,
2019-03-20,3106842,15.2428,15.2526,14.6249,14.8309,-0.6964,-4.49,2.38,47084878,,,-680.6014,3.7248,1.1597,131.0055,1960149240,,,,,,,
2019-03-21,1910555,14.8505,14.8505,14.5268,14.6543,-0.1766,-1.19,1.44,28584045,,,-672.499,3.6805,1.1459,129.4459,1936814130,,,,,,,
2019-03-22,1343100,14.5856,14.7033,14.3404,14.6543,0,0,1.02,19891398,,,-672.499,3.6805,1.1459,129.4459,1936814130,,,,,,,
2019-03-25,1506300,14.3993,14.8799,14.3012,14.5856,-0.0687,-0.47,1.15,22552030,,,-669.3481,3.6632,1.1406,128.8394,1927739365,,,,,,,
2019-03-26,1662742,14.5758,14.6837,13.8009,13.8794,-0.7062,-4.84,1.28,24101287,,,-636.9385,3.4859,1.0853,122.601,1834398925,,,,,,,
2019-03-27,1503992,14.0756,14.36,13.7323,14.3502,0.4708,3.39,1.12,21565962,,,-658.5449,3.6041,1.1222,126.7599,1896625885,,,,,,,
2019-03-28,2687610,14.6151,15.2624,14.3797,14.5954,0.2452,1.71,2.02,40428416,,,-669.7982,3.6657,1.1413,128.926,1929035760,,,,,,,
2019-03-29,2046821,14.7132,14.8603,14.1639,14.8112,0.2158,1.48,1.56,30445188,,,-679.7011,3.7199,1.1582,130.8322,1957556450,,,,,,,
2019-04-01,2535856,14.8603,15.3017,14.517,15.2526,0.4414,2.98,1.91,38868050,,,164.0803,3.7698,1.1457,81.3991,2015894225,,,,,,,
2019-04-02,3729578,15.3605,16.312,15.1349,15.851,0.5984,3.92,2.84,59463554,,,170.5169,3.9177,1.1906,84.5923,2094974320,,,,,,,
2019-04-03,2533467,15.5567,15.8902,15.3507,15.694,-0.157,-0.99,1.88,40267294,,,168.8286,3.8789,1.1788,83.7547,2074232000,,,,,,,
2019-04-04,2035001,15.6842,15.6842,15.2526,15.488,-0.206,-1.31,1.55,32052212,,,166.6127,3.828,1.1634,82.6554,2047007705,,,,,,,
2019-04-08,2173884,15.7725,15.9491,15.1349,15.5861,0.0981,0.63,1.66,34621154,,,167.6679,3.8522,1.1707,83.1789,2059971655,,,,,,,
2019-04-09,2794359,15.5959,16.2433,15.5959,15.8412,0.2551,1.64,2.13,45372506,,,170.4113,3.9152,1.1899,84.5399,2093677925,,,,,,,
2019-04-10,1405266,15.694,15.694,15.2722,15.5175,-0.3237,-2.04,1.08,22180879,,,166.9292,3.8352,1.1656,82.8125,2050896890,,,,,,,
2019-04-11,3023163,15.3998,16.2924,15.3998,15.645,0.1275,0.82,2.31,49109733,,,168.301,3.8667,1.1752,83.493,2067750025,,,,,,,
2019-04-12,8198070,16.057,17.2144,15.8019,16.8907,1.2457,7.96,6.29,142073440,,,181.7017,4.1746,1.2687,90.141,2232392190,,,,,,,
2019-04-15,7503396,16.2335,17.7539,15.9491,16.8613,-0.0294,-0.17,5.76,126674733,,,181.3852,4.1674,1.2665,89.984,2228503005,,,,,,,
2019-04-16,3119104,16.4689,16.8417,16.1943,16.6553,-0.206,-1.22,2.36,52472234,,,179.1693,4.1164,1.251,88.8847,2201278710,,,,,,,
2019-04-17,2810638,16.5572,17.1457,16.5278,16.8318,0.1765,1.06,2.13,48099955,,,181.0686,4.1601,1.2643,89.8269,2224613820,,,,,,,
2019-04-18,2354638,16.773,16.773,16.1648,16.1845,-0.6473,-3.85,1.8,39184689,,,174.1045,4.0001,1.2157,86.3721,2139051750,,,,,,,
2019-04-19,1925825,15.9589,16.4689,15.8902,16.4689,0.2844,1.76,1.43,31842614,,,177.1645,4.0704,1.237,87.8901,2176647205,,,,,,,
2019-04-22,2825765,16.4983,17.1457,16.106,16.3806,-0.0883,-0.54,2.17,47635715,,,176.2148,4.0486,1.2304,87.419,2164979650,,,,,,,
2019-04-23,2425497,16.567,16.567,15.5567,15.6646,-0.716,-4.37,1.85,39536224,,,168.512,3.8716,1.1766,83.5977,2070342815,,,,,,,
2019-04-24,1982563,15.5959,15.9981,15.4979,15.9785,0.3139,2,1.52,31875201,,,171.8886,3.9492,1.2002,85.2728,2111827455,,,,,,,
2019-04-25,1779451,16.0864,16.3512,15.0859,15.2036,-0.7749,-4.85,1.36,28508296,,,163.5527,3.7577,1.142,81.1374,2009412250,,,,,,,
2019-04-26,1883700,15.1447,15.2134,14.3208,14.5954,-0.6082,-4,1.44,28425993,,,157.0106,3.6073,1.0963,77.8919,1929035760,,,,,,,
2019-04-29,1784301,14.6641,14.7818,13.9383,14.3208,-0.2746,-1.88,1.37,26239276,,,154.0561,3.5395,1.0757,76.4262,1892736700,,,,,,,
2019-04-30,1165698,14.4385,14.7132,14.2521,14.4679,0.1471,1.03,0.88,17251607,,,155.6388,3.5758,1.0867,77.2114,1912182625,,,,,,,
2019-05-06,2136641,14.3208,14.3208,13.026,13.026,-1.4419,-9.97,1.61,29141244,,,140.1277,3.2195,0.9784,69.5164,1721612560,,,,,,,
2019-05-07,1399302,13.026,13.2811,12.7514,13.1732,0.1472,1.13,1.07,18667626,,,141.7105,3.2558,0.9895,70.3016,1741058485,,,,,,,
2019-05-08,1573182,12.9476,13.5459,12.6827,13.4282,0.255,1.94,1.21,21394798,,,144.4539,3.3189,1.0086,71.6626,1774764755,,,,,,,
2019-05-09,984000,13.2418,13.5361,13.1928,13.2811,-0.1471,-1.1,0.76,13384286,,,142.8712,3.2825,0.9976,70.8774,1755318830,,,,,,,
2019-05-10,1488664,13.3988,13.6636,13.0457,13.6636,0.3825,2.88,1.13,20501308,,,146.9864,3.377,1.0263,72.919,1805878235,,,,,,,
2019-05-13,1553300,13.3693,14.1933,13.3595,13.8892,0.2256,1.65,1.19,21952239,,,149.4133,3.4328,1.0433,74.1229,1835695320,,,,,,,
2019-05-14,1764600,13.85,15.2134,13.5655,14.0756,0.1864,1.34,1.35,25482939,,,151.4181,3.4789,1.0573,75.1175,1860326825,,,,,,,
2019-05-15,1720388,14.7818,14.7818,14.1737,14.3404,0.2648,1.88,1.31,25214116,,,154.2671,3.5443,1.0772,76.5309,1895329490,,,,,,,
2019-05-16,1456291,14.3306,14.3306,14.0363,14.1737,-0.1667,-1.16,1.12,21043393,,,152.4733,3.5031,1.0646,75.641,1873290775,,,,,,,
2019-05-17,1449997,14.1737,14.3208,13.5361,13.693,-0.4807,-3.39,1.11,20652485,,,147.3029,3.3843,1.0285,73.076,1809767420,,,,,,,
2019-05-20,1081744,13.693,14.0952,13.5851,13.9873,0.2943,2.15,0.82,15275071,,,150.4685,3.457,1.0506,74.6464,1848659270,,,,,,,
2019-05-21,1225932,13.7813,14.2914,13.7813,14.2619,0.2746,1.96,0.89,17674221,,,153.423,3.5249,1.0713,76.1121,1884958330,,,,,,,
2019-05-22,2277500,14.1639,15.5763,14.1246,14.7426,0.4807,3.37,1.73,34131010,,,158.5933,3.6437,1.1074,78.6771,1948481685,,,,,,,
2019-05-23,1389193,14.8309,14.8309,14.2227,14.3012,-0.4414,-2.99,1.05,20432840,,,153.845,3.5346,1.0742,76.3215,1890143910,,,,,,,
2019-05-24,959294,14.0462,14.2718,13.7813,13.8892,-0.412,-2.88,0.74,13634077,,,149.4133,3.4328,1.0433,74.1229,1835695320,,,,,,,
2019-05-27,1037400,13.8794,14.5072,13.7519,14.4581,0.5689,4.1,0.77,14963271,,,155.5333,3.5734,1.086,77.159,1910886230,,,,,,,
2019-05-28,1407593,14.4189,15.4979,14.36,14.4974,0.0393,0.27,1.07,21028320,,,155.9554,3.5831,1.0889,77.3684,1916071810,,,,,,,
2019-05-29,1470020,14.4974,15.184,14.3993,14.8112,0.3138,2.16,1.08,22199361,,,159.332,3.6607,1.1125,79.0435,1957556450,,,,,,,
2019-05-30,3584905,14.821,15.6646,14.8112,15.2722,0.461,3.11,2.74,55628362,,,164.2913,3.7746,1.1472,81.5038,2018487015,,,,,,,
2019-05-31,2151876,15.1153,15.1742,14.821,15.0074,-0.2648,-1.73,1.64,32928639,,,161.4423,3.7092,1.1273,80.0905,1983484350,,,,,,,
2019-06-03,1676400,15.0074,15.0074,14.3208,14.517,-0.4904,-3.27,1.29,24839486,,,156.1664,3.588,1.0904,77.4731,1918664600,,,,,,,
2019-06-04,1116696,14.821,14.8701,14.3208,14.6837,0.1667,1.15,0.85,16595435,,,157.9602,3.6292,1.1029,78.363,1940703315,,,,,,,
2019-06-05,1370998,14.7033,14.8897,14.517,14.6935,0.0098,0.07,1.04,20575529,,,158.0657,3.6316,1.1037,78.4154,1941999710,,,,,,,
2019-06-06,1300919,14.517,14.517,13.7421,13.9579,-0.7356,-5.01,0.99,18570078,,,150.1519,3.4498,1.0484,74.4894,1844770085,,,,,,,
2019-06-10,960800,13.9579,14.0069,13.438,13.7911,-0.1668,-1.2,0.74,13449833,,,148.3581,3.4086,1.0359,73.5995,1822731370,,,,,,,
2019-06-11,1092195,13.8696,14.36,13.7519,14.3306,0.5395,3.91,0.82,15713921,,,154.1616,3.5419,1.0764,76.4785,1894033095,,,,,,,
2019-06-12,837410,14.2325,14.3797,14.0854,14.1933,-0.1373,-0.96,0.64,12160604,,,152.6843,3.5079,1.0661,75.7457,1875883565,,,,,,,
2019-06-13,1129174,14.1246,14.3797,13.9579,14.3698,0.1765,1.24,0.82,16297719,,,154.5837,3.5516,1.0794,76.6879,1899218675,,,,,,,
2019-06-14,1218598,14.3208,14.3208,13.7225,13.7225,-0.6473,-4.5,0.92,17392607,,,147.6195,3.3916,1.0307,73.233,1813656605,,,,,,,
2019-06-17,536000,13.7813,13.8696,13.5459,13.7715,0.049,0.36,0.41,7508536,,,148.1471,3.4037,1.0344,73.4948,1820138580,,,,,,,
2019-06-18,580400,13.7323,13.8794,13.3399,13.6244,-0.1471,-1.07,0.44,8058522,,,146.5643,3.3673,1.0234,72.7096,1800692655,,,,,,,
2019-06-19,669200,13.8304,13.9775,13.7617,13.8009,0.1765,1.3,0.51,9454678,,,148.4636,3.411,1.0366,73.6518,1824027765,,,,,,,
2019-06-20,1066200,13.8794,14.2423,13.6538,14.0854,0.2845,2.06,0.81,15166504,,,151.5236,3.4813,1.058,75.1699,1861623220,,,,,,,
2019-06-21,1576120,14.3797,15.0957,14.3698,14.5954,0.51,3.62,1.21,23374079,,,157.0106,3.6073,1.0963,77.8919,1929035760,,,,,,,
2019-06-24,905300,14.6445,14.6739,14.3306,14.3895,-0.2059,-1.41,0.69,13321486,,,154.7947,3.5564,1.0808,76.7926,1901811465,,,,,,,
2019-06-25,946310,14.3895,14.4385,14.056,14.3698,-0.0197,-0.14,0.72,13777049,,,154.5837,3.5516,1.0794,76.6879,1899218675,,,,,,,
2019-06-26,871710,14.2031,14.5954,14.2031,14.3895,0.0197,0.14,0.67,12834425,,,154.7947,3.5564,1.0808,76.7926,1901811465,,,,,,,
2019-06-27,748400,14.2521,14.5562,14.2521,14.4385,0.049,0.34,0.56,10987414,,,155.3223,3.5686,1.0845,77.0543,1908293440,,,,,,,
2019-06-28,722300,14.4385,14.4974,14.0756,14.1442,-0.2943,-2.04,0.54,10461939,,,152.1567,3.4958,1.0624,75.4839,1869401590,,,,,,,
2019-07-01,1010500,14.3306,14.566,14.2423,14.4974,0.3532,2.5,0.77,14878974,,,67.724,3.4517,1.0405,58.6477,1916071810,,,,,,,
2019-07-02,1072800,14.4483,14.6641,14.4385,14.6445,0.1471,1.01,0.81,15951802,,,68.4114,3.4867,1.0511,59.2429,1935517735,,,,,,,
2019-07-03,901758,14.6151,14.6739,14.2325,14.3993,-0.2452,-1.67,0.69,13221890,,,67.2658,3.4283,1.0335,58.2509,1903107860,,,,,,,
2019-07-04,553251,14.3208,14.4483,14.2129,14.3895,-0.0098,-0.07,0.42,8093743,,,67.22,3.426,1.0328,58.2113,1901811465,,,,,,,
2019-07-05,664300,14.36,14.4777,14.1148,14.4189,0.0294,0.2,0.51,9684253,,,67.3575,3.433,1.0349,58.3303,1905700650,,,,,,,
2019-07-08,755800,14.4385,14.4385,13.8304,13.8696,-0.5493,-3.81,0.58,10817560,,,64.7915,3.3022,0.9955,56.1082,1833102530,,,,,,,
2019-07-09,680201,13.8206,13.9579,13.5655,13.7911,-0.0785,-0.57,0.52,9524241,,,64.4249,3.2835,0.9898,55.7907,1822731370,,,,,,,
2019-07-10,545267,13.7617,14.0167,13.7519,13.9481,0.157,1.14,0.42,7716738,,,65.158,3.3209,1.0011,56.4256,1843473690,,,,,,,
2019-07-11,642353,14.0265,14.2129,13.9088,14.0854,0.1373,0.98,0.49,9219550,,,65.7995,3.3536,1.0109,56.9812,1861623220,,,,,,,
2019-07-12,439500,14.1442,14.2129,13.9775,14.1541,0.0687,0.49,0.34,6320461,,,66.1203,3.3699,1.0159,57.2589,1870697985,,,,,,,
2019-07-15,1088131,14.2227,14.6053,14.2227,14.3797,0.2256,1.59,0.83,15981669,,,67.1742,3.4236,1.0321,58.1716,1900515070,,,,,,,
2019-07-16,914650,14.4483,14.5758,14.311,14.5072,0.1275,0.89,0.7,13499178,,,67.7699,3.454,1.0412,58.6874,1917368205,,,,,,,
2019-07-17,1402899,14.5562,14.9388,14.4287,14.4287,-0.0785,-0.54,1.08,21014845,,,67.4033,3.4353,1.0356,58.37,1906997045,,,,,,,
2019-07-18,3192084,14.3306,15.5567,14.1148,15.0663,0.6376,4.42,2.39,48414251,,,70.3817,3.5871,1.0813,60.9492,1991262720,,,,,,,
2019-07-19,2365700,14.8014,15.1055,14.5954,14.6151,-0.4512,-2.99,1.82,35629269,,,68.2739,3.4797,1.049,59.1239,1931628550,,,,,,,
2019-07-22,1801248,14.3797,14.5366,13.7323,13.7813,-0.8338,-5.71,1.39,25628886,,,64.3791,3.2812,0.9891,55.7511,1821434975,,,,,,,
2019-07-23,1219120,13.85,13.9971,13.6636,13.9186,0.1373,1,0.94,17181130,,,65.0206,3.3139,0.999,56.3066,1839584505,,,,,,,
2019-07-24,2360038,13.9186,15.0074,13.8794,14.5366,0.618,4.44,1.82,34624584,,,67.9073,3.461,1.0433,58.8065,1921257390,,,,,,,
2019-07-25,1582540,14.3306,14.6641,14.2423,14.5072,-0.0294,-0.2,1.2,23273134,,,67.7699,3.454,1.0412,58.6874,1917368205,,,,,,,
2019-07-26,1920615,14.5464,14.8701,14.3404,14.723,0.2158,1.49,1.48,28741774,,,68.7779,3.5054,1.0567,59.5604,1945888895,,,,,,,
2019-07-29,1043612,14.7132,14.9093,14.5562,14.8897,0.1667,1.13,0.81,15695067,,,69.5569,3.5451,1.0687,60.235,1967927610,,,,,,,
2019-07-30,1216012,14.8897,14.978,14.6347,14.7033,-0.1864,-1.25,0.94,18307855,,,68.6863,3.5007,1.0553,59.481,1943296105,,,,,,,
2019-07-31,1286116,14.4974,14.9093,14.4974,14.8701,0.1668,1.13,0.99,19309543,,,69.4652,3.5404,1.0673,60.1556,1965334820,,,,,,,
2019-08-01,896106,14.772,14.8799,14.5758,14.6151,-0.255,-1.71,0.69,13406540,,,68.2739,3.4797,1.049,59.1239,1931628550,,,,,,,
2019-08-02,1270892,14.2325,14.3895,13.9775,13.9971,-0.618,-4.23,0.98,18362548,,,65.3871,3.3325,1.0046,56.624,1849955665,,,,,,,
2019-08-05,896737,13.9873,14.2816,13.9873,14.0462,0.0491,0.35,0.69,12891561,,,65.6162,3.3442,1.0081,56.8224,1856437640,,,,,,,
2019-08-06,1627737,14.0462,14.0462,13.2124,13.4674,-0.5788,-4.12,1.26,22368438,,,62.9128,3.2064,0.9666,54.4813,1779950335,,,,,,,
2019-08-07,1031600,13.595,13.6146,13.2418,13.3301,-0.1373,-1.02,0.8,14167815,,,62.2713,3.1737,0.9567,53.9258,1761800805,,,,,,,
2019-08-08,922392,13.3301,13.5557,13.2516,13.3203,-0.0098,-0.07,0.71,12588416,,,62.2255,3.1714,0.956,53.8861,1760504410,,,,,,,
2019-08-09,1217392,13.389,13.389,12.8102,12.8397,-0.4806,-3.61,0.94,16205511,,,59.9802,3.057,0.9215,51.9417,1696981055,,,,,,,
2019-08-12,742600,12.8495,13.0849,12.8397,13.0849,0.2452,1.91,0.57,9827313,,,61.1258,3.1154,0.9391,52.9338,1729390930,,,,,,,
2019-08-13,639100,13.0947,13.232,12.9378,13.0653,-0.0196,-0.15,0.49,8514463,,,61.0341,3.1107,0.9377,52.8544,1726798140,,,,,,,
2019-08-14,663400,13.1732,13.2713,13.0162,13.0947,0.0294,0.23,0.51,8907045,,,61.1716,3.1177,0.9398,52.9734,1730687325,,,,,,,
2019-08-15,684500,12.7612,13.0947,12.6533,13.0849,-0.0098,-0.07,0.53,9044361,,,61.1258,3.1154,0.9391,52.9338,1729390930,,,,,,,
2019-08-16,696998,13.0359,13.389,12.977,13.2713,0.1864,1.42,0.54,9420991,,,61.9964,3.1597,0.9525,53.6877,1754022435,,,,,,,
2019-08-19,840600,13.2713,13.6342,13.2713,13.5459,0.2746,2.07,0.65,11526256,,,63.2794,3.2251,0.9722,54.7987,1790321495,,,,,,,
2019-08-20,809204,13.5459,13.6832,13.4184,13.5753,0.0294,0.22,0.62,11180721,,,63.4168,3.2321,0.9743,54.9178,1794210680,,,,,,,
2019-08-21,593100,13.6146,13.693,13.4969,13.5459,-0.0294,-0.22,0.46,8216855,,,63.2794,3.2251,0.9722,54.7987,1790321495,,,,,,,
2019-08-22,574900,13.6244,13.6538,13.4871,13.5753,0.0294,0.22,0.44,7954783,,,63.4168,3.2321,0.9743,54.9178,1794210680,,,,,,,
2019-08-23,498061,13.6342,13.6342,13.5165,13.5655,-0.0098,-0.07,0.38,6896991,,,63.371,3.2298,0.9736,54.8781,1792914285,,,,,,,
2019-08-26,703200,13.2909,13.438,13.2418,13.3399,-0.2256,-1.66,0.54,9541521,,,62.3171,3.1761,0.9574,53.9654,1763097200,,,,,,,
2019-08-27,859041,13.5165,13.644,13.2418,13.644,0.3041,2.28,0.66,11849792,,,63.7376,3.2485,0.9793,55.1955,1803285445,,,,,,,
2019-08-28,730100,13.6734,13.7127,13.5165,13.644,0,0,0.56,10140030,,,63.7376,3.2485,0.9793,55.1955,1803285445,,,,,,,
2019-08-29,669500,13.6048,13.8892,13.5557,13.6342,-0.0098,-0.07,0.52,9351013,,,63.6917,3.2461,0.9786,55.1559,1801989050,,,,,,,
2019-08-30,1292117,13.7519,13.8598,13.5753,13.7323,0.0981,0.72,1,18057161,,,64.15,3.2695,0.9856,55.5527,1814953000,,,,,,,
2019-09-02,1571659,13.9284,14.0265,13.8304,13.9775,0.2452,1.79,1.21,22350161,,,65.2955,3.3279,1.0032,56.5447,1847362875,,,,,,,
2019-09-03,1005604,13.9579,14.0952,13.8794,14.0069,0.0294,0.21,0.78,14346978,,,65.433,3.3349,1.0053,56.6637,1851252060,,,,,,,
2019-09-04,1387404,13.9579,14.36,13.9481,14.2816,0.2747,1.96,1.07,20028829,,,66.716,3.4003,1.025,57.7748,1887551120,,,,,,,
2019-09-05,1346610,14.3012,14.4581,14.2718,14.2816,0,0,1.04,19717471,,,66.716,3.4003,1.025,57.7748,1887551120,,,,,,,
2019-09-06,952901,14.36,14.4189,14.1835,14.36,0.0784,0.55,0.74,13875795,,,67.0825,3.419,1.0307,58.0922,1897922280,,,,,,,
2019-09-09,1145298,14.5366,14.5856,14.3895,14.5856,0.2256,1.57,0.88,16932030,,,68.1364,3.4727,1.0468,59.0049,1927739365,,,,,,,
2019-09-10,1181604,14.566,14.8112,14.5562,14.5856,0,0,0.91,17678493,,,68.1364,3.4727,1.0468,59.0049,1927739365,,,,,,,
2019-09-11,875414,14.7033,14.7524,14.4875,14.517,-0.0686,-0.47,0.68,13037679,,,67.8157,3.4563,1.0419,58.7271,1918664600,,,,,,,
2019-09-12,1062975,14.5464,14.8603,14.5366,14.772,0.255,1.76,0.82,15940463,,,69.007,3.517,1.0602,59.7588,1952370870,,,,,,,
2019-09-16,3829134,15.6744,15.6744,14.7622,14.8014,0.0294,0.2,2.95,59325592,,,69.1445,3.524,1.0623,59.8778,1956260055,,,,,,,
2019-09-17,2239177,14.9584,14.9584,14.1344,14.4679,-0.3335,-2.25,1.73,33053111,,,67.5866,3.4446,1.0384,58.5287,1912182625,,,,,,,
2019-09-18,1671070,14.2816,14.4385,14.0952,14.1442,-0.3237,-2.24,1.29,24195682,,,66.0745,3.3676,1.0152,57.2192,1869401590,,,,,,,
2019-09-19,1024770,14.1737,14.2521,14.0952,14.2227,0.0785,0.55,0.79,14797739,,,66.441,3.3863,1.0208,57.5367,1879772750,,,,,,,
2019-09-20,878200,14.1344,14.4483,14.1344,14.2914,0.0687,0.48,0.68,12808947,,,66.7618,3.4026,1.0257,57.8144,1888847515,,,,,,,
2019-09-23,1771875,14.1442,14.566,14.1442,14.5268,0.2354,1.65,1.37,26115051,,,67.8615,3.4587,1.0426,58.7668,1919960995,,,,,,,
2019-09-24,939100,14.5268,14.5758,14.3208,14.4777,-0.0491,-0.34,0.72,13816018,,,67.6324,3.447,1.0391,58.5684,1913479020,,,,,,,
2019-09-25,980201,14.2718,14.3895,14.056,14.3698,-0.1079,-0.75,0.76,14167519,,,67.1284,3.4213,1.0314,58.1319,1899218675,,,,,,,
2019-09-26,2967617,14.1737,15.0074,13.6342,14.3797,0.0099,0.07,2.29,43624648,,,67.1742,3.4236,1.0321,58.1716,1900515070,,,,,,,
2019-09-27,1821938,13.8892,14.1639,13.7813,14.0854,-0.2943,-2.05,1.41,25862374,,,65.7995,3.3536,1.0109,56.9812,1861623220,,,,,,,
2019-09-30,1094639,14.0167,14.0658,13.7519,13.7617,-0.3237,-2.3,0.84,15488046,,,30.0208,3.1144,0.8046,17.0377,1818842185,,,,,,,
2019-10-08,768639,13.8794,13.899,13.6832,13.7519,-0.0098,-0.07,0.59,10819139,,,29.9994,3.1122,0.804,17.0255,1817545790,,,,,,,
2019-10-09,1100014,13.7911,14.0756,13.6538,14.0462,0.2943,2.14,0.85,15611605,,,30.6413,3.1788,0.8212,17.3898,1856437640,,,,,,,
2019-10-10,1467300,14.1246,14.4189,14.0363,14.3993,0.3531,2.51,1.13,21338155,,,31.4116,3.2587,0.8418,17.827,1903107860,,,,,,,
2019-10-11,2078993,14.4385,14.7916,14.3306,14.6739,0.2746,1.91,1.6,31024529,,,32.0108,3.3209,0.8579,18.167,1939406920,,,,,,,
2019-10-14,1632300,14.6935,14.8309,14.6151,14.6739,0,0,1.26,24464715,,,32.0108,3.3209,0.8579,18.167,1939406920,,,,,,,
2019-10-15,1243200,14.6641,14.8897,14.517,14.6935,0.0196,0.13,0.96,18658788,,,32.0536,3.3253,0.859,18.1913,1941999710,,,,,,,
2019-10-16,1000393,14.9093,14.9584,14.4189,14.4385,-0.255,-1.74,0.77,14832467,,,31.4972,3.2676,0.8441,17.8756,1908293440,,,,,,,
2019-10-17,593200,14.6151,14.6151,14.3895,14.4679,0.0294,0.2,0.46,8767369,,,31.5614,3.2742,0.8459,17.912,1912182625,,,,,,,
2019-10-18,1284200,14.4385,14.5464,14.0462,14.2423,-0.2256,-1.56,0.99,18670154,,,31.0693,3.2232,0.8327,17.6327,1882365540,,,,,,,
2019-10-21,948200,14.3698,14.3698,13.9971,14.2619,0.0196,0.14,0.73,13678999,,,31.1121,3.2276,0.8338,17.657,1884958330,,,,,,,
2019-10-22,813300,14.3502,14.4777,14.2129,14.4581,0.1962,1.38,0.63,11914155,,,31.54,3.272,0.8453,17.8999,1910886230,,,,,,,
2019-10-23,1301900,14.4287,14.8014,14.3797,14.5856,0.1275,0.88,1,19405730,,,31.8182,3.3009,0.8527,18.0578,1927739365,,,,,,,
2019-10-24,974200,14.5954,14.6053,14.2031,14.3502,-0.2354,-1.61,0.75,14267141,,,31.3046,3.2476,0.839,17.7663,1896625885,,,,,,,
2019-10-25,1280900,14.4385,14.6837,14.3502,14.6837,0.3335,2.32,0.99,18985496,,,32.0322,3.3231,0.8585,18.1792,1940703315,,,,,,,
2019-10-28,1540701,14.4679,14.8603,14.4679,14.821,0.1373,0.94,1.19,23116490,,,32.3317,3.3541,0.8665,18.3492,1958852845,,,,,,,
2019-10-29,1100401,14.8701,14.9093,14.5856,14.6935,-0.1275,-0.86,0.85,16475847,,,32.0536,3.3253,0.859,18.1913,1941999710,,,,,,,
2019-10-30,1340315,14.5268,14.7033,14.1246,14.2619,-0.4316,-2.94,1.03,19614441,,,31.1121,3.2276,0.8338,17.657,1884958330,,,,,,,
2019-10-31,4749171,14.3993,15.3801,14.3306,14.9093,0.6474,4.54,3.66,72618260,,,32.5243,3.3741,0.8717,18.4585,1970520400,,,,,,,
2019-11-01,3460000,14.772,15.1545,14.4385,15.1349,0.2256,1.51,2.67,52081563,,,33.0164,3.4252,0.8848,18.7378,2000337485,,,,,,,
2019-11-04,3001770,15.1153,15.1938,14.8701,15.1545,0.0196,0.13,2.32,46005961,,,33.0592,3.4296,0.886,18.7621,2002930275,,,,,,,
2019-11-05,2535798,15.0859,15.1938,14.7818,14.9976,-0.1569,-1.04,1.96,38736438,,,32.7169,3.3941,0.8768,18.5678,1982187955,,,,,,,
2019-11-06,1743907,15.0466,15.0663,14.5954,14.7033,-0.2943,-1.96,1.35,26273306,,,32.075,3.3275,0.8596,18.2035,1943296105,,,,,,,
2019-11-07,1705869,14.7622,14.8995,14.5268,14.8603,0.157,1.07,1.32,25707950,,,32.4173,3.363,0.8688,18.3978,1964038425,,,,,,,
2019-11-08,2096196,14.8799,14.9486,14.4189,14.4189,-0.4414,-2.97,1.62,31348808,,,31.4544,3.2631,0.843,17.8513,1905700650,,,,,,,
2019-11-11,2155500,14.2619,14.3208,13.6734,13.7323,-0.6866,-4.76,1.66,30812761,,,29.9566,3.1077,0.8028,17.0012,1814953000,,,,,,,
2019-11-12,1201600,13.8206,13.8206,13.4184,13.6636,-0.0687,-0.5,0.93,16661559,,,29.8068,3.0922,0.7988,16.9162,1805878235,,,,,,,
2019-11-13,1094645,13.6342,14.0069,13.5851,13.7519,0.0883,0.65,0.84,15430183,,,29.9994,3.1122,0.804,17.0255,1817545790,,,,,,,
2019-11-14,1154194,13.7028,14.0363,13.7028,14.0069,0.255,1.85,0.89,16396628,,,30.5557,3.1699,0.8189,17.3413,1851252060,,,,,,,
2019-11-15,1092507,14.2227,14.2227,13.5361,13.5753,-0.4316,-3.08,0.84,15434907,,,29.6142,3.0722,0.7937,16.8069,1794210680,,,,,,,
2019-11-18,1306000,13.6146,14.0756,13.6146,13.9284,0.3531,2.6,1.01,18547498,,,30.3845,3.1521,0.8143,17.2441,1840880900,,,,,,,
2019-11-19,1068300,13.899,14.0265,13.8107,13.9677,0.0393,0.28,0.82,15191931,,,30.4701,3.161,0.8166,17.2927,1846066480,,,,,,,
2019-11-20,1227971,13.9971,14.1835,13.7519,13.7813,-0.1864,-1.33,0.95,17484697,,,30.0636,3.1188,0.8057,17.062,1821434975,,,,,,,
2019-11-21,586557,13.7028,13.9579,13.7028,13.85,0.0687,0.5,0.45,8271582,,,30.2134,3.1344,0.8097,17.147,1830509740,,,,,,,
2019-11-22,895700,13.8009,13.9775,13.5851,13.7127,-0.1373,-0.99,0.69,12568289,,,29.9138,3.1033,0.8017,16.977,1812360210,,,,,,,
2019-11-25,760800,13.7323,13.7715,13.4576,13.7715,0.0588,0.43,0.59,10565167,,,30.0422,3.1166,0.8051,17.0498,1820138580,,,,,,,
2019-11-26,1262000,13.7323,14.0265,13.7323,13.9481,0.1766,1.28,0.97,17922323,,,30.4273,3.1566,0.8155,17.2684,1843473690,,,,,,,
2019-11-27,647200,13.9579,14.0069,13.7813,13.8598,-0.0883,-0.63,0.5,9148292,,,30.2348,3.1366,0.8103,17.1591,1831806135,,,,,,,
2019-11-28,613800,13.595,13.899,13.595,13.7715,-0.0883,-0.64,0.47,8606159,,,30.0422,3.1166,0.8051,17.0498,1820138580,,,,,,,
2019-11-29,464710,13.8107,13.8107,13.5557,13.7225,-0.049,-0.36,0.36,6476199,,,29.9352,3.1055,0.8023,16.9891,1813656605,,,,,,,
2019-12-02,775300,13.7225,13.9579,13.7028,13.9383,0.2158,1.57,0.6,10924478,,,30.4059,3.1544,0.8149,17.2563,1842177295,,,,,,,
2019-12-03,733800,13.85,13.9677,13.6636,13.9677,0.0294,0.21,0.55,10377260,,,30.4701,3.161,0.8166,17.2927,1846066480,,,,,,,
2019-12-04,676600,13.9186,14.0167,13.7421,13.899,-0.0687,-0.49,0.52,9560236,,,30.3204,3.1455,0.8126,17.2077,1836991715,,,,,,,
2019-12-05,832200,13.9775,14.0756,13.9088,13.9775,0.0785,0.56,0.64,11867991,,,30.4915,3.1632,0.8172,17.3048,1847362875,,,,,,,
2019-12-06,737400,13.9775,14.105,13.8794,13.9873,0.0098,0.07,0.57,10488290,,,30.5129,3.1655,0.8178,17.317,1848659270,,,,,,,
2019-12-09,1024328,14.0756,14.1737,13.9088,14.1246,0.1373,0.98,0.79,14701237,,,30.8125,3.1965,0.8258,17.487,1866808800,,,,,,,
2019-12-10,773800,13.9971,14.2031,13.9971,14.1148,-0.0098,-0.07,0.6,11130255,,,30.7911,3.1943,0.8252,17.4749,1865512405,,,,,,,
2019-12-11,740600,14.1246,14.1639,13.9383,13.9873,-0.1275,-0.9,0.57,10583207,,,30.5129,3.1655,0.8178,17.317,1848659270,,,,,,,
2019-12-12,688300,13.899,14.0952,13.899,13.9579,-0.0294,-0.21,0.52,9825728,,,30.4487,3.1588,0.816,17.2806,1844770085,,,,,,,
2019-12-13,1477505,13.9775,14.3502,13.9775,14.3012,0.3433,2.46,1.13,21409609,,,31.1977,3.2365,0.8361,17.7056,1890143910,,,,,,,
2019-12-16,2022561,14.4189,14.9584,14.2423,14.6837,0.3825,2.67,1.54,30038120,,,32.0322,3.3231,0.8585,18.1792,1940703315,,,,,,,
2019-12-17,1831020,14.5268,14.8112,14.5268,14.6641,-0.0196,-0.13,1.41,27356238,,,31.9894,3.3186,0.8573,18.1549,1938110525,,,,,,,
2019-12-18,1937958,14.7524,14.7916,14.5562,14.7132,0.0491,0.33,1.49,29021721,,,32.0964,3.3297,0.8602,18.2156,1944592500,,,,,,,
2019-12-19,2776897,14.7132,15.1644,14.5954,15.0466,0.3334,2.27,2.14,42250005,,,32.8239,3.4052,0.8797,18.6285,1988669930,,,,,,,
2019-12-20,2623978,15.0466,15.4586,14.821,14.9289,-0.1177,-0.78,2.02,40490201,,,32.5671,3.3786,0.8728,18.4828,1973113190,,,,,,,
2019-12-23,2801271,15.0466,15.6254,14.8897,14.9093,-0.0196,-0.13,2.16,43512883,,,32.5243,3.3741,0.8717,18.4585,1970520400,,,,,,,
2019-12-24,2080021,14.7132,15.0859,14.5366,14.9976,0.0883,0.59,1.6,31547143,,,32.7169,3.3941,0.8768,18.5678,1982187955,,,,,,,
2019-12-25,2960510,14.978,15.5959,14.9289,15.4684,0.4708,3.14,2.28,46360848,,,33.744,3.5007,0.9043,19.1507,2044414915,,,,,,,
2019-12-26,2027968,15.4782,15.6254,15.2036,15.3998,-0.0686,-0.44,1.55,31784230,,,33.5942,3.4851,0.9003,19.0657,2035340150,,,,,,,
2019-12-27,2635100,15.4096,15.8902,15.2821,15.694,0.2942,1.91,2.01,41916973,,,34.2361,3.5517,0.9175,19.43,2074232000,,,,,,,
2019-12-30,4110846,15.6842,16.8907,15.5469,16.2335,0.5395,3.44,3.13,68087317,,,35.413,3.6738,0.9491,20.0979,2145533725,,,,,,,
2019-12-31,2198131,16.0373,16.3904,15.9294,16.1256,-0.1079,-0.66,1.68,36093172,,,47.6501,3.6865,0.9886,17.8556,2131273380,,,,,,,
2020-01-02,2925975,16.1256,16.3316,15.9491,16.1648,0.0392,0.24,2.23,48030316,,,47.7661,3.6955,0.991,17.899,2136458960,,,,,,,
2020-01-03,2673711,16.1452,16.6847,16.0177,16.2335,0.0687,0.42,2.03,44613011,,,47.9689,3.7112,0.9952,17.9751,2145533725,,,,,,,
2020-01-06,3207517,16.4787,16.5964,16.0864,16.1943,-0.0392,-0.24,2.45,53558359,,,47.853,3.7022,0.9928,17.9316,2140348145,,,,,,,
2020-01-07,3049805,16.2629,16.5278,15.9196,16.106,-0.0883,-0.55,2.32,50224224,,,47.5922,3.6821,0.9874,17.8339,2128680590,,,,,,,
2020-01-08,2927665,16.2433,16.4199,15.5763,15.7921,-0.3139,-1.95,2.22,47700502,,,46.6647,3.6103,0.9681,17.4863,2087195950,,,,,,,
2020-01-09,2142256,15.694,15.9883,15.6548,15.9098,0.1177,0.75,1.64,34609580,,,47.0125,3.6372,0.9754,17.6166,2102752690,,,,,,,
2020-01-10,1560700,15.8412,15.9294,15.6156,15.9294,0.0196,0.12,1.15,25108958,,,47.0704,3.6417,0.9766,17.6384,2105345480,,,,,,,
2020-01-13,1865100,16.1256,16.2531,15.9294,16.1354,0.206,1.29,1.42,30590411,,,47.6791,3.6888,0.9892,17.8664,2132569775,,,,,,,
2020-01-14,3333804,16.1845,16.8515,16.1845,16.5768,0.4414,2.74,2.55,56190847,,,48.9834,3.7897,1.0162,18.3552,2190907550,,,,,,,
2020-01-15,3001556,16.6651,16.6651,16.0373,16.1354,-0.4414,-2.66,2.28,49870723,,,47.6791,3.6888,0.9892,17.8664,2132569775,,,,,,,
2020-01-16,1517565,16.155,16.2531,15.8019,15.8215,-0.3139,-1.95,1.14,24632118,,,46.7516,3.617,0.9699,17.5189,2091085135,,,,,,,
2020-01-17,1156011,15.8412,15.9294,15.694,15.7038,-0.1177,-0.74,0.88,18614813,,,46.4038,3.5901,0.9627,17.3886,2075528395,,,,,,,
2020-01-20,2184440,15.5959,15.6842,15.1153,15.5861,-0.1177,-0.75,1.68,34199137,,,46.056,3.5632,0.9555,17.2582,2059971655,,,,,,,
2020-01-21,1345754,15.5861,15.7823,15.3605,15.4488,-0.1373,-0.88,1.02,21363443,,,45.6502,3.5318,0.9471,17.1062,2041822125,,,,,,,
2020-01-22,1497352,15.3409,15.5861,15.0368,15.4488,0,0,1.14,23387395,,,45.6502,3.5318,0.9471,17.1062,2041822125,,,,,,,
2020-01-23,1689396,15.4292,15.4292,14.821,14.8995,-0.5493,-3.56,1.29,25996132,,,44.0271,3.4062,0.9134,16.498,1969224005,,,,,,,
2020-02-03,1609568,13.4086,13.9284,13.4086,13.4086,-1.4909,-10.01,1.24,22090845,,,39.6215,3.0654,0.822,14.8471,1772171965,,,,,,,
2020-02-04,2232169,12.1138,13.6244,12.1138,13.1928,-0.2158,-1.61,1.71,30071139,,,38.9838,3.0161,0.8088,14.6081,1743651275,,,,,,,
2020-02-05,1827100,13.3203,13.5263,13.232,13.3988,0.206,1.56,1.4,24958164,,,39.5925,3.0631,0.8214,14.8362,1770875570,,,,,,,
2020-02-06,2205456,13.2909,13.6832,13.2516,13.6636,0.2648,1.98,1.69,30485352,,,40.3751,3.1237,0.8376,15.1295,1805878235,,,,,,,
2020-02-07,2163000,13.693,13.9088,13.3988,13.644,-0.0196,-0.14,1.66,29962016,,,40.3171,3.1192,0.8364,15.1077,1803285445,,,,,,,
2020-02-10,2385532,13.8598,14.1148,13.595,14.0462,0.4022,2.95,1.82,33732627,,,41.5055,3.2111,0.8611,15.553,1856437640,,,,,,,
2020-02-11,1858962,14.1835,14.2129,13.7028,14.0167,-0.0295,-0.21,1.41,26418456,,,41.4185,3.2044,0.8593,15.5205,1852548455,,,,,,,
2020-02-12,1580010,13.8892,13.9971,13.7225,13.9775,-0.0392,-0.28,1.21,22381737,,,41.3026,3.1955,0.8569,15.477,1847362875,,,,,,,
2020-02-13,1460301,13.9186,14.0952,13.6734,13.7127,-0.2648,-1.89,1.11,20600374,,,40.52,3.1349,0.8407,15.1838,1812360210,,,,,,,
2020-02-14,1158855,13.7323,13.7911,13.595,13.7028,-0.0099,-0.07,0.88,16171492,,,40.491,3.1327,0.8401,15.1729,1811063815,,,,,,,
2020-02-17,1779943,13.5851,14.0756,13.5851,14.0462,0.3434,2.51,1.35,25301471,,,41.5055,3.2111,0.8611,15.553,1856437640,,,,,,,
2020-02-18,3676371,13.9775,14.7524,13.9579,14.6151,0.5689,4.05,2.8,53765832,,,43.1865,3.3412,0.896,16.183,1931628550,,,,,,,
2020-02-19,1699067,14.7132,14.7622,14.3502,14.4091,-0.206,-1.41,1.3,25170430,,,42.5779,3.2941,0.8833,15.9549,1904404255,,,,,,,
2020-02-20,1726254,14.4091,14.6053,14.2129,14.5464,0.1373,0.95,1.31,25358744,,,42.9837,3.3255,0.8918,16.107,1922553785,,,,,,,
2020-02-21,2467340,14.6837,14.8701,14.517,14.7916,0.2452,1.69,1.86,36812530,,,43.7083,3.3816,0.9068,16.3785,1954963660,,,,,,,
2020-02-24,2268765,14.6739,14.7328,14.3208,14.723,-0.0686,-0.46,1.72,33657623,,,43.5054,3.3659,0.9026,16.3025,1945888895,,,,,,,
2020-02-25,2372625,14.4091,14.5072,13.8794,14.2031,-0.5199,-3.53,1.82,34449010,,,41.9692,3.247,0.8707,15.7268,1877179960,,,,,,,
2020-02-26,2330071,13.9971,14.311,13.9383,14.0462,-0.1569,-1.1,1.79,33507783,,,41.5055,3.2111,0.8611,15.553,1856437640,,,,,,,
2020-02-27,1480500,14.1148,14.2619,13.9971,14.1246,0.0784,0.56,1.13,21295203,,,41.7373,3.2291,0.8659,15.6399,1866808800,,,,,,,
2020-02-28,2907135,13.8009,14.2521,13.2615,13.6538,-0.4708,-3.33,2.24,40680725,,,40.3461,3.1215,0.837,15.1186,1804581840,,,,,,,
2020-03-02,2351146,13.6832,14.311,13.6832,14.2031,0.5493,4.02,1.79,33853103,,,41.9692,3.247,0.8707,15.7268,1877179960,,,,,,,
2020-03-03,2583636,14.36,14.4483,14.1442,14.2031,0,0,1.97,37538234,,,41.9692,3.247,0.8707,15.7268,1877179960,,,,,,,
2020-03-04,1853436,14.1835,14.3012,14.0462,14.2718,0.0687,0.48,1.41,26869817,,,42.1721,3.2627,0.8749,15.8028,1886254725,,,,,,,
2020-03-05,2866000,14.3895,14.6543,14.2619,14.6249,0.3531,2.47,2.18,42293512,,,43.2155,3.3435,0.8966,16.1938,1932924945,,,,,,,
2020-03-06,6284266,14.4091,15.8608,14.4091,15.488,0.8631,5.9,4.8,97827750,,,45.7661,3.5408,0.9495,17.1496,2047007705,,,,,,,
2020-03-09,5893504,15.1545,15.8412,15.0074,15.1545,-0.3335,-2.15,4.47,92934049,,,44.7807,3.4645,0.9291,16.7803,2002930275,,,,,,,
2020-03-10,4120010,15.027,15.1545,14.2718,14.8112,-0.3433,-2.27,3.14,61797939,,,43.7662,3.3861,0.908,16.4002,1957556450,,,,,,,
2020-03-11,2646700,14.821,14.8995,14.4385,14.4974,-0.3138,-2.12,2.03,39534865,,,42.8387,3.3143,0.8888,16.0527,1916071810,,,,,,,
2020-03-12,2900944,14.3797,14.4091,13.6342,13.7225,-0.7749,-5.35,2.22,41020881,,,40.549,3.1371,0.8413,15.1946,1813656605,,,,,,,
2020-03-13,2928384,13.0457,13.3595,12.7514,13.183,-0.5395,-3.93,2.25,38716998,,,38.9548,3.0138,0.8082,14.5973,1742354880,,,,,,,
2020-03-16,1841739,13.2418,13.438,12.6729,12.7318,-0.4512,-3.42,1.36,24693163,,,37.6216,2.9107,0.7805,14.0977,1682720710,,,,,,,
2020-03-17,1673354,12.8102,13.0849,12.5062,12.9966,0.2648,2.08,1.29,21865071,,,38.4041,2.9712,0.7968,14.3909,1717723375,,,,,,,
2020-03-18,1246781,13.2909,13.2909,12.8495,12.8985,-0.0981,-0.75,0.95,16624646,,,38.1143,2.9488,0.7907,14.2823,1704759425,,,,,,,
2020-03-19,1044603,12.8985,12.9868,12.6533,12.928,0.0295,0.23,0.8,13672012,,,38.2013,2.9555,0.7925,14.3149,1708648610,,,,,,,
2020-03-20,1196051,13.0849,13.2124,12.8691,13.183,0.255,1.97,0.91,15920044,,,38.9548,3.0138,0.8082,14.5973,1742354880,,,,,,,
2020-03-23,1162995,12.9966,13.1536,12.6827,12.722,-0.461,-3.5,0.89,15257456,,,37.5926,2.9084,0.7799,14.0868,1681424315,,,,,,,
2020-03-24,971196,12.9181,13.026,12.7612,12.9476,0.2256,1.77,0.74,12781230,,,38.2592,2.96,0.7938,14.3366,1711241400,,,,,,,
2020-03-25,1374130,13.1437,13.2026,13.0359,13.0947,0.1471,1.14,1.05,18342872,,,38.694,2.9936,0.8028,14.4995,1730687325,,,,,,,
2020-03-26,1269400,13.0653,13.232,13.026,13.0947,0,0,0.98,16992459,,,38.694,2.9936,0.8028,14.4995,1730687325,,,,,,,
2020-03-27,1373000,13.1437,13.5263,13.1143,13.2222,0.1275,0.97,1.05,18603828,,,39.0708,3.0228,0.8106,14.6407,1747540460,,,,,,,
2020-03-30,1171869,13.0359,13.1536,12.8299,12.9476,-0.2746,-2.08,0.89,15514175,,,38.2592,2.96,0.7938,14.3366,1711241400,,,,,,,
2020-03-31,870900,13.0457,13.1437,12.8985,12.9574,0.0098,0.08,0.66,11519325,,,138.0113,3.0815,0.8242,28.1385,1712537795,,,,,,,
2020-04-01,814124,12.9181,13.0653,12.7808,12.8102,-0.1472,-1.14,0.61,10726795,,,136.4442,3.0465,0.8148,27.8189,1693091870,,,,,,,
2020-04-02,2430100,12.8985,13.7323,12.7906,13.4576,0.6474,5.05,1.83,32896665,,,143.3395,3.2005,0.856,29.2248,1778653940,,,,,,,
2020-04-03,1751969,13.389,13.389,12.9966,13.1045,-0.3531,-2.62,1.34,23434728,,,139.5784,3.1165,0.8336,28.458,1731983720,,,,,,,
2020-04-07,1800557,13.2222,13.5263,13.1928,13.438,0.3335,2.54,1.37,24520111,,,143.1306,3.1958,0.8548,29.1822,1776061150,,,,,,,
2020-04-08,1974409,13.4282,13.7715,13.2909,13.595,0.157,1.17,1.51,27286402,,,144.8022,3.2332,0.8648,29.523,1796803470,,,,,,,
2020-04-09,1522709,13.6342,13.8696,13.5361,13.8304,0.2354,1.73,1.14,21402485,,,147.3096,3.2892,0.8797,30.0342,1827916950,,,,,,,
2020-04-10,1340800,13.7323,13.9284,13.3399,13.389,-0.4414,-3.19,1.02,18498792,,,142.6082,3.1842,0.8517,29.0757,1769579175,,,,,,,
2020-04-13,3067300,13.7323,14.0854,13.4772,13.9383,0.5493,4.1,2.35,43235421,,,148.4588,3.3148,0.8866,30.2685,1842177295,,,,,,,
2020-04-14,3114868,13.693,13.693,13.1143,13.4184,-0.5199,-3.73,2.38,42418220,,,142.9216,3.1912,0.8535,29.1396,1773468360,,,,,,,
2020-04-15,1790600,13.3105,13.3105,13.0849,13.1928,-0.2256,-1.68,1.37,24059148,,,140.5187,3.1375,0.8392,28.6497,1743651275,,,,,,,
2020-04-16,1584350,13.026,13.1045,12.8397,12.977,-0.2158,-1.64,1.2,20955580,,,138.2202,3.0862,0.8255,28.1811,1715130585,,,,,,,
2020-04-17,1052164,13.0849,13.1339,12.8495,12.9181,-0.0589,-0.45,0.79,13953641,,,137.5934,3.0722,0.8217,28.0532,1707352215,,,,,,,
2020-04-20,3495646,12.7514,12.7808,12.2119,12.359,-0.5591,-4.33,2.66,44084720,,,131.6383,2.9392,0.7861,26.8391,1633457700,,,,,,,
2020-04-21,1373967,12.2119,12.31,12.1433,12.3002,-0.0588,-0.48,1.05,17119907,,,131.0115,2.9252,0.7824,26.7113,1625679330,,,,,,,
2020-04-22,1057820,12.2413,12.31,12.0452,12.3002,0,0,0.79,13125505,,,131.0115,2.9252,0.7824,26.7113,1625679330,,,,,,,
2020-04-23,1518159,12.3394,12.5258,12.2904,12.3689,0.0687,0.56,1.16,19190396,,,131.7428,2.9416,0.7868,26.8604,1634754095,,,,,,,
2020-04-24,1242327,12.3689,12.3689,12.0844,12.0942,-0.2747,-2.22,0.95,15393336,,,128.8175,2.8763,0.7693,26.264,1598455035,,,,,,,
2020-04-27,759101,12.1236,12.1236,11.8686,11.8686,-0.2256,-1.87,0.57,9257696,,,126.4146,2.8226,0.755,25.7741,1568637950,,,,,,,
2020-04-28,1298068,11.8588,11.9373,10.9662,11.2212,-0.6474,-5.45,0.99,14984548,,,119.5192,2.6686,0.7138,24.3682,1483075880,,,,,,,
2020-04-29,924459,11.2605,11.3782,10.9956,11.0054,-0.2158,-1.92,0.7,10485411,,,117.2208,2.6173,0.7,23.8996,1454555190,,,,,,,
2020-04-30,878268,11.1526,11.3291,11.0349,11.2899,0.2845,2.59,0.67,10024273,,,120.2506,2.685,0.7181,24.5173,1492150645,,,,,,,
2020-05-06,816846,11.2507,11.437,11.231,11.4174,0.1275,1.13,0.61,9455585,,,121.6087,2.7153,0.7263,24.7942,1509003780,,,,,,,
2020-05-07,586500,11.4174,11.4959,11.2899,11.3978,-0.0196,-0.17,0.45,6815605,,,121.3998,2.7106,0.725,24.7516,1506410990,,,,,,,
2020-05-08,630793,11.3978,11.5743,11.3978,11.5547,0.1569,1.38,0.48,7408756,,,123.0714,2.748,0.735,25.0924,1527153310,,,,,,,
2020-05-11,599543,11.7411,11.7411,11.3684,11.437,-0.1177,-1.02,0.46,7020866,,,121.8177,2.72,0.7275,24.8368,1511596570,,,,,,,
2020-05-12,514740,11.437,11.5057,11.231,11.3389,-0.0981,-0.86,0.39,5951874,,,120.7729,2.6966,0.7213,24.6238,1498632620,,,,,,,
2020-05-13,676382,11.2507,11.4272,11.2507,11.4174,0.0785,0.69,0.52,7826153,,,121.6087,2.7153,0.7263,24.7942,1509003780,,,,,,,
2020-05-14,519900,11.3291,11.4076,11.2801,11.3291,-0.0883,-0.77,0.4,6004627,,,120.6685,2.6943,0.7206,24.6025,1497336225,,,,,,,
2020-05-15,445446,11.3389,11.4272,11.2801,11.3487,0.0196,0.17,0.34,5151638,,,120.8774,2.699,0.7219,24.6451,1499929015,,,,,,,
2020-05-18,818706,11.3487,11.4566,11.3193,11.4272,0.0785,0.69,0.61,9513453,,,121.7132,2.7176,0.7269,24.8155,1510300175,,,,,,,
2020-05-19,894200,11.5057,11.6724,11.4763,11.594,0.1668,1.46,0.68,10555841,,,123.4893,2.7573,0.7375,25.1776,1532338890,,,,,,,
2020-05-20,965415,11.5547,11.7607,11.437,11.7411,0.1471,1.27,0.73,11397098,,,125.0564,2.7923,0.7468,25.4971,1551784815,,,,,,,
2020-05-21,2426459,11.7705,12.3296,11.6822,11.9961,0.255,2.17,1.8,29557157,,,127.7728,2.8529,0.7631,26.051,1585491085,,,,,,,
2020-05-22,1977201,11.9569,12.1433,11.5842,12.0059,0.0098,0.08,1.48,23913643,,,127.8772,2.8553,0.7637,26.0723,1586787480,,,,,,,
2020-05-25,1546000,11.9275,12.1138,11.7803,12.0059,0,0,1.15,18816483,,,127.8772,2.8553,0.7637,26.0723,1586787480,,,,,,,
2020-05-26,690490,12.0648,12.0648,11.8588,12.0059,0,0,0.51,8408327,,,127.8772,2.8553,0.7637,26.0723,1586787480,,,,,,,
2020-05-27,1090220,11.9373,12.3296,11.849,11.9177,-0.0882,-0.73,0.83,13312180,,,126.937,2.8343,0.7581,25.8806,1575119925,,,,,,,
2020-05-28,1228343,11.9275,12.0942,11.7999,12.0844,0.1667,1.4,0.89,14938224,,,128.713,2.8739,0.7687,26.2427,1597158640,,,,,,,
2020-05-29,1020400,12.0157,12.1433,11.9177,11.9177,-0.1667,-1.38,0.75,12516179,,,126.937,2.8343,0.7581,25.8806,1575119925,,,,,,,
2020-06-01,900540,11.8784,12.2021,11.849,12.0942,0.1765,1.48,0.66,11075742,,,128.8175,2.8763,0.7693,26.264,1598455035,,,,,,,
2020-06-02,1125699,12.104,12.3198,12.0746,12.3198,0.2256,1.87,0.81,14006463,,,131.2204,2.9299,0.7837,26.7539,1628272120,,,,,,,
2020-06-03,1311515,12.261,12.565,12.1825,12.4375,0.1177,0.96,1,16545123,,,132.4741,2.9579,0.7911,27.0095,1643828860,,,,,,,
2020-06-04,1554200,12.6925,12.6925,12.0844,12.1433,-0.2942,-2.37,1.19,19395543,,,129.3399,2.8879,0.7724,26.3705,1604937010,,,,,,,
2020-06-05,801569,12.104,12.3394,12.0452,12.1825,0.0392,0.32,0.61,9928113,,,129.7578,2.8973,0.7749,26.4557,1610122590,,,,,,,
2020-06-08,715500,12.261,12.4375,12.1433,12.1433,-0.0392,-0.32,0.54,8918276,,,129.3399,2.8879,0.7724,26.3705,1604937010,,,,,,,
2020-06-09,1571600,12.1433,12.6337,12.0157,12.6141,0.4708,3.88,1.13,19716763,,,134.3547,2.9999,0.8024,27.3929,1667163970,,,,,,,
2020-06-10,1107469,12.4866,12.4866,12.1825,12.4179,-0.1962,-1.56,0.79,13907004,,,132.2652,2.9532,0.7899,26.9669,1641236070,,,,,,,
2020-06-11,1576813,12.5552,12.7024,12.1727,12.6631,0.2452,1.97,1.1,19969510,,,134.8771,3.0116,0.8055,27.4994,1673645945,,,,,,,
2020-06-12,1685835,12.4375,12.9378,12.2806,12.9378,0.2747,2.17,1.15,21759450,,,137.8023,3.0769,0.823,28.0958,1709945005,,,,,,,
2020-06-15,1727300,12.8985,13.0359,12.4571,12.5454,-0.3924,-3.03,1.32,22443530,,,133.6234,2.9836,0.798,27.2438,1658089205,,,,,,,
2020-06-16,914006,12.5454,12.6827,12.4768,12.5945,0.0491,0.39,0.69,11704668,,,134.1457,2.9952,0.8011,27.3503,1664571180,,,,,,,
2020-06-17,524900,12.7024,12.7024,12.4571,12.5062,-0.0883,-0.7,0.4,6700816,,,133.2055,2.9742,0.7955,27.1586,1652903625,,,,,,,
2020-06-18,659100,12.5062,12.5846,12.3296,12.516,0.0098,0.08,0.48,8385499,,,133.3099,2.9766,0.7961,27.1799,1654200020,,,,,,,
2020-06-19,1710247,12.5258,13.1241,12.5062,13.0064,0.4904,3.92,1.26,22312059,,,138.5337,3.0932,0.8273,28.245,1719019770,,,,,,,
2020-06-22,1334420,12.928,13.0947,12.8691,12.9476,-0.0588,-0.45,1.02,17632085,,,137.9068,3.0792,0.8236,28.1172,1711241400,,,,,,,
2020-06-23,825667,12.9574,12.9574,12.6827,12.7514,-0.1962,-1.52,0.63,10774359,,,135.8173,3.0326,0.8111,27.6911,1685313500,,,,,,,
2020-06-24,882684,12.771,12.771,12.4081,12.5062,-0.2452,-1.92,0.66,11277170,,,133.2055,2.9742,0.7955,27.1586,1652903625,,,,,,,
2020-06-29,1002115,12.367,12.4663,12.069,12.0789,-0.4273,-3.42,0.74,12295580,,,127.0414,2.9466,0.7587,25.9019,1576416320,,,,,,,
2020-06-30,718897,12.1683,12.3968,12.1187,12.2677,0.1888,1.56,0.54,8838510,,,109.5279,2.8659,0.824,16.1768,1601047825,,,,,,,
2020-07-01,951053,12.2677,12.3173,12.0491,12.1485,-0.1192,-0.97,0.72,11628859,,,108.4636,2.838,0.816,16.0196,1585491085,,,,,,,
2020-07-02,1095500,12.1187,12.3471,12.0889,12.2975,0.149,1.23,0.84,13457833,,,109.7939,2.8729,0.826,16.2161,1604937010,,,,,,,
2020-07-03,1248358,12.2379,12.5458,12.2379,12.5458,0.2483,2.02,0.93,15577552,,,112.0111,2.9309,0.8427,16.5436,1637346885,,,,,,,
2020-07-06,2308448,12.5259,13.2213,12.5259,13.2014,0.6556,5.23,1.72,30179572,,,117.8644,3.084,0.8867,17.4081,1722908955,,,,,,,
2020-07-07,2032060,13.2213,13.3802,12.9133,12.9531,-0.2483,-1.88,1.54,26870898,,,115.6472,3.026,0.87,17.0806,1690499080,,,,,,,
2020-07-08,2418078,12.9928,13.3901,12.8339,13.3802,0.4271,3.3,1.81,32009376,,,119.4607,3.1258,0.8987,17.6439,1746244065,,,,,,,
2020-07-09,4749086,13.3802,14.5225,13.2213,14.155,0.7748,5.79,3.61,66569299,,,126.3783,3.3068,0.9508,18.6656,1847362875,,,,,,,
2020-07-10,3283342,14.0954,14.0954,13.5888,13.5888,-0.5662,-4,2.49,45386955,,,121.3232,3.1745,0.9127,17.9189,1773468360,,,,,,,
2020-07-13,2928760,14.0855,14.0855,13.5093,13.9762,0.3874,2.85,2.21,40862469,,,124.7819,3.265,0.9387,18.4298,1824027765,,,,,,,
2020-07-14,2152050,13.9861,14.1848,13.559,13.7477,-0.2285,-1.63,1.64,29919789,,,122.7421,3.2117,0.9234,18.1285,1794210680,,,,,,,
2020-07-15,1927188,13.857,13.9563,13.6186,13.6683,-0.0794,-0.58,1.46,26786076,,,122.0327,3.1931,0.9181,18.0237,1783839520,,,,,,,
2020-07-16,1829601,13.6683,13.6981,12.8935,12.9729,-0.6954,-5.09,1.4,24400741,,,115.8246,3.0307,0.8714,17.1068,1693091870,,,,,,,
2020-07-17,2057198,12.9729,13.8769,12.665,12.8637,-0.1092,-0.84,1.57,26810156,,,114.849,3.0051,0.864,16.9627,1678831525,,,,,,,
2020-07-20,1870159,12.8835,13.4199,12.7842,13.3703,0.5066,3.94,1.41,24775368,,,119.3721,3.1235,0.898,17.6308,1744947670,,,,,,,
2020-07-21,4863909,13.4994,14.4033,13.4895,14.1749,0.8046,6.02,3.72,68410675,,,126.5557,3.3114,0.9521,18.6918,1849955665,,,,,,,
2020-07-22,5045404,14.1053,14.7113,13.7279,13.8371,-0.3378,-2.38,3.84,72325316,,,123.5403,3.2325,0.9294,18.2464,1805878235,,,,,,,
2020-07-23,3351901,13.8967,14.3636,13.7577,14.3636,0.5265,3.8,2.48,47595999,,,128.2407,3.3555,0.9648,18.9406,1874587170,,,,,,,
2020-07-24,2271400,14.4133,14.5225,13.9464,14.0557,-0.3079,-2.14,1.74,32597556,,,125.4914,3.2836,0.9441,18.5346,1834398925,,,,,,,
2020-07-27,1369000,14.2543,14.4033,13.6087,13.7378,-0.3179,-2.26,1.05,19099372,,,122.6535,3.2093,0.9227,18.1154,1792914285,,,,,,,
2020-07-28,2872200,13.6484,14.6715,13.6484,14.5821,0.8443,6.15,2.17,41711924,,,130.1918,3.4066,0.9794,19.2288,1903107860,,,,,,,
2020-07-29,2052650,14.4828,14.6417,14.1153,14.4927,-0.0894,-0.61,1.56,29839440,,,129.3936,3.3857,0.9734,19.1109,1891440305,,,,,,,
2020-07-30,1434722,14.6219,14.7709,14.4033,14.5523,0.0596,0.41,1.1,21077714,,,129.9258,3.3996,0.9774,19.1895,1899218675,,,,,,,
2020-07-31,1392100,14.3934,14.6517,14.3139,14.5623,0.01,0.07,1.06,20318202,,,130.0144,3.4019,0.9781,19.2026,1900515070,,,,,,,
2020-08-03,3554565,14.8901,15.3271,14.5225,15.2179,0.6556,4.5,2.73,53584491,,,135.8677,3.5551,1.0221,20.0671,1986077140,,,,,,,
2020-08-04,3618901,15.2179,15.8437,15.049,15.8039,0.586,3.85,2.69,56279909,,,141.1003,3.692,1.0615,20.8399,2062564445,,,,,,,
2020-08-05,3009476,15.5556,16.2509,15.4563,15.8039,0,0,2.27,48055927,,,141.1003,3.692,1.0615,20.8399,2062564445,,,,,,,
2020-08-06,2213152,15.9231,15.9231,15.4165,15.5755,-0.2284,-1.45,1.69,34917129,,,139.0605,3.6386,1.0462,20.5387,2032747360,,,,,,,
2020-08-07,2292589,15.7145,15.7145,14.9894,15.1185,-0.457,-2.93,1.76,35087692,,,134.9809,3.5319,1.0155,19.9361,1973113190,,,,,,,
2020-08-10,1755000,15.2278,15.5755,14.9596,15.4463,0.3278,2.17,1.33,26900796,,,137.9075,3.6085,1.0375,20.3684,2015894225,,,,,,,
2020-08-11,1658101,15.4463,15.8039,15.3271,15.4861,0.0398,0.26,1.26,26143709,,,138.2623,3.6178,1.0402,20.4208,2021079805,,,,,,,
2020-08-12,1395100,15.3669,15.5755,15.0093,15.2973,-0.1888,-1.22,1.05,21336046,,,136.5772,3.5737,1.0275,20.1719,1996448300,,,,,,,
2020-08-13,837847,15.4463,15.5755,15.0192,15.1086,-0.1887,-1.23,0.64,12819044,,,134.8922,3.5296,1.0148,19.923,1971816795,,,,,,,
2020-08-14,991200,15.0192,15.1483,14.8007,15.1285,0.0199,0.13,0.74,14948709,,,135.0696,3.5342,1.0161,19.9492,1974409585,,,,,,,
2020-08-17,809000,15.0391,15.2973,15.0291,15.2079,0.0794,0.52,0.61,12352094,,,135.7791,3.5528,1.0215,20.054,1984780745,,,,,,,
2020-08-18,944688,15.2079,15.2179,14.8007,15.0391,-0.1688,-1.11,0.72,14274096,,,134.2714,3.5133,1.0101,19.8313,1962742030,,,,,,,
2020-08-19,922400,15.0391,15.1384,14.7113,14.9199,-0.1192,-0.79,0.7,13814025,,,133.2072,3.4855,1.0021,19.6741,1947185290,,,,,,,
2020-08-20,706900,14.7311,14.8106,14.6517,14.8007,-0.1192,-0.8,0.53,10473617,,,132.1429,3.4576,0.9941,19.517,1931628550,,,,,,,
2020-08-21,1390388,15.1483,15.1483,14.4033,14.8007,0,0,1.06,20543419,,,132.1429,3.4576,0.9941,19.517,1931628550,,,,,,,
2020-08-24,959471,14.7808,14.8205,14.4828,14.7907,-0.01,-0.07,0.69,14124975,,,132.0542,3.4553,0.9935,19.5039,1930332155,,,,,,,
2020-08-25,508901,14.7808,14.8503,14.6914,14.8007,0.01,0.07,0.37,7573836,,,132.1429,3.4576,0.9941,19.517,1931628550,,,,,,,
2020-08-26,831601,14.8801,14.9,14.5424,14.7609,-0.0398,-0.27,0.59,12331680,,,131.7882,3.4484,0.9914,19.4646,1926442970,,,,,,,
2020-08-27,1128658,14.8503,15.2079,14.7013,15.1384,0.3775,2.56,0.86,17008948,,,135.1583,3.5365,1.0168,19.9623,1975705980,,,,,,,
2020-08-28,1468695,15.0291,15.645,15.0291,15.5457,0.4073,2.69,1.11,22829446,,,138.7944,3.6317,1.0442,20.4994,2028858175,,,,,,,
2020-08-31,1778710,15.5457,15.8635,15.5059,15.8635,0.3178,2.04,1.33,28143484,,,141.6324,3.7059,1.0655,20.9185,2070342815,,,,,,,
2020-09-01,2859881,16.1715,16.6582,15.6053,16.6185,0.755,4.76,2.17,46982429,,,148.3725,3.8823,1.1162,21.914,2168868835,,,,,,,
2020-09-02,3523314,16.6582,18.1184,16.4893,18.1184,1.4999,9.03,2.43,60376469,,,161.7642,4.2327,1.217,23.8919,2364624480,,,,,,,
2020-09-03,16585246,19.7177,19.7177,16.3105,16.3701,-1.7483,-9.65,12.76,312342106,,,146.1554,3.8243,1.0995,21.5865,2136458960,,,,,,,
2020-09-04,1272200,14.7311,14.7311,14.7311,14.7311,-1.639,-10.01,0.98,18866726,,,131.5221,3.4414,0.9894,19.4253,1922553785,,,,,,,
2020-09-07,12912239,13.4199,13.8669,13.261,13.4497,-1.2814,-8.7,9.92,175336041,,,120.0815,3.142,0.9034,17.7356,1755318830,,,,,,,
2020-09-08,4595802,13.1716,13.3305,12.9928,13.0127,-0.437,-3.25,3.4,60819694,,,116.1793,3.0399,0.874,17.1592,1698277450,,,,,,,
2020-09-09,2896763,13.0623,13.261,13.0226,13.1219,0.1092,0.84,2.2,38343590,,,117.1549,3.0655,0.8814,17.3033,1712537795,,,,,,,
2020-09-10,2430400,13.1517,13.1815,12.8239,12.8637,-0.2582,-1.97,1.86,31751546,,,114.849,3.0051,0.864,16.9627,1678831525,,,,,,,
2020-09-11,5225432,12.9133,13.7577,12.6451,13.5689,0.7052,5.48,4.01,69909999,,,121.1458,3.1699,0.9114,17.8927,1770875570,,,,,,,
2020-09-14,3794570,13.5491,14.5225,13.5391,14.3835,0.8146,6,2.9,54115737,,,128.4181,3.3602,0.9661,18.9668,1877179960,,,,,,,
2020-09-15,2478600,14.453,14.9,14.3338,14.4828,0.0993,0.69,1.9,36390525,,,129.3049,3.3834,0.9728,19.0978,1890143910,,,,,,,
2020-09-16,2044600,14.602,14.9,14.304,14.453,-0.0298,-0.21,1.55,29956082,,,129.0389,3.3764,0.9708,19.0585,1886254725,,,,,,,
2020-09-17,2099101,14.602,14.8801,14.602,14.6616,0.2086,1.44,1.59,31190155,,,130.9013,3.4251,0.9848,19.3336,1913479020,,,,,,,
2020-09-18,1981600,14.751,15.049,14.6417,14.8702,0.2086,1.42,1.51,29678484,,,132.7637,3.4739,0.9988,19.6087,1940703315,,,,,,,
2020-09-21,2321043,14.7907,15.0887,14.3636,14.4133,-0.4569,-3.07,1.78,34092538,,,128.6841,3.3671,0.9681,19.0061,1881069145,,,,,,,
2020-09-22,2619301,14.3735,14.3735,13.7676,13.8669,-0.5464,-3.79,2,37011759,,,123.8064,3.2395,0.9314,18.2857,1809767420,,,,,,,
2020-09-23,1914800,13.8371,13.9563,13.6484,13.708,-0.1589,-1.15,1.46,26532925,,,122.3874,3.2024,0.9207,18.0761,1789025100,,,,,,,
2020-09-24,1554900,13.7775,13.7775,13.1915,13.261,-0.447,-3.26,1.18,20989260,,,118.3965,3.0979,0.8907,17.4867,1730687325,,,,,,,
2020-09-25,1566700,13.2411,13.4597,13.0325,13.0921,-0.1689,-1.27,1.2,20751828,,,116.8888,3.0585,0.8794,17.264,1708648610,,,,,,,
2020-09-28,1898738,13.1219,13.4597,12.9431,13.1418,0.0497,0.38,1.46,25173186,,,117.3323,3.0701,0.8827,17.3295,1715130585,,,,,,,
2020-09-29,1784500,13.1517,13.5491,12.9431,13.4696,0.3278,2.49,1.37,23886905,,,120.2589,3.1467,0.9047,17.7617,1757911620,,,,,,,
2020-09-30,1471481,13.4497,13.6782,13.2809,13.6583,0.1887,1.4,1.12,20005674,,,413.311,3.0815,0.9782,19.1831,1782543125,,,,,,,
2020-10-09,1644501,13.6583,14.3934,13.5789,14.3835,0.7252,5.31,1.24,23103813,,,435.2541,3.2451,1.0301,20.2015,1877179960,,,,,,,
2020-10-12,2842077,14.3934,15.6251,14.3934,15.496,1.1125,7.73,2.16,43566458,,,468.9201,3.4961,1.1098,21.7641,2022376200,,,,,,,
2020-10-13,2758300,15.496,15.794,15.3172,15.4861,-0.0099,-0.06,2.11,43075394,,,468.6195,3.4939,1.1091,21.7501,2021079805,,,,,,,
2020-10-14,2036300,15.4861,15.6549,15.0589,15.1682,-0.3179,-2.05,1.55,31419983,,,459.0007,3.4221,1.0863,21.3037,1979595165,,,,,,,
2020-10-15,1560100,15.2377,15.3271,14.9596,15.0987,-0.0695,-0.46,1.19,23744652,,,456.8965,3.4065,1.0813,21.206,1970520400,,,,,,,
2020-10-16,2087006,15.0987,15.4563,14.7113,15.1781,0.0794,0.53,1.58,31883087,,,459.3012,3.4244,1.087,21.3176,1980891560,,,,,,,
2020-10-19,1796700,15.3967,15.6947,15.0788,15.6947,0.5166,3.4,1.32,27978834,,,474.9319,3.5409,1.124,22.0431,2048304100,,,,,,,
2020-10-20,3439940,15.6947,16.6284,15.496,16.5489,0.8542,5.44,2.64,56321000,,,500.7826,3.7337,1.1852,23.2429,2159794070,,,,,,,
2020-10-21,2385606,16.8767,17.0555,16.2112,16.6681,0.1192,0.72,1.81,39973681,,,504.3897,3.7605,1.1937,23.4103,2175350810,,,,,,,
2020-10-22,2093213,16.6681,17.0555,16.5787,16.9463,0.2782,1.67,1.59,35594811,,,512.8062,3.8233,1.2137,23.801,2211649870,,,,,,,
2020-10-23,1943900,17.0059,17.3535,16.837,17.1549,0.2086,1.23,1.49,33500433,,,519.1186,3.8704,1.2286,24.094,2238874165,,,,,,,
2020-10-26,2259200,16.9959,17.5025,16.9661,17.4429,0.288,1.68,1.73,39436089,,,527.8357,3.9354,1.2492,24.4986,2276469620,,,,,,,
2020-10-27,4474000,17.5721,18.4164,17.3734,18.3568,0.9139,5.24,3.39,81118883,,,555.49,4.1415,1.3147,25.7821,2395737960,,,,,,,
2020-10-28,2645862,18.3071,18.8733,18.2078,18.8137,0.4569,2.49,2,49672587,,,569.3171,4.2446,1.3474,26.4238,2455372130,,,,,,,
2020-10-29,8512145,18.6349,19.8468,16.9363,18.2277,-0.586,-3.11,6.35,154242815,,,551.5823,4.1124,1.3054,25.6007,2378884825,,,,,,,
2020-10-30,21887137,19.3799,19.9163,18.3171,19.7773,1.5496,8.5,16.84,425768087,,,598.4743,4.462,1.4164,27.7771,2581122445,,,,,,,
2020-11-02,15131257,19.7971,21.754,19.7971,21.754,1.9767,9.99,11.47,321159399,,,658.2917,4.908,1.558,30.5534,2839105050,,,,,,,
2020-11-03,14015519,21.7739,21.8533,21.1381,21.307,-0.447,-2.05,10.74,306198005,,,644.7652,4.8071,1.526,29.9256,2780767275,,,,,,,
2020-11-04,10267650,20.2541,20.2541,19.3799,19.3899,-1.9171,-9,7.87,204057026,,,586.7513,4.3746,1.3887,27.233,2530563040,,,,,,,
2020-11-05,19275218,17.5621,19.9561,17.4529,19.8965,0.5066,2.61,14.69,356408923,,,602.0814,4.4889,1.4249,27.9445,2596679185,,,,,,,
2020-11-06,17903482,19.9163,20.6117,19.7673,20.3633,0.4668,2.35,13.75,363635515,,,616.2091,4.5942,1.4584,28.6002,2657609750,,,,,,,
2020-11-09,5953488,20.3832,20.8103,20.1746,20.3236,-0.0397,-0.19,4.52,122474485,,,615.0068,4.5853,1.4555,28.5444,2652424170,,,,,,,
2020-11-10,7209349,20.5123,20.5123,19.2607,19.5289,-0.7947,-3.91,5.45,143966936,,,590.9596,4.406,1.3986,27.4283,2548712570,,,,,,,
2020-11-11,7725349,19.2607,19.6779,18.476,18.7144,-0.8145,-4.17,5.91,148541636,,,566.3112,4.2222,1.3403,26.2843,2442408180,,,,,,,
2020-11-12,5595365,18.5555,18.6647,17.6019,17.6813,-1.0331,-5.52,4.24,101903702,,,535.0499,3.9891,1.2663,24.8334,2307583100,,,,,,,
2020-11-13,3130666,17.7906,17.9992,17.1648,17.5125,-0.1688,-0.95,2.38,55001639,,,529.9399,3.951,1.2542,24.5962,2285544385,,,,,,,
2020-11-16,3788200,17.4727,17.5919,16.5787,16.6483,-0.8642,-4.93,2.88,64557434,,,503.7885,3.7561,1.1923,23.3824,2172758020,,,,,,,
2020-11-17,6300707,16.8767,16.8867,15.0987,15.5655,-1.0828,-6.5,4.82,100006303,,,471.0243,3.5118,1.1148,21.8618,2031450965,,,,,,,
2020-11-18,5458206,15.5655,15.6053,14.9298,15.0589,-0.5066,-3.25,4.15,83157657,,,455.6942,3.3975,1.0785,21.1502,1965334820,,,,,,,
2020-11-19,3113474,14.9,15.049,14.7311,14.9795,-0.0794,-0.53,2.33,46622282,,,453.2895,3.3796,1.0728,21.0386,1954963660,,,,,,,
2020-11-20,2923500,14.9993,14.9993,14.7013,14.7411,-0.2384,-1.59,2.2,43510338,,,446.0753,3.3258,1.0557,20.7038,1923850180,,,,,,,
2020-11-23,3549394,14.751,14.7609,14.4033,14.5821,-0.159,-1.08,2.7,51975257,,,441.2659,3.2899,1.0443,20.4806,1903107860,,,,,,,
2020-11-24,8187585,14.7808,15.8735,14.7808,15.8735,1.2914,8.86,6.22,126355859,,,480.3425,3.5813,1.1368,22.2942,2071639210,,,,,,,
2020-11-25,5027418,15.5556,15.8437,15.1185,15.1682,-0.7053,-4.44,3.84,77999846,,,459.0007,3.4221,1.0863,21.3037,1979595165,,,,,,,
2020-11-26,3016094,15.0589,15.0689,14.6318,14.7808,-0.3874,-2.55,2.29,44931599,,,447.2777,3.3347,1.0586,20.7596,1929035760,,,,,,,
2020-11-27,1707120,14.8007,14.8007,14.4331,14.6219,-0.1589,-1.08,1.28,25012552,,,442.4682,3.2989,1.0472,20.5364,1908293440,,,,,,,
2020-11-30,1729157,14.6517,14.751,14.453,14.5523,-0.0696,-0.48,1.32,25406148,,,440.3641,3.2832,1.0422,20.4387,1899218675,,,,,,,
2020-12-01,1893300,14.4828,14.7013,14.2345,14.6616,0.1093,0.75,1.38,27661294,,,443.6706,3.3078,1.05,20.5922,1913479020,,,,,,,
2020-12-02,1308527,14.6616,14.6815,14.5027,14.5523,-0.1093,-0.75,1,19179031,,,440.3641,3.2832,1.0422,20.4387,1899218675,,,,,,,
2020-12-03,1509100,14.5424,14.5424,14.2841,14.4331,-0.1192,-0.82,1.13,21867948,,,436.757,3.2563,1.0337,20.2713,1883661935,,,,,,,
2020-12-04,1471975,14.4431,14.7013,14.2841,14.5027,0.0696,0.48,1.12,21416968,,,438.8611,3.272,1.0387,20.369,1892736700,,,,,,,
2020-12-07,1274800,14.4927,14.5821,14.2345,14.2345,-0.2682,-1.85,0.95,18415882,,,430.7452,3.2115,1.0194,19.9923,1857734035,,,,,,,
2020-12-08,1428760,14.2841,14.3537,14.006,14.0259,-0.2086,-1.47,1.09,20238479,,,424.4328,3.1644,1.0045,19.6993,1830509740,,,,,,,
2020-12-09,1823700,14.0656,14.0954,13.6782,13.7179,-0.308,-2.2,1.39,25436784,,,415.1145,3.0949,0.9825,19.2668,1790321495,,,,,,,
2020-12-10,1527900,13.7477,14.0954,13.6385,13.9762,0.2583,1.88,1.17,21379157,,,422.9299,3.1532,1.001,19.6295,1824027765,,,,,,,
2020-12-11,1496700,14.0259,14.0457,13.4994,13.6087,-0.3675,-2.63,1.15,20633193,,,411.8081,3.0703,0.9746,19.1133,1776061150,,,,,,,
2020-12-14,1628242,13.5888,13.9067,13.3107,13.8669,0.2582,1.9,1.24,22361258,,,419.6234,3.1286,0.9931,19.4761,1809767420,,,,,,,
2020-12-15,743100,13.8471,13.8471,13.6683,13.6881,-0.1788,-1.29,0.56,10266017,,,414.2128,3.0882,0.9803,19.2249,1786432310,,,,,,,
2020-12-16,1691400,13.6782,13.6981,13.1021,13.1815,-0.5066,-3.7,1.28,22715779,,,398.8827,2.9739,0.944,18.5134,1720316165,,,,,,,
2020-12-17,2332500,13.1219,13.6087,12.7941,13.4597,0.2782,2.11,1.78,31075128,,,407.2992,3.0367,0.964,18.9041,1756615225,,,,,,,
2020-12-18,1907200,13.5292,13.9464,13.41,13.4895,0.0298,0.22,1.46,26236957,,,408.201,3.0434,0.9661,18.9459,1760504410,,,,,,,
2020-12-21,1669800,13.4398,13.7378,13.1915,13.6285,0.139,1.03,1.27,22724604,,,412.4092,3.0748,0.9761,19.1412,1778653940,,,,,,,
2020-12-22,1753200,13.5987,13.6087,13.0524,13.0723,-0.5562,-4.08,1.34,23427911,,,395.5762,2.9493,0.9362,18.36,1706055820,,,,,,,
2020-12-23,1257100,13.0226,13.3405,13.0027,13.1915,0.1192,0.91,0.96,16690404,,,399.1833,2.9762,0.9447,18.5274,1721612560,,,,,,,
2020-12-24,1553200,13.1716,13.1716,12.7643,12.8835,-0.308,-2.33,1.19,20192246,,,389.865,2.9067,0.9227,18.0949,1681424315,,,,,,,
2020-12-25,978700,12.8041,13.1219,12.7147,13.0127,0.1292,1,0.73,12795724,,,393.7727,2.9358,0.9319,18.2763,1698277450,,,,,,,
2020-12-28,1506733,13.0425,13.1319,12.6054,12.6253,-0.3874,-2.98,1.14,19357776,,,382.0497,2.8484,0.9042,17.7322,1647718045,,,,,,,
2020-12-29,984800,12.5458,12.7445,12.4763,12.5061,-0.1192,-0.94,0.75,12495785,,,378.4426,2.8215,0.8957,17.5647,1632161305,,,,,,,
2020-12-30,979200,12.5061,12.5756,12.4067,12.516,0.0099,0.08,0.74,12316149,,,378.7432,2.8238,0.8964,17.5787,1633457700,,,,,,,
2020-12-31,924693,12.5061,12.6551,12.4365,12.5955,0.0795,0.64,0.7,11684294,,,135.5207,2.843,0.9324,25.7094,1643828860,,,,,,,
2021-01-04,1100800,12.5657,12.8637,12.5557,12.814,0.2185,1.73,0.83,14127980,,,137.872,2.8923,0.9486,26.1554,1672349550,,,,,,,
2021-01-05,1089900,12.7147,12.7743,12.5259,12.5855,-0.2285,-1.78,0.84,13844352,,,135.4138,2.8408,0.9316,25.6891,1642532465,,,,,,,
2021-01-06,1889913,12.6749,12.7246,12.1385,12.1683,-0.4172,-3.31,1.43,23520788,,,130.925,2.7466,0.9008,24.8375,1588083875,,,,,,,
2021-01-07,1686712,12.1286,12.1683,11.5227,11.6518,-0.5165,-4.24,1.29,19958986,,,125.3673,2.63,0.8625,23.7832,1520671335,,,,,,,
2021-01-08,1385022,11.6121,11.9697,11.2942,11.8207,0.1689,1.45,1.06,16327715,,,127.1843,2.6681,0.875,24.1279,1542710050,,,,,,,
2021-01-11,1385400,11.7611,11.8405,11.2048,11.3041,-0.5166,-4.37,1.06,15882861,,,121.6266,2.5515,0.8368,23.0735,1475297510,,,,,,,
2021-01-12,1009088,11.2545,11.4233,11.1253,11.3041,0,0,0.77,11468827,,,121.6266,2.5515,0.8368,23.0735,1475297510,,,,,,,
2021-01-13,1562988,11.3041,11.3041,10.8373,10.9465,-0.3576,-3.16,1.2,17326177,,,117.779,2.4708,0.8103,22.3436,1428627290,,,,,,,
2021-01-14,1384393,10.8969,11.0459,10.6684,10.9565,0.01,0.09,1.06,15104304,,,117.8859,2.4731,0.8111,22.3639,1429923685,,,,,,,
2021-01-15,1258014,10.9565,11.2644,10.8869,11.2346,0.2781,2.54,0.97,14092027,,,120.8785,2.5358,0.8316,22.9316,1466222745,,,,,,,
2021-01-18,1148000,11.2247,11.6121,11.1154,11.5624,0.3278,2.92,0.87,13258894,,,124.4054,2.6098,0.8559,23.6007,1509003780,,,,,,,
2021-01-19,1034727,11.5624,11.8505,11.5624,11.7015,0.1391,1.2,0.78,12193808,,,125.9017,2.6412,0.8662,23.8846,1527153310,,,,,,,
2021-01-20,986427,11.5823,11.771,11.4829,11.5425,-0.159,-1.36,0.76,11512751,,,124.1917,2.6053,0.8544,23.5602,1506410990,,,,,,,
2021-01-21,1865100,11.4929,12.3968,11.4929,11.9001,0.3576,3.1,1.43,22382823,,,128.0393,2.6861,0.8809,24.2901,1553081210,,,,,,,
2021-01-22,932700,11.7213,11.92,11.622,11.7213,-0.1788,-1.5,0.7,10982687,,,126.1155,2.6457,0.8677,23.9251,1529746100,,,,,,,
2021-01-25,1087400,11.5525,11.7114,11.2048,11.2942,-0.4271,-3.64,0.83,12379239,,,121.5197,2.5493,0.8361,23.0533,1474001115,,,,,,,
2021-01-26,1589693,11.0856,11.6121,11.0856,11.4432,0.149,1.32,1.19,18377974,,,123.1229,2.5829,0.8471,23.3574,1493447040,,,,,,,
2021-01-27,1022400,11.3141,11.9697,11.3141,11.6717,0.2285,2,0.77,12027529,,,125.5811,2.6345,0.864,23.8237,1523264125,,,,,,,
2021-01-28,1106200,11.4829,11.9498,11.473,11.7213,0.0496,0.42,0.84,13055026,,,126.1155,2.6457,0.8677,23.9251,1529746100,,,,,,,
2021-01-29,1138900,11.6319,11.9001,11.6021,11.8505,0.1292,1.1,0.84,13454638,,,127.5049,2.6748,0.8772,24.1887,1546599235,,,,,,,
2021-02-01,1050200,11.7213,11.8902,11.5028,11.6419,-0.2086,-1.76,0.79,12296645,,,125.2605,2.6278,0.8618,23.7629,1519374940,,,,,,,
2021-02-02,970500,11.5127,11.8703,11.5127,11.8703,0.2284,1.96,0.69,11513289,,,127.7186,2.6793,0.8787,24.2293,1549192025,,,,,,,
2021-02-03,1524100,11.8008,12.2081,11.6717,12.069,0.1987,1.67,1.14,18367704,,,129.8562,2.7242,0.8934,24.6348,1575119925,,,,,,,
2021-02-04,2249800,12.1187,12.5061,11.8008,11.8803,-0.1887,-1.56,1.73,27473184,,,127.8255,2.6816,0.8794,24.2495,1550488420,,,,,,,
2021-02-05,2663600,11.7511,13.0723,11.7313,13.0723,1.192,10.03,2.05,34393771,,,140.6508,2.9506,0.9677,26.6826,1706055820,,,,,,,
2021-02-08,8138398,13.9265,14.3835,12.4266,13.3107,0.2384,1.82,6.18,111024865,,,143.2159,3.0044,0.9853,27.1692,1737169300,,,,,,,
2021-02-09,6164000,12.6551,12.7147,11.9796,12.1981,-1.1126,-8.36,4.65,75484380,,,131.2456,2.7533,0.903,24.8983,1591973060,,,,,,,
2021-02-10,3423798,11.7511,11.9895,11.4631,11.5525,-0.6456,-5.29,2.64,40103571,,,124.2986,2.6076,0.8552,23.5804,1507707385,,,,,,,
2021-02-18,2641310,11.8207,12.1882,11.7611,11.9001,0.3476,3.01,2.04,31665184,,,128.0393,2.6861,0.8809,24.2901,1553081210,,,,,,,
2021-02-19,3856996,11.8207,12.2975,11.6419,12.2677,0.3676,3.09,2.94,46099703,,,131.9937,2.769,0.9081,25.0403,1601047825,,,,,,,
2021-02-22,4859120,12.1981,13.0226,12.1981,12.8736,0.6059,4.94,3.75,62152104,,,138.5133,2.9058,0.953,26.2771,1680127920,,,,,,,
2021-02-23,3613300,13.1915,13.1915,12.3968,12.5458,-0.3278,-2.55,2.75,46150735,,,134.9863,2.8318,0.9287,25.608,1637346885,,,,,,,
2021-02-24,3160276,12.4961,12.9928,12.4961,12.8835,0.3377,2.69,2.44,40647547,,,138.6201,2.908,0.9537,26.2974,1681424315,,,,,,,
2021-02-25,2242710,12.9133,13.0822,12.6352,12.7047,-0.1788,-1.39,1.71,28725196,,,136.6963,2.8677,0.9405,25.9324,1658089205,,,,,,,
2021-02-26,1276600,12.5259,12.6948,12.367,12.5359,-0.1688,-1.33,0.98,16151401,,,134.8794,2.8295,0.928,25.5877,1636050490,,,,,,,
2021-03-01,1466500,12.5359,12.8239,12.4266,12.7941,0.2582,2.06,1.11,18773298,,,137.6582,2.8878,0.9471,26.1149,1669756760,,,,,,,
2021-03-02,1617900,12.7941,12.9034,12.4365,12.4564,-0.3377,-2.64,1.22,20463322,,,134.0244,2.8116,0.9221,25.4255,1625679330,,,,,,,
2021-03-03,1362400,12.3571,12.6153,12.3173,12.5557,0.0993,0.8,1.04,17181041,,,135.0932,2.834,0.9294,25.6283,1638643280,,,,,,,
2021-03-04,1716800,12.5359,12.7941,12.4763,12.5557,0,0,1.32,21827607,,,135.0932,2.834,0.9294,25.6283,1638643280,,,,,,,
2021-03-05,2798852,12.6253,12.9729,12.6253,12.9034,0.3477,2.77,2.16,36166707,,,138.8339,2.9125,0.9552,26.3379,1684017105,,,,,,,
2021-03-08,2246300,13.0623,13.1219,12.7147,12.7147,-0.1887,-1.46,1.73,29135797,,,136.8032,2.8699,0.9412,25.9527,1659385600,,,,,,,
2021-03-09,2151243,12.5657,12.6849,11.8008,12.1683,-0.5464,-4.3,1.66,26461429,,,130.925,2.7466,0.9008,24.8375,1588083875,,,,,,,
2021-03-10,1417100,12.2081,12.3471,11.622,11.8405,-0.3278,-2.69,1.09,16992986,,,127.398,2.6726,0.8765,24.1684,1545302840,,,,,,,
2021-03-11,1005400,11.8803,11.9597,11.5227,11.9597,0.1192,1.01,0.78,11984480,,,128.6805,2.6995,0.8853,24.4117,1560859580,,,,,,,
2021-03-12,934700,11.9697,12.069,11.8703,12.0193,0.0596,0.5,0.72,11250595,,,129.3218,2.713,0.8897,24.5334,1568637950,,,,,,,
2021-03-15,1028500,12.0193,12.1683,11.8803,12.0193,0,0,0.79,12459895,,,129.3218,2.713,0.8897,24.5334,1568637950,,,,,,,
2021-03-16,1037401,12.069,12.1683,11.8902,12.1485,0.1292,1.07,0.8,12576561,,,130.7112,2.7421,0.8993,24.797,1585491085,,,,,,,
2021-03-17,652611,12.1385,12.1385,11.9498,12.069,-0.0795,-0.65,0.5,7919394,,,129.8562,2.7242,0.8934,24.6348,1575119925,,,,,,,
2021-03-18,877200,12.069,12.0988,11.8902,11.9399,-0.1291,-1.07,0.68,10577459,,,128.4668,2.695,0.8838,24.3712,1558266790,,,,,,,
2021-03-19,831000,11.8505,11.9995,11.7511,11.8604,-0.0795,-0.67,0.64,9930043,,,127.6118,2.6771,0.878,24.209,1547895630,,,,,,,
2021-03-22,724300,11.8207,12.0094,11.8207,12.0094,0.149,1.26,0.56,8696283,,,129.2149,2.7107,0.889,24.5131,1567341555,,,,,,,
2021-03-23,860200,11.9995,12.0491,11.7809,11.8207,-0.1887,-1.57,0.66,10273072,,,127.1843,2.6681,0.875,24.1279,1542710050,,,,,,,
2021-03-24,692100,11.7511,11.8604,11.6617,11.7114,-0.1093,-0.92,0.53,8172805,,,126.0086,2.6435,0.8669,23.9048,1528449705,,,,,,,
2021-03-25,572042,11.6816,11.8107,11.6319,11.6717,-0.0397,-0.34,0.44,6744142,,,125.5811,2.6345,0.864,23.8237,1523264125,,,,,,,
2021-03-26,536000,11.7114,11.7909,11.5922,11.7909,0.1192,1.02,0.4,6318415,,,126.8636,2.6614,0.8728,24.067,1538820865,,,,,,,
2021-03-29,655800,11.8008,11.9299,11.7412,11.8207,0.0298,0.25,0.51,7799699,,,127.1843,2.6681,0.875,24.1279,1542710050,,,,,,,
2021-03-30,849800,11.8306,11.8902,11.7611,11.8803,0.0596,0.5,0.66,10114908,,,127.8255,2.6816,0.8794,24.2495,1550488420,,,,,,,
2021-03-31,704900,11.8803,11.9895,11.7213,11.9697,0.0894,0.75,0.54,8428463,,,45.4229,2.7009,0.8854,12.2054,1562155975,,,,,,,
2021-04-01,1211500,11.92,12.2975,11.8703,12.1286,0.1589,1.33,0.93,14763275,,,46.026,2.7367,0.8972,12.3674,1582898295,,,,,,,
2021-04-02,721510,12.1187,12.1981,11.9597,12.1286,0,0,0.56,8773795,,,46.026,2.7367,0.8972,12.3674,1582898295,,,,,,,
2021-04-06,626200,12.069,12.218,12.0491,12.1683,0.0397,0.33,0.48,7642107,,,46.1768,2.7457,0.9001,12.4079,1588083875,,,,,,,
2021-04-07,670800,12.218,12.2677,12.0889,12.1882,0.0199,0.16,0.52,8218118,,,46.2522,2.7502,0.9016,12.4282,1590676665,,,,,,,
2021-04-08,617300,12.1882,12.218,12.1286,12.1584,-0.0298,-0.24,0.47,7568353,,,46.1391,2.7435,0.8994,12.3978,1586787480,,,,,,,
2021-04-09,513300,12.0988,12.2577,12.0988,12.2081,0.0497,0.41,0.38,6303520,,,46.3276,2.7547,0.9031,12.4485,1593269455,,,,,,,
2021-04-12,596600,12.2081,12.2379,12.0789,12.0789,-0.1292,-1.06,0.46,7290462,,,45.8375,2.7255,0.8935,12.3168,1576416320,,,,,,,
2021-04-13,1373110,11.9796,11.9796,11.5227,11.622,-0.4569,-3.78,1.04,16129218,,,44.1035,2.6224,0.8597,11.8508,1516782150,,,,,,,
2021-04-14,614300,11.622,11.7412,11.5028,11.7114,0.0894,0.77,0.46,7186419,,,44.4428,2.6426,0.8663,11.942,1528449705,,,,,,,
2021-04-15,593370,11.7213,11.8505,11.7213,11.8107,0.0993,0.85,0.45,7036311,,,44.8197,2.665,0.8737,12.0433,1541413655,,,,,,,
2021-04-16,578300,11.771,12.1087,11.771,12.069,0.2583,2.19,0.43,6989116,,,45.7998,2.7233,0.8928,12.3066,1575119925,,,,,,,
2021-04-19,732958,12.1087,12.1981,11.9697,12.1783,0.1093,0.91,0.56,8965079,,,46.2145,2.748,0.9009,12.4181,1589380270,,,,,,,
2021-04-20,712400,12.1584,12.218,12.0392,12.0491,-0.1292,-1.06,0.54,8707318,,,45.7244,2.7188,0.8913,12.2864,1572527135,,,,,,,
2021-04-21,507418,12.0491,12.0789,11.8207,11.9995,-0.0496,-0.41,0.38,6120458,,,45.536,2.7076,0.8876,12.2357,1566045160,,,,,,,
2021-04-22,533601,12.0293,12.0889,11.9299,11.9498,-0.0497,-0.41,0.4,6437423,,,45.3475,2.6964,0.884,12.1851,1559563185,,,,,,,
2021-04-23,535814,11.9498,11.9498,11.6915,11.7412,-0.2086,-1.75,0.41,6345161,,,44.5559,2.6493,0.8685,11.9724,1532338890,,,,,,,
2021-04-26,440008,11.771,11.8604,11.7213,11.7313,-0.0099,-0.08,0.34,5219171,,,44.5182,2.6471,0.8678,11.9623,1531042495,,,,,,,
2021-04-27,771700,11.7313,11.7809,11.4134,11.5922,-0.1391,-1.19,0.59,8969490,,,43.9905,2.6157,0.8575,11.8205,1512892965,,,,,,,
2021-04-28,454600,11.5227,11.6021,11.4134,11.5127,-0.0795,-0.69,0.35,5267585,,,43.6889,2.5978,0.8516,11.7394,1502521805,,,,,,,
2021-04-29,708300,11.6617,11.8405,11.5127,11.7611,0.2484,2.16,0.54,8347238,,,44.6313,2.6538,0.87,11.9927,1534931680,,,,,,,
2021-04-30,589212,11.7909,11.7909,11.473,11.5326,-0.2285,-1.94,0.45,6867721,,,43.7643,2.6023,0.8531,11.7597,1505114595,,,,,,,
2021-05-06,426900,11.5326,11.6915,11.4233,11.6518,0.1192,1.03,0.31,4997604,,,44.2166,2.6292,0.8619,11.8812,1520671335,,,,,,,
2021-05-07,925200,11.6518,12.0491,11.622,11.8207,0.1689,1.45,0.7,11053819,,,44.8574,2.6673,0.8744,12.0534,1542710050,,,,,,,
2021-05-10,864700,11.8207,12.0193,11.7313,11.92,0.0993,0.84,0.65,10333564,,,45.2344,2.6897,0.8818,12.1547,1555674000,,,,,,,
2021-05-11,531700,11.8604,11.8703,11.7213,11.8107,-0.1093,-0.92,0.4,6321739,,,44.8197,2.665,0.8737,12.0433,1541413655,,,,,,,
2021-05-12,519900,11.7809,11.9498,11.771,11.92,0.1093,0.93,0.39,6227899,,,45.2344,2.6897,0.8818,12.1547,1555674000,,,,,,,
2021-05-13,634209,11.92,11.9796,11.8405,11.8803,-0.0397,-0.33,0.49,7604923,,,45.0836,2.6807,0.8788,12.1142,1550488420,,,,,,,
2021-05-14,708200,11.9101,12.0094,11.8803,11.9895,0.1092,0.92,0.54,8516123,,,45.4983,2.7054,0.8869,12.2256,1564748765,,,,,,,
2021-05-17,762000,12.0193,12.0193,11.6915,11.7015,-0.288,-2.4,0.58,9040710,,,44.4051,2.6404,0.8656,11.9319,1527153310,,,,,,,
2021-05-18,838700,11.6419,11.9796,11.5922,11.9498,0.2483,2.12,0.62,9990773,,,45.3475,2.6964,0.884,12.1851,1559563185,,,,,,,
2021-05-19,594600,11.9399,11.9399,11.7412,11.7611,-0.1887,-1.58,0.46,7053613,,,44.6313,2.6538,0.87,11.9927,1534931680,,,,,,,
2021-05-20,429000,11.7611,11.7611,11.6717,11.6915,-0.0696,-0.59,0.33,5058648,,,44.3674,2.6381,0.8649,11.9218,1525856915,,,,,,,
2021-05-21,360610,11.7213,11.7511,11.6518,11.7313,0.0398,0.34,0.27,4249418,,,44.5182,2.6471,0.8678,11.9623,1531042495,,,,,,,
2021-05-24,333575,11.771,11.8207,11.7114,11.7909,0.0596,0.51,0.24,3949713,,,44.7444,2.6605,0.8722,12.023,1538820865,,,,,,,
2021-05-25,484500,11.8107,11.8207,11.7611,11.7809,-0.01,-0.08,0.36,5745352,,,44.7067,2.6583,0.8715,12.0129,1537524470,,,,,,,
2021-05-26,531900,11.7809,11.8703,11.771,11.8505,0.0696,0.59,0.4,6333690,,,44.9705,2.674,0.8766,12.0838,1546599235,,,,,,,
2021-05-27,697700,11.8306,11.92,11.8008,11.8803,0.0298,0.25,0.54,8346350,,,45.0836,2.6807,0.8788,12.1142,1550488420,,,,,,,
2021-05-28,523600,11.8902,11.9498,11.771,11.8107,-0.0696,-0.59,0.4,6238454,,,44.8197,2.665,0.8737,12.0433,1541413655,,,,,,,
2021-05-31,430900,11.8967,11.8967,11.777,11.8269,0.0162,0.14,0.33,5110571,,,44.7067,2.686,0.8715,12.0129,1537524470,,,,,,,
2021-06-01,928420,11.8369,11.9366,11.7371,11.9366,0.1097,0.93,0.69,11033409,,,45.1213,2.7109,0.8796,12.1243,1551784815,,,,,,,
2021-06-02,555301,11.9565,11.9765,11.8568,11.9266,-0.01,-0.08,0.42,6635054,,,45.0836,2.7086,0.8788,12.1142,1550488420,,,,,,,
2021-06-03,821911,11.9366,12.0463,11.8967,11.9864,0.0598,0.5,0.63,9883793,,,45.3098,2.7222,0.8832,12.175,1558266790,,,,,,,
2021-06-04,524000,11.9665,11.9765,11.8468,11.8668,-0.1196,-1,0.4,6259353,,,44.8574,2.6951,0.8744,12.0534,1542710050,,,,,,,
2021-06-07,1311411,11.8867,12.1759,11.797,12.126,0.2592,2.18,1,15886587,,,45.8375,2.7539,0.8935,12.3168,1576416320,,,,,,,
2021-06-08,1925910,12.1161,12.495,12.0562,12.2956,0.1696,1.4,1.48,23753345,,,46.4783,2.7924,0.906,12.489,1598455035,,,,,,,
2021-06-09,1464700,12.2457,12.5548,12.1659,12.4452,0.1496,1.22,1.1,18188890,,,47.0438,2.8264,0.917,12.6409,1617900960,,,,,,,
2021-06-10,990500,12.3554,12.3753,12.2058,12.2956,-0.1496,-1.2,0.74,12186074,,,46.4783,2.7924,0.906,12.489,1598455035,,,,,,,
2021-06-11,1255800,12.2856,12.4651,11.8568,12.2058,-0.0898,-0.73,0.96,15459946,,,46.1391,2.7721,0.8994,12.3978,1586787480,,,,,,,
2021-06-15,827800,12.2058,12.2557,11.9465,11.9665,-0.2393,-1.96,0.63,9997608,,,45.2344,2.7177,0.8818,12.1547,1555674000,,,,,,,
2021-06-16,1099900,11.9765,12.2856,11.9765,12.1659,0.1994,1.67,0.83,13398746,,,45.9883,2.763,0.8965,12.3573,1581601900,,,,,,,
2021-06-17,1371401,12.0862,12.2856,11.8767,11.9366,-0.2293,-1.88,1.05,16531020,,,45.1213,2.7109,0.8796,12.1243,1551784815,,,,,,,
2021-06-18,969101,11.9665,11.9665,11.6873,11.8169,-0.1197,-1,0.74,11452788,,,44.669,2.6837,0.8707,12.0028,1536228075,,,,,,,
2021-06-21,629910,11.777,11.9665,11.7671,11.9166,0.0997,0.84,0.48,7502818,,,45.0459,2.7064,0.8781,12.1041,1549192025,,,,,,,
2021-06-22,914110,11.9166,12.1759,11.9166,12.1161,0.1995,1.67,0.69,11070468,,,45.7998,2.7517,0.8928,12.3066,1575119925,,,,,,,
2021-06-23,626708,12.1659,12.1859,12.0463,12.0862,-0.0299,-0.25,0.48,7608625,,,45.6867,2.7449,0.8906,12.2763,1571230740,,,,,,,
2021-06-24,707115,12.0562,12.1859,12.0363,12.1061,0.0199,0.16,0.53,8603966,,,45.7621,2.7494,0.8921,12.2965,1573823530,,,,,,,
2021-06-25,957400,12.0463,12.2158,11.9864,12.1759,0.0698,0.58,0.73,11626691,,,46.026,2.7653,0.8972,12.3674,1582898295,,,,,,,
2021-06-28,832507,12.1859,12.2657,12.0662,12.2258,0.0499,0.41,0.62,10155290,,,46.2145,2.7766,0.9009,12.4181,1589380270,,,,,,,
2021-06-29,799718,12.2258,12.2457,11.9166,11.9166,-0.3092,-2.53,0.61,9636840,,,45.0459,2.7064,0.8781,12.1041,1549192025,,,,,,,
2021-06-30,499988,11.9665,12.0562,11.8169,11.9565,0.0399,0.33,0.37,5974481,,,77.7742,2.6724,0.822,12.1446,1554377605,,,,,,,
2021-07-01,663565,11.9366,12.0164,11.7671,11.7671,-0.1894,-1.58,0.49,7891180,,,76.5418,2.6301,0.809,11.9521,1529746100,,,,,,,
2021-07-02,613901,11.8468,11.8468,11.6873,11.7671,0,0,0.46,7239961,,,76.5418,2.6301,0.809,11.9521,1529746100,,,,,,,
2021-07-05,612901,11.7671,11.9266,11.7172,11.9266,0.1595,1.36,0.46,7297906,,,77.5796,2.6658,0.8199,12.1142,1550488420,,,,,,,
2021-07-06,411901,11.9864,11.9864,11.8269,11.9366,0.01,0.08,0.31,4914605,,,77.6445,2.668,0.8206,12.1243,1551784815,,,,,,,
2021-07-07,435490,11.8668,11.9366,11.797,11.9067,-0.0299,-0.25,0.33,5188204,,,77.4499,2.6613,0.8186,12.0939,1547895630,,,,,,,
2021-07-08,1321901,11.9067,12.2058,11.8568,12.1161,0.2094,1.76,1.01,15998268,,,78.8121,2.7081,0.833,12.3066,1575119925,,,,,,,
2021-07-09,725900,12.1959,12.2158,12.0463,12.126,0.0099,0.08,0.55,8819801,,,78.8769,2.7103,0.8337,12.3168,1576416320,,,,,,,
2021-07-12,1181856,12.126,12.2457,12.0463,12.0961,-0.0299,-0.25,0.9,14365195,,,78.6823,2.7036,0.8316,12.2864,1572527135,,,,,,,
2021-07-13,718500,12.0562,12.156,12.0263,12.146,0.0499,0.41,0.55,8719529,,,79.0067,2.7148,0.835,12.337,1579009110,,,,,,,
2021-07-14,581688,12.1659,12.1859,12.0662,12.1161,-0.0299,-0.25,0.44,7064064,,,78.8121,2.7081,0.833,12.3066,1575119925,,,,,,,
2021-07-15,643890,12.126,12.146,11.8369,11.9266,-0.1895,-1.56,0.49,7706509,,,77.5796,2.6658,0.8199,12.1142,1550488420,,,,,,,
2021-07-16,385000,11.9266,12.0263,11.6873,11.9067,-0.0199,-0.17,0.29,4598246,,,77.4499,2.6613,0.8186,12.0939,1547895630,,,,,,,
2021-07-19,446801,11.9565,11.9565,11.7671,11.8169,-0.0898,-0.75,0.34,5293322,,,76.8661,2.6412,0.8124,12.0028,1536228075,,,,,,,
2021-07-20,716471,11.797,11.797,11.5576,11.6673,-0.1496,-1.27,0.55,8357631,,,75.8931,2.6078,0.8021,11.8508,1516782150,,,,,,,
2021-07-21,514800,11.6773,11.787,11.6574,11.787,0.1197,1.03,0.39,6057311,,,76.6715,2.6346,0.8104,11.9724,1532338890,,,,,,,
2021-07-22,494655,11.8468,11.8468,11.7172,11.7671,-0.0199,-0.17,0.38,5844640,,,76.5418,2.6301,0.809,11.9521,1529746100,,,,,,,
2021-07-23,882600,11.7371,11.777,11.5377,11.5876,-0.1795,-1.53,0.68,10282282,,,75.3742,2.59,0.7966,11.7698,1506410990,,,,,,,
2021-07-26,1208100,11.5876,11.8369,11.418,11.5776,-0.01,-0.09,0.93,14124114,,,75.3093,2.5877,0.796,11.7597,1505114595,,,,,,,
2021-07-27,798000,11.6274,11.6972,11.438,11.4978,-0.0798,-0.69,0.61,9274989,,,74.7904,2.5699,0.7905,11.6787,1494743435,,,,,,,
2021-07-28,904400,11.5377,11.6474,11.0491,11.3682,-0.1296,-1.13,0.69,10299063,,,73.9471,2.5409,0.7816,11.547,1477890300,,,,,,,
2021-07-29,576600,11.4081,11.4779,11.2186,11.3083,-0.0599,-0.53,0.43,6549158,,,73.5579,2.5276,0.7774,11.4862,1470111930,,,,,,,
2021-07-30,550499,11.3183,11.418,11.2186,11.3682,0.0599,0.53,0.39,6237297,,,73.9471,2.5409,0.7816,11.547,1477890300,,,,,,,
2021-08-02,1307516,11.3682,11.4579,11.079,11.4081,0.0399,0.35,1,14759617,,,74.2066,2.5499,0.7843,11.5875,1483075880,,,,,,,
2021-08-03,555016,11.3582,11.4479,11.2485,11.3183,-0.0898,-0.79,0.41,6323946,,,73.6228,2.5298,0.7781,11.4963,1471408325,,,,,,,
2021-08-04,724700,11.3083,11.3981,11.2086,11.2884,-0.0299,-0.26,0.55,8193932,,,73.4282,2.5231,0.7761,11.4659,1467519140,,,,,,,
2021-08-05,435500,11.3183,11.3183,11.1986,11.2286,-0.0598,-0.53,0.34,4915391,,,73.039,2.5097,0.772,11.4052,1459740770,,,,,,,
2021-08-06,486700,11.2286,11.3183,11.1687,11.2585,0.0299,0.27,0.37,5479795,,,73.2336,2.5164,0.774,25.7864,1463629955,,,,,,,
2021-08-09,621456,11.2286,11.4679,11.1787,11.3981,0.1396,1.24,0.47,7075952,,,74.1417,2.5476,0.7836,26.1061,1481779485,,,,,,,
2021-08-10,836700,11.418,11.6274,11.3482,11.5676,0.1695,1.49,0.63,9676979,,,75.2444,2.5855,0.7953,26.4944,1503818200,,,,,,,
2021-08-11,505216,11.5676,11.6374,11.4978,11.5576,-0.01,-0.09,0.39,5860387,,,75.1796,2.5833,0.7946,26.4716,1502521805,,,,,,,
2021-08-12,873530,11.4878,11.7671,11.4779,11.7471,0.1895,1.64,0.66,10220980,,,76.412,2.6256,0.8076,11.9319,1527153310,,,,,,,
2021-08-13,759086,11.7671,11.787,11.6075,11.7371,-0.01,-0.09,0.58,8924681,,,76.3472,2.6234,0.8069,11.9218,1525856915,,,,,,,
2021-08-16,472542,11.7172,11.7671,11.6673,11.7172,-0.0199,-0.17,0.36,5554123,,,76.2174,2.6189,0.8056,11.9015,1523264125,,,,,,,
2021-08-17,838900,11.6773,11.8169,11.3682,11.5078,-0.2094,-1.79,0.64,9780242,,,74.8552,2.5721,0.7912,11.6888,1496039830,,,,,,,
2021-08-18,568211,11.4779,11.7172,11.4479,11.6972,0.1894,1.65,0.43,6615803,,,76.0877,2.6145,0.8042,11.8812,1520671335,,,,,,,
2021-08-19,677400,11.7272,11.7571,11.3881,11.5676,-0.1296,-1.11,0.52,7841557,,,75.2444,2.5855,0.7953,11.7496,1503818200,,,,,,,
2021-08-20,755248,11.5477,11.5576,11.2784,11.4479,-0.1197,-1.03,0.58,8606574,,,74.466,2.5588,0.787,11.628,1488261460,,,,,,,
2021-08-23,1134300,11.428,11.8468,11.428,11.7571,0.3092,2.7,0.87,13353115,,,76.4769,2.6279,0.8083,11.942,1528449705,,,,,,,
2021-08-24,768110,11.7571,11.9067,11.6873,11.8169,0.0598,0.51,0.59,9098380,,,76.8661,2.6412,0.8124,12.0028,1536228075,,,,,,,
2021-08-25,3765307,12.1659,12.8241,12.0463,12.2657,0.4488,3.8,2.89,46536510,,,79.785,2.7415,0.8433,12.4586,1594565850,,,,,,,
2021-08-26,4455759,12.6147,12.9438,12.3554,12.4252,0.1595,1.3,3.4,56317895,,,80.8229,2.7772,0.8542,28.4587,1615308170,,,,,,,
2021-08-27,3029953,12.2258,12.7443,12.0463,12.1859,-0.2393,-1.93,2.33,37226177,,,79.2661,2.7237,0.8378,27.9105,1584194690,,,,,,,
2021-08-30,2886019,12.2158,12.5947,12.2158,12.3454,0.1595,1.31,2.21,35898601,,,80.304,2.7594,0.8487,28.2759,1604937010,,,,,,,
2021-08-31,1778237,12.3454,12.3753,12.0562,12.3355,-0.0099,-0.08,1.36,21826296,,,80.2391,2.7571,0.8481,28.2531,1603640615,,,,,,,
2021-09-01,2003327,12.3355,12.495,12.136,12.2557,-0.0798,-0.65,1.54,24766832,,,79.7202,2.7393,0.8426,28.0704,1593269455,,,,,,,
2021-09-02,1472310,12.2557,12.3155,12.1161,12.2158,-0.0399,-0.33,1.13,18059508,,,79.4607,2.7304,0.8398,27.979,1588083875,,,,,,,
2021-09-03,2177692,12.2357,12.6845,12.2258,12.4651,0.2493,2.04,1.66,27127609,,,81.0824,2.7861,0.857,28.55,1620493750,,,,,,,
2021-09-06,1814702,12.4152,12.6147,12.2856,12.5249,0.0598,0.48,1.37,22665283,,,81.4716,2.7995,0.8611,28.6871,1628272120,,,,,,,
2021-09-07,1904385,12.4352,12.7144,12.4352,12.7144,0.1895,1.51,1.41,24036173,,,82.704,2.8418,0.8741,29.121,1652903625,,,,,,,
2021-09-08,1906943,12.6845,12.8141,12.6247,12.7643,0.0499,0.39,1.44,24281267,,,83.0283,2.853,0.8775,29.2352,1659385600,,,,,,,
2021-09-09,2930275,12.7643,13.223,12.6945,13.0136,0.2493,1.95,2.25,38212756,,,84.65,2.9087,0.8947,29.8062,1691795475,,,,,,,
2021-09-10,2167976,12.9637,13.0136,12.5648,12.6147,-0.3989,-3.07,1.64,27741273,,,82.0554,2.8195,0.8673,28.8926,1639939675,,,,,,,
2021-09-13,3123330,12.5848,13.2629,12.5848,13.2529,0.6382,5.06,2.34,40835500,,,86.2068,2.9622,0.9111,30.3544,1722908955,,,,,,,
2021-09-14,3657097,13.4025,13.6917,12.9637,13.0235,-0.2294,-1.73,2.8,48657207,,,84.7149,2.9109,0.8954,29.8291,1693091870,,,,,,,
2021-09-15,2880708,13.0136,13.3825,12.8041,13.3626,0.3391,2.6,2.18,38236343,,,86.9203,2.9867,0.9187,30.6056,1737169300,,,,,,,
2021-09-16,2714000,13.6119,13.6219,13.1233,13.1532,-0.2094,-1.57,2.08,36438982,,,85.5581,2.9399,0.9043,30.126,1709945005,,,,,,,
2021-09-17,2270998,13.1432,13.5022,12.844,13.1731,0.0199,0.15,1.74,30078662,,,85.6878,2.9444,0.9056,30.1717,1712537795,,,,,,,
2021-09-22,1759946,13.1133,13.1731,12.844,13.1233,-0.0498,-0.38,1.34,23033052,,,85.3635,2.9332,0.9022,30.0575,1706055820,,,,,,,
2021-09-23,1705119,13.1432,13.5221,12.864,12.9438,-0.1795,-1.37,1.3,22398736,,,84.1959,2.8931,0.8899,29.6463,1682720710,,,,,,,
2021-09-24,2157900,12.9637,13.0535,12.3554,12.3753,-0.5685,-4.39,1.65,27332547,,,80.4986,2.7661,0.8508,28.3445,1608826195,,,,,,,
2021-09-27,1941500,12.505,12.5648,11.777,11.8668,-0.5085,-4.11,1.48,23409039,,,77.1904,2.6524,0.8158,27.1796,1542710050,,,,,,,
2021-09-28,1818501,11.9665,12.4252,11.7671,12.3255,0.4587,3.87,1.4,22031773,,,80.1742,2.7549,0.8474,28.2303,1602344220,,,,,,,
2021-09-29,1903822,12.1161,12.4053,11.7671,11.8269,-0.4986,-4.05,1.46,22930188,,,76.9309,2.6435,0.8131,27.0883,1537524470,,,,,,,
2021-09-30,911400,11.8568,12.0562,11.777,12.0164,0.1895,1.6,0.7,10890761,,,136.9122,2.6383,0.801,18.7303,1562155975,,,,,,,
2021-10-08,3173501,12.1959,12.9039,12.1859,12.8839,0.8675,7.22,2.43,40404503,,,146.7972,2.8288,0.8589,20.0826,1674942340,,,,,,,
2021-10-11,1826100,12.8839,13.0335,12.5349,12.9138,0.0299,0.23,1.4,23490018,,,147.138,2.8354,0.8609,20.1293,1678831525,,,,,,,
2021-10-12,2036144,12.8939,13.3626,12.6346,12.7443,-0.1695,-1.31,1.56,26423801,,,145.2065,2.7982,0.8496,19.865,1656792810,,,,,,,
2021-10-13,1472900,12.7244,12.864,12.2457,12.3753,-0.369,-2.9,1.13,18386500,,,141.0026,2.7172,0.825,19.2899,1608826195,,,,,,,
2021-10-14,863144,12.4152,12.4152,12.2158,12.2756,-0.0997,-0.81,0.64,10656597,,,139.8664,2.6953,0.8183,19.1344,1595862245,,,,,,,
2021-10-15,1158699,12.3953,12.3953,12.0762,12.126,-0.1496,-1.22,0.88,14152277,,,138.1621,2.6624,0.8084,18.9013,1576416320,,,,,,,
2021-10-18,1208910,12.156,12.4551,12.0164,12.4152,0.2892,2.38,0.92,14860287,,,141.457,2.7259,0.8276,19.3521,1614011775,,,,,,,
2021-10-19,861788,12.2956,12.3853,12.1859,12.3355,-0.0797,-0.64,0.66,10633489,,,140.5481,2.7084,0.8223,19.2277,1603640615,,,,,,,
2021-10-20,977800,12.3355,12.3355,12.0662,12.0762,-0.2593,-2.1,0.75,11893533,,,137.5939,2.6515,0.805,18.8236,1569934345,,,,,,,
2021-10-21,862200,12.0762,12.2457,12.0263,12.0961,0.0199,0.16,0.66,10482481,,,137.8212,2.6558,0.8064,18.8547,1572527135,,,,,,,
2021-10-22,1324119,12.0862,12.1759,11.777,11.797,-0.2991,-2.47,1.02,15772433,,,134.4126,2.5902,0.7864,18.3883,1533635285,,,,,,,
2021-10-25,949117,11.7671,12.0164,11.6574,11.8568,0.0598,0.51,0.73,11272616,,,135.0943,2.6033,0.7904,18.4816,1541413655,,,,,,,
2021-10-26,1969900,11.8767,12.4551,11.8069,12.0662,0.2094,1.77,1.51,24032188,,,137.4803,2.6493,0.8044,18.808,1568637950,,,,,,,
2021-10-27,2011600,12.0164,12.0961,11.4479,11.5078,-0.5584,-4.63,1.54,23509316,,,131.1176,2.5267,0.7671,17.9376,1496039830,,,,,,,
2021-10-28,1233927,11.4779,11.4779,11.0989,11.2086,-0.2992,-2.6,0.95,13904500,,,127.709,2.461,0.7472,17.4713,1457147980,,,,,,,
2021-10-29,828900,11.2784,11.4081,11.1388,11.3781,0.1695,1.51,0.64,9398913,,,129.6405,2.4982,0.7585,17.7355,1479186695,,,,,,,
2021-11-01,998000,11.4081,11.8069,11.3083,11.5078,0.1297,1.14,0.77,11553793,,,131.1176,2.5267,0.7671,17.9376,1496039830,,,,,,,
2021-11-02,1102500,11.5676,11.5676,11.1189,11.2585,-0.2493,-2.17,0.85,12512815,,,128.2771,2.4719,0.7505,17.549,1463629955,,,,,,,
2021-11-03,914900,11.2684,11.2984,11.1189,11.2485,-0.01,-0.09,0.7,10274908,,,128.1635,2.4697,0.7499,17.5334,1462333560,,,,,,,
2021-11-04,924200,11.2286,11.5576,11.2286,11.4479,0.1994,1.77,0.71,10530070,,,130.4359,2.5135,0.7632,17.8443,1488261460,,,,,,,
2021-11-05,942500,11.3283,11.5975,11.3283,11.4679,0.02,0.17,0.72,10846032,,,130.6631,2.5179,0.7645,17.8754,1490854250,,,,,,,
2021-11-08,593822,11.4679,11.6274,11.3781,11.5676,0.0997,0.87,0.45,6874538,,,131.7993,2.5398,0.7711,18.0308,1503818200,,,,,,,
2021-11-09,563200,11.5876,11.7172,11.5477,11.6474,0.0798,0.69,0.43,6565984,,,132.7083,2.5573,0.7764,18.1552,1514189360,,,,,,,
2021-11-10,1314221,11.6574,11.7671,11.5676,11.7471,0.0997,0.86,0.99,15390316,,,133.8445,2.5792,0.7831,18.3106,1527153310,,,,,,,
2021-11-11,761200,11.6673,11.797,11.6474,11.7471,0,0,0.58,8958919,,,133.8445,2.5792,0.7831,18.3106,1527153310,,,,,,,
2021-11-12,610400,11.7471,11.8369,11.6873,11.8369,0.0898,0.76,0.46,7202293,,,134.8671,2.5989,0.7891,18.4505,1538820865,,,,,,,
2021-11-15,665770,11.8468,11.8668,11.6972,11.8468,0.0099,0.08,0.51,7861474,,,134.9807,2.6011,0.7897,18.4661,1540117260,,,,,,,
2021-11-16,861449,11.8468,11.9665,11.797,11.8269,-0.0199,-0.17,0.66,10264276,,,134.7534,2.5967,0.7884,18.435,1537524470,,,,,,,
2021-11-17,776300,11.7371,12.0263,11.7371,12.0164,0.1895,1.6,0.59,9284151,,,136.9122,2.6383,0.801,18.7303,1562155975,,,,,,,
2021-11-18,995300,11.9964,12.3355,11.9465,11.9465,-0.0699,-0.58,0.76,12123197,,,136.1169,2.623,0.7964,18.6215,1553081210,,,,,,,
2021-11-19,883000,11.9465,12.2258,11.8867,12.136,0.1895,1.59,0.67,10677667,,,138.2757,2.6646,0.809,18.9168,1577712715,,,,,,,
2021-11-22,1431600,12.2956,12.3355,12.0961,12.2357,0.0997,0.82,1.1,17544175,,,139.4119,2.6865,0.8157,19.0723,1590676665,,,,,,,
2021-11-23,910800,12.2158,12.4452,12.136,12.4053,0.1696,1.39,0.68,11291596,,,141.3434,2.7237,0.827,19.3365,1612715380,,,,,,,
2021-11-24,797700,12.3953,12.4152,12.2258,12.3055,-0.0998,-0.8,0.61,9852182,,,140.2072,2.7018,0.8203,19.1811,1599751430,,,,,,,
2021-11-25,599700,12.2557,12.4551,12.2557,12.3753,0.0698,0.57,0.46,7435301,,,141.0026,2.7172,0.825,19.2899,1608826195,,,,,,,
2021-11-26,979100,12.2657,12.4452,12.1161,12.4053,0.03,0.24,0.74,12035225,,,141.3434,2.7237,0.827,19.3365,1612715380,,,,,,,
2021-11-29,861400,12.1659,12.2357,12.0164,12.0961,-0.3092,-2.49,0.64,10473875,,,137.8212,2.6558,0.8064,18.8547,1572527135,,,,,,,
2021-11-30,1029101,12.1659,12.3654,12.1061,12.3355,0.2394,1.98,0.79,12653797,,,140.5481,2.7084,0.8223,19.2277,1603640615,,,,,,,
2021-12-01,1295241,12.3355,12.6546,12.1859,12.6147,0.2792,2.26,0.99,16235677,,,143.7294,2.7697,0.8409,19.6629,1639939675,,,,,,,
2021-12-02,1018200,12.6546,12.6546,12.3753,12.3953,-0.2194,-1.74,0.78,12744586,,,141.2298,2.7215,0.8263,19.321,1611418985,,,,,,,
2021-12-03,645300,12.3753,12.6147,12.3454,12.3454,-0.0499,-0.4,0.49,8034623,,,140.6617,2.7106,0.823,19.2433,1604937010,,,,,,,
2021-12-06,846349,12.3155,12.4751,12.146,12.2258,-0.1196,-0.97,0.64,10450080,,,139.2983,2.6843,0.815,19.0567,1589380270,,,,,,,
2021-12-07,993900,12.3155,12.3953,12.0164,12.146,-0.0798,-0.65,0.75,12087899,,,138.3893,2.6668,0.8097,18.9324,1579009110,,,,,,,
2021-12-08,1413421,12.146,12.6645,12.1161,12.4152,0.2692,2.22,1.08,17514181,,,141.457,2.7259,0.8276,19.3521,1614011775,,,,,,,
2021-12-09,1048700,12.485,12.515,12.2657,12.3454,-0.0698,-0.56,0.8,13018812,,,140.6617,2.7106,0.823,19.2433,1604937010,,,,,,,
2021-12-10,1196100,12.2657,12.6247,12.2657,12.515,0.1696,1.37,0.9,14995373,,,142.5932,2.7478,0.8343,19.5075,1626975725,,,,,,,
2021-12-13,1481721,12.515,12.844,12.4152,12.495,-0.02,-0.16,1.13,18713238,,,142.366,2.7434,0.833,19.4764,1624382935,,,,,,,
2021-12-14,1383000,12.5748,12.7044,12.3355,12.6147,0.1197,0.96,1.06,17412385,,,143.7294,2.7697,0.8409,19.6629,1639939675,,,,,,,
2021-12-15,2438700,12.6047,13.203,12.5748,12.9438,0.3291,2.61,1.86,31730910,,,147.4789,2.842,0.8629,20.1759,1682720710,,,,,,,
2021-12-16,1255667,12.9537,13.1432,12.864,13.1033,0.1595,1.23,0.95,16407319,,,149.2968,2.877,0.8735,20.4246,1703463030,,,,,,,
2021-12-17,1210800,13.1033,13.2429,13.0136,13.1033,0,0,0.93,15907102,,,149.2968,2.877,0.8735,20.4246,1703463030,,,,,,,
2021-12-20,2447885,13.0933,13.6019,12.9936,13.3825,0.2792,2.13,1.86,32795587,,,152.4782,2.9383,0.8921,20.8598,1739762090,,,,,,,
2021-12-21,3490842,13.2629,14.2302,13.1731,13.7814,0.3989,2.98,2.66,48318979,,,157.023,3.0259,0.9187,21.4816,1791617890,,,,,,,
2021-12-22,5394926,13.7615,14.8484,13.6617,14.7088,0.9274,6.73,4.11,77930032,,,167.5897,3.2295,0.9805,22.9271,1912182625,,,,,,,
2021-12-23,9873148,14.649,15.9154,14.2202,14.4595,-0.2493,-1.69,7.49,149240160,,,164.7492,3.1748,0.9639,22.5385,1879772750,,,,,,,
2021-12-24,5443448,14.28,14.8684,13.7515,13.8612,-0.5983,-4.14,4.16,77691066,,,157.9319,3.0434,0.924,21.6059,1801989050,,,,,,,
2021-12-27,3584742,13.8213,14.6191,13.7316,14.3,0.4388,3.17,2.68,51188310,,,162.9312,3.1397,0.9533,22.2898,1859030430,,,,,,,
2021-12-28,1683484,14.3598,14.4595,13.7615,13.9509,-0.3491,-2.44,1.24,23596559,,,158.9545,3.0631,0.93,21.7458,1813656605,,,,,,,
2021-12-29,1554800,13.9509,14.1404,13.7415,14.0008,0.0499,0.36,1.18,21755937,,,159.5226,3.074,0.9333,21.8235,1820138580,,,,,,,
2021-12-30,1993500,14.0606,14.4097,13.9609,14.1205,0.1197,0.85,1.49,28357852,,,160.8861,3.1003,0.9413,22.0101,1835695320,,,,,,,
2021-12-31,1843900,14.3299,14.4097,13.8412,13.8612,-0.2593,-1.84,1.4,25822828,,,140.3117,3.0424,0.8691,28.5292,1801989050,,,,,,,
2022-01-04,1806001,13.8612,14.28,13.8512,14.1803,0.3191,2.3,1.35,25574028,,,143.5419,3.1124,0.8891,29.1859,1843473690,,,,,,,
2022-01-05,3524300,14.2601,15.5963,14.1903,15.5963,1.416,9.99,2.71,53446302,,,157.8759,3.4232,0.9779,32.1004,2027561780,,,,,,,
2022-01-06,15078103,16.3841,17.152,14.9182,15.1476,-0.4487,-2.88,11.57,244598179,,,153.3335,3.3248,0.9497,31.1768,1969224005,,,,,,,
2022-01-07,10129184,14.7088,15.1476,14.28,14.3199,-0.8277,-5.46,7.73,148343734,,,144.9551,3.1431,0.8978,29.4733,1861623220,,,,,,,
2022-01-10,5699256,14.3598,14.4396,13.8612,13.9908,-0.3291,-2.3,4.06,80836331,,,141.624,3.0709,0.8772,28.796,1818842185,,,,,,,
2022-01-11,4531450,14.1404,14.5592,14.0606,14.1105,0.1197,0.86,3.37,64769968,,,142.8353,3.0971,0.8847,29.0423,1834398925,,,,,,,
2022-01-12,7804650,14.1803,15.5265,14.1803,15.5265,1.416,10.04,6.01,117133515,,,157.1693,3.4079,0.9735,31.9568,2018487015,,,,,,,
2022-01-13,8484117,15.9553,16.793,15.5365,15.8955,0.369,2.38,6.47,135907899,,,160.9042,3.4889,0.9966,32.7162,2066453630,,,,,,,
2022-01-14,5539100,15.9753,16.0052,14.9481,15.1177,-0.7778,-4.89,4.19,85641451,,,153.0306,3.3182,0.9479,31.1153,1965334820,,,,,,,
2022-01-17,3582850,15.2074,15.357,14.7886,14.8883,-0.2294,-1.52,2.68,53738169,,,150.7089,3.2678,0.9335,30.6432,1935517735,,,,,,,
2022-01-18,4613338,14.8584,15.0379,14.6091,14.7786,-0.1097,-0.74,3.49,68161322,,,149.5985,3.2438,0.9266,30.4174,1921257390,,,,,,,
2022-01-19,2910120,14.8085,14.8684,14.4097,14.649,-0.1296,-0.88,2.2,42686160,,,148.2863,3.2153,0.9185,30.1506,1904404255,,,,,,,
2022-01-20,5969920,14.5193,14.6789,13.2728,13.3925,-1.2565,-8.58,4.56,82497095,,,135.5674,2.9395,0.8397,27.5645,1741058485,,,,,,,
2022-01-21,2514200,13.2629,13.5421,13.1631,13.5321,0.1396,1.04,1.88,33667803,,,136.9806,2.9702,0.8485,27.8519,1759208015,,,,,,,
2022-01-24,2717800,13.3626,14.0008,13.2828,13.5421,0.01,0.07,2.07,37287287,,,137.0815,2.9724,0.8491,27.8724,1760504410,,,,,,,
2022-01-25,1941819,13.5919,13.6119,12.9138,12.9438,-0.5983,-4.42,1.49,25626531,,,131.0249,2.841,0.8116,26.6409,1682720710,,,,,,,
2022-01-26,1305501,12.864,13.1432,12.7742,12.9537,0.0099,0.08,0.98,16964811,,,131.1259,2.8432,0.8122,26.6614,1684017105,,,,,,,
2022-01-27,1676400,12.9537,13.0235,12.5648,12.8141,-0.1396,-1.08,1.26,21437255,,,129.7126,2.8126,0.8034,26.3741,1665867575,,,,,,,
2022-01-28,1151700,12.8241,13.0834,12.6147,12.9637,0.1496,1.17,0.85,14911775,,,131.2268,2.8454,0.8128,26.682,1685313500,,,,,,,
2022-02-07,1762800,13.203,13.6617,13.0634,13.5521,0.5884,4.54,1.34,23727840,,,137.1825,2.9745,0.8497,27.8929,1761800805,,,,,,,
2022-02-08,1877010,13.6019,13.7814,13.3227,13.7615,0.2094,1.55,1.43,25594620,,,139.3023,3.0205,0.8628,28.3239,1789025100,,,,,,,
2022-02-09,1601800,13.8213,13.8612,13.4723,13.6119,-0.1496,-1.09,1.21,21902665,,,137.7881,2.9877,0.8535,28.016,1769579175,,,,,,,
2022-02-10,2239900,13.6817,13.941,13.3626,13.6817,0.0698,0.51,1.71,30582330,,,138.4947,3.003,0.8578,28.1597,1778653940,,,,,,,
2022-02-11,1454249,13.582,13.6119,13.1631,13.2728,-0.4089,-2.99,1.11,19484937,,,134.3561,2.9133,0.8322,27.3182,1725501745,,,,,,,
2022-02-14,1277700,13.3227,13.6418,13.3127,13.3526,0.0798,0.6,0.98,17253548,,,135.1636,2.9308,0.8372,27.4824,1735872905,,,,,,,
2022-02-15,1135263,13.3526,13.4324,13.0634,13.223,-0.1296,-0.97,0.87,15061938,,,133.8513,2.9023,0.8291,27.2156,1719019770,,,,,,,
2022-02-16,1084876,13.3426,13.5421,13.1731,13.5022,0.2792,2.11,0.82,14591338,,,136.6778,2.9636,0.8466,27.7903,1755318830,,,,,,,
2022-02-17,1413100,13.4723,13.6418,13.2429,13.3327,-0.1695,-1.26,1.08,19068988,,,134.9617,2.9264,0.8359,27.4414,1733280115,,,,,,,
2022-02-18,1093000,13.2529,13.5022,13.1831,13.4523,0.1196,0.9,0.84,14682895,,,136.173,2.9527,0.8435,27.6877,1748836855,,,,,,,
2022-02-21,1360800,13.4424,13.6318,13.3127,13.5919,0.1396,1.04,1.03,18439843,,,137.5862,2.9833,0.8522,27.975,1766986385,,,,,,,
2022-02-22,4084700,13.7216,14.1703,13.5122,13.9609,0.369,2.71,3.11,56846439,,,141.3212,3.0643,0.8753,28.7344,1814953000,,,,,,,
2022-02-23,2823526,13.8412,13.9609,13.4623,13.6518,-0.3091,-2.21,2.11,38674583,,,138.1919,2.9964,0.856,28.0981,1774764755,,,,,,,
2022-02-24,6161100,13.5919,14.4097,13.5421,13.911,0.2592,1.9,4.7,86926034,,,140.8164,3.0533,0.8722,28.6318,1808471025,,,,,,,
2022-02-25,4922873,13.8512,14.6191,13.7714,14.4595,0.5485,3.94,3.73,70174013,,,146.3683,3.1737,0.9066,29.7606,1879772750,,,,,,,
2022-02-28,4240885,14.7587,14.8584,13.9609,14.1105,-0.349,-2.41,3.25,60337990,,,142.8353,3.0971,0.8847,29.0423,1834398925,,,,,,,
2022-03-01,2607398,14.0905,14.3997,13.9509,14.2102,0.0997,0.71,1.98,36877411,,,143.8448,3.119,0.891,29.2475,1847362875,,,,,,,
2022-03-02,4260900,14.9581,15.4567,14.2601,14.5892,0.379,2.67,3.19,62148338,,,147.6806,3.2022,0.9147,30.0275,1896625885,,,,,,,
2022-03-03,6813588,14.6191,15.5066,14.5592,15.4268,0.8376,5.74,5.16,103472308,,,156.1599,3.386,0.9672,31.7515,2005523065,,,,,,,
2022-03-04,5308672,15.1077,15.1376,14.3199,14.4396,-0.9872,-6.4,4.05,77779710,,,146.1665,3.1693,0.9054,29.7196,1877179960,,,,,,,
2022-03-07,2744473,14.8883,14.9581,14.27,14.4595,0.0199,0.14,2.07,40187939,,,146.3683,3.1737,0.9066,29.7606,1879772750,,,,,,,
2022-03-08,2347100,14.2302,14.28,13.7615,13.8213,-0.6382,-4.41,1.78,32905611,,,139.908,3.0336,0.8666,28.4471,1796803470,,,,,,,
2022-03-09,2332700,14.0606,14.0606,13.1831,13.8712,0.0499,0.36,1.78,31996609,,,140.4127,3.0446,0.8697,28.5497,1803285445,,,,,,,
2022-03-10,1934300,13.8811,14.1005,13.572,13.8911,0.0199,0.14,1.47,27021011,,,140.6146,3.049,0.871,28.5907,1805878235,,,,,,,
2022-03-11,2004200,13.7914,13.9509,13.3327,13.8811,-0.01,-0.07,1.54,27404710,,,140.5136,3.0468,0.8703,28.5702,1804581840,,,,,,,
2022-03-14,1647800,14.0108,14.0108,13.223,13.2329,-0.6482,-4.67,1.26,22330265,,,133.9523,2.9045,0.8297,27.2361,1720316165,,,,,,,
2022-03-15,2371701,13.1731,13.1831,12.3055,12.3055,-0.9274,-7.01,1.81,30366039,,,124.5645,2.701,0.7715,25.3273,1599751430,,,,,,,
2022-03-16,1815200,12.7343,12.7343,12.1061,12.5648,0.2593,2.11,1.4,22568201,,,127.189,2.7579,0.7878,25.861,1633457700,,,,,,,
2022-03-17,1566400,12.6845,12.844,12.5848,12.7643,0.1995,1.59,1.19,20020646,,,129.2079,2.8016,0.8003,26.2715,1659385600,,,,,,,
2022-03-18,1317299,12.6645,13.2629,12.6645,13.2629,0.4986,3.91,0.98,17223948,,,134.2551,2.9111,0.8316,27.2977,1724205350,,,,,,,
2022-03-21,910001,13.3127,13.3626,13.1133,13.3526,0.0897,0.68,0.69,12089329,,,135.1636,2.9308,0.8372,27.4824,1735872905,,,,,,,
2022-03-22,845200,13.3726,13.5122,13.2728,13.3825,0.0299,0.22,0.64,11328543,,,135.4664,2.9373,0.8391,27.544,1739762090,,,,,,,
2022-03-23,951800,13.4623,13.4623,13.223,13.3626,-0.0199,-0.15,0.72,12721907,,,135.2645,2.933,0.8378,27.5029,1737169300,,,,,,,
2022-03-24,917000,13.4822,13.562,13.2828,13.3626,0,0,0.69,12355606,,,135.2645,2.933,0.8378,27.5029,1737169300,,,,,,,
2022-03-25,1663300,13.4822,13.8811,13.3227,13.8014,0.4388,3.28,1.26,22855864,,,139.7061,3.0293,0.8653,28.406,1794210680,,,,,,,
2022-03-28,1747229,13.7016,14.1504,13.4424,13.9609,0.1595,1.16,1.33,24305975,,,141.3212,3.0643,0.8753,28.7344,1814953000,,,,,,,
2022-03-29,1125400,13.941,14.1005,13.7415,13.8213,-0.1396,-1,0.86,15631003,,,139.908,3.0336,0.8666,28.4471,1796803470,,,,,,,
2022-03-30,965600,13.9809,14.0606,13.572,13.7216,-0.0997,-0.72,0.73,13300720,,,138.8985,3.0118,0.8603,28.2418,1783839520,,,,,,,
2022-03-31,922600,13.7216,13.941,13.5122,13.8911,0.1695,1.24,0.68,12797509,,,64.2066,2.9711,0.8071,49.7167,1805878235,,,,,,,
2022-04-01,1181400,13.8313,13.8911,13.562,13.7415,-0.1496,-1.08,0.88,16223714,,,63.5152,2.9391,0.7984,49.1814,1786432310,,,,,,,
2022-04-06,1647201,13.7415,14.1504,13.7216,14.0207,0.2792,2.03,1.26,23113219,,,64.8058,2.9988,0.8147,50.1807,1822731370,,,,,,,
2022-04-07,1244200,13.9509,14.0108,13.6418,13.7415,-0.2792,-1.99,0.95,17171155,,,63.5152,2.9391,0.7984,49.1814,1786432310,,,,,,,
2022-04-08,1597901,13.7415,13.7814,13.3426,13.5321,-0.2094,-1.52,1.19,21579075,,,62.5473,2.8943,0.7863,48.4319,1759208015,,,,,,,
2022-04-11,1412755,13.3726,13.5122,12.9138,13.0235,-0.5086,-3.76,1.05,18545611,,,60.1966,2.7856,0.7567,46.6117,1693091870,,,,,,,
2022-04-12,904201,13.0235,13.4822,12.8939,13.4124,0.3889,2.99,0.68,11971938,,,61.9942,2.8687,0.7793,48.0036,1743651275,,,,,,,
2022-04-13,2433100,13.7316,14.3299,13.4623,13.7016,0.2892,2.16,1.84,33623151,,,63.3309,2.9306,0.7961,49.0386,1781246730,,,,,,,
2022-04-14,2500599,13.6817,14.1604,13.4723,14.1304,0.4288,3.13,1.88,34797851,,,65.3128,3.0223,0.821,50.5733,1836991715,,,,,,,
2022-04-15,1873300,14.0606,14.0606,13.7615,13.8612,-0.2692,-1.91,1.4,26062737,,,64.0683,2.9647,0.8054,49.6097,1801989050,,,,,,,
2022-04-18,1830100,13.8113,14.2302,13.4822,14.2302,0.369,2.66,1.32,25667657,,,65.7738,3.0436,0.8268,50.9302,1849955665,,,,,,,
2022-04-19,2362200,14.2302,14.4595,14.0507,14.3997,0.1695,1.19,1.8,33824701,,,66.5573,3.0799,0.8367,51.5369,1871994380,,,,,,,
2022-04-20,2367200,14.5592,14.8085,14.27,14.5493,0.1496,1.04,1.81,34509907,,,67.2487,3.1119,0.8454,52.0723,1891440305,,,,,,,
2022-04-21,2259200,14.4595,14.5293,13.921,13.9908,-0.5585,-3.84,1.73,32122011,,,64.6675,2.9924,0.8129,50.0736,1818842185,,,,,,,
2022-04-22,2087765,13.911,14.3598,13.8612,14.3398,0.349,2.49,1.56,29685747,,,66.2808,3.0671,0.8332,51.3228,1864216010,,,,,,,
2022-04-25,4462088,14.4097,14.8584,12.9737,13.0235,-1.3163,-9.18,3.43,61836472,,,60.1966,2.7856,0.7567,46.6117,1693091870,,,,,,,
2022-04-26,2233600,12.9438,13.1931,12.5848,12.9637,-0.0598,-0.46,1.7,28830565,,,59.92,2.7728,0.7532,46.3975,1685313500,,,,,,,
2022-04-27,3569589,12.7443,14.0706,12.3255,13.8612,0.8975,6.92,2.74,46955157,,,64.0683,2.9647,0.8054,49.6097,1801989050,,,,,,,
2022-04-28,3138740,13.6418,14.1604,13.6418,14.1105,0.2493,1.8,2.35,44004870,,,65.2206,3.018,0.8199,50.5019,1834398925,,,,,,,
2022-04-29,3605650,13.9908,14.659,13.9908,14.659,0.5485,3.89,2.74,52283817,,,67.7557,3.1353,0.8517,52.4649,1905700650,,,,,,,
2022-05-05,4485952,14.9581,15.0578,14.3598,14.998,0.339,2.31,3.41,66607847,,,69.3229,3.2079,0.8714,53.6784,1949778080,,,,,,,
2022-05-06,5351800,14.7387,15.4966,14.5393,15.2972,0.2992,1.99,4.08,81568408,,,70.7056,3.2718,0.8888,54.7491,1988669930,,,,,,,
2022-05-09,6144897,15.1476,16.1448,14.9083,16.1448,0.8476,5.54,4.66,96214475,,,74.6235,3.4531,0.9381,57.7828,2098863505,,,,,,,
2022-05-10,4903400,15.8257,15.9055,15.4866,15.7559,-0.3889,-2.41,3.71,77018810,,,72.8259,3.37,0.9155,56.3908,2048304100,,,,,,,
2022-05-11,4930002,15.7559,15.7559,15.1775,15.2473,-0.5086,-3.23,3.74,75846916,,,70.4752,3.2612,0.8859,54.5706,1982187955,,,,,,,
2022-05-12,3853800,15.1675,15.4467,15.0778,15.3969,0.1496,0.98,2.91,59113159,,,71.1666,3.2932,0.8946,55.106,2001633880,,,,,,,
2022-05-13,3621002,15.3969,15.9254,15.2573,15.4268,0.0299,0.19,2.74,56398009,,,71.3048,3.2996,0.8964,55.213,2005523065,,,,,,,
2022-05-16,3087500,15.4268,15.6462,15.1077,15.1775,-0.2493,-1.62,2.33,47362037,,,70.1525,3.2463,0.8819,54.3208,1973113190,,,,,,,
2022-05-17,3650017,15.3071,16.6933,15.2074,16.6933,1.5158,9.99,2.81,59392939,,,77.1586,3.5705,0.9699,59.7457,2170165230,,,,,,,
2022-05-18,10913730,16.6933,18.3586,16.1947,18.3586,1.6653,9.98,8.41,185469576,,,84.856,3.9266,1.0667,65.706,2386663195,,,,,,,
2022-05-19,7119671,19.1065,20.1935,19.1065,20.1935,1.8349,9.99,5.47,140786939,,,93.337,4.3191,1.1733,72.2731,2625199875,,,,,,,
2022-05-20,22228663,20.6322,21.9286,18.229,19.8544,-0.3391,-1.68,17.02,446140611,,,91.7698,4.2466,1.1536,71.0596,2581122445,,,,,,,
2022-05-23,5843698,17.87,18.4284,17.87,17.87,-1.9844,-9.99,4.5,104880216,,,82.5975,3.8221,1.0383,63.9572,2323139840,,,,,,,
2022-05-24,13334825,16.4539,17.2018,16.085,16.1049,-1.7651,-9.88,10.23,220266310,,,74.4391,3.4446,0.9358,57.64,2093677925,,,,,,,
2022-05-25,10804125,16.0251,17.0523,15.6562,16.8528,0.7479,4.64,7.94,177415220,,,77.896,3.6046,0.9792,60.3168,2190907550,,,,,,,
2022-05-26,10083356,16.7132,17.2517,16.2645,16.783,-0.0698,-0.41,7.67,169507338,,,77.5734,3.5897,0.9752,60.0669,2181832785,,,,,,,
2022-05-27,11453494,16.6534,18.4583,16.5935,18.4583,1.6753,9.98,8.82,205401940,,,85.3169,3.948,1.0725,66.0629,2399627145,,,,,,,
2022-05-30,9972461,18.927,20.3032,18.7475,20.3032,1.8449,9.99,7.59,196133263,,,93.844,4.3426,1.1797,72.6656,2639460220,,,,,,,
2022-05-31,22437549,20.6023,22.3375,18.8472,22.3375,2.0343,10.02,17.3,474367225,,,103.2468,4.7777,1.2979,79.9465,2903924800,,,,,,,
2022-06-01,21620775,22.9458,24.5313,21.5397,22.3275,-0.01,-0.04,16.51,503835181,,,103.2007,4.7755,1.2973,79.9108,2902628405,,,,,,,
2022-06-02,17770921,20.0937,21.7391,20.0937,21.2704,-1.0571,-4.73,13.34,366134534,,,98.3149,4.5494,1.2359,76.1276,2765210535,,,,,,,
2022-06-06,20621967,21.9485,23.3347,20.2433,21.5696,0.2992,1.41,15.65,451918077,,,99.6977,4.6134,1.2533,77.1983,2804102385,,,,,,,
2022-06-07,18451205,21.8089,22.2377,19.4356,19.6849,-1.8847,-8.74,14.04,380576075,,,90.9863,4.2103,1.1438,70.4528,2559083730,,,,,,,
2022-06-08,13953078,19.3359,19.3857,18.0395,18.5481,-1.1368,-5.77,10.62,260395773,,,85.7317,3.9672,1.0777,66.3841,2411294700,,,,,,,
2022-06-09,11785523,18.5281,19.3359,18.4982,19.0566,0.5085,2.74,8.95,223494759,,,88.0824,4.0759,1.1073,68.2043,2477410845,,,,,,,
2022-06-10,8943400,18.5481,19.0367,18.1093,18.8173,-0.2393,-1.26,6.81,167113124,,,86.9762,4.0248,1.0934,67.3478,2446297365,,,,,,,
2022-06-13,8879988,18.7375,18.7475,17.6506,17.9198,-0.8975,-4.77,6.76,160898838,,,82.8279,3.8328,1.0412,64.1356,2329621815,,,,,,,
2022-06-14,11952138,17.9497,19.2661,17.6705,18.8572,0.9374,5.23,9.08,222044972,,,87.1606,4.0333,1.0957,67.4905,2451482945,,,,,,,
2022-06-15,9235100,18.6578,18.6578,17.7503,17.8301,-1.0271,-5.45,7.02,167716391,,,82.4131,3.8136,1.036,63.8144,2317954260,,,,,,,
2022-06-16,7536900,17.6306,17.85,17.0024,17.1619,-0.6682,-3.75,5.75,130259547,,,79.3249,3.6707,0.9972,61.4232,2231095795,,,,,,,
2022-06-17,4740848,17.1719,17.2716,16.7132,16.9226,-0.2393,-1.39,3.6,80575594,,,78.2187,3.6195,0.9833,60.5666,2199982315,,,,,,,
2022-06-20,3928485,16.783,17.0722,16.6334,17.0024,0.0798,0.47,2.93,66530483,,,78.5874,3.6366,0.9879,60.8521,2210353475,,,,,,,
2022-06-21,4136048,17.0323,17.1021,16.3642,16.783,-0.2194,-1.29,3.15,69039887,,,77.5734,3.5897,0.9752,60.0669,2181832785,,,,,,,
2022-06-22,2980197,16.7132,16.803,16.3841,16.3841,-0.3989,-2.38,2.24,49450089,,,75.7297,3.5043,0.952,58.6393,2129976985,,,,,,,
2022-06-23,3028507,16.42,16.6,16.21,16.57,0.1859,1.13,2.27,49715665,,,76.375,3.5692,0.9601,59.139,2148126515,,,,,,,
2022-06-24,3134795,16.7,16.74,16.34,16.52,-0.05,-0.3,2.36,51776196,,,76.1445,3.5584,0.9572,58.9605,2141644540,,,,,,,
2022-06-27,3228677,16.52,16.74,16.46,16.65,0.13,0.79,2.42,53527396,,,76.7437,3.5864,0.9647,59.4245,2158497675,,,,,,,
2022-06-28,3581719,16.58,16.86,16.58,16.85,0.2,1.2,2.68,60128889,,,77.6656,3.6295,0.9763,60.1383,2184425575,,,,,,,
2022-06-29,4422500,16.83,16.83,16.09,16.1,-0.75,-4.45,3.36,72386512,,,74.2086,3.468,0.9329,57.4615,2087195950,,,,,,,
2022-06-30,2746107,16.04,16.38,16.02,16.38,0.28,1.74,2.05,44590217,,,75.4992,3.5283,0.9491,58.4609,2123495010,,,,,,,
2022-07-01,2422006,16.38,16.41,16.08,16.31,-0.07,-0.43,1.86,39381469,,,75.1766,3.5132,0.945,58.211,2114420245,,,,,,,
2022-07-04,2020901,16.31,16.45,16.12,16.18,-0.13,-0.8,1.51,32807685,,,74.5774,3.4852,0.9375,57.7471,2097567110,,,,,,,
2022-07-05,2202301,16.2,16.34,15.88,16,-0.18,-1.11,1.67,35351987,,,73.7477,3.4464,0.9271,57.1046,2074232000,,,,,,,
2022-07-06,2673700,16,16.04,15.48,15.63,-0.37,-2.31,2.05,41789058,,,72.0423,3.3667,0.9056,55.7841,2026265385,,,,,,,
2022-07-07,1772900,15.52,15.76,15.52,15.58,-0.05,-0.32,1.32,27721915,,,71.8118,3.356,0.9027,55.6056,2019783410,,,,,,,
2022-07-08,1895400,15.73,15.98,15.73,15.81,0.23,1.48,1.45,30034885,,,72.872,3.4055,0.9161,56.4265,2049600495,,,,,,,
2022-07-11,2170947,15.71,15.99,15.4,15.9,0.09,0.57,1.66,34309164,,,73.2868,3.4249,0.9213,56.7477,2061268050,,,,,,,
2022-07-12,2083819,16.01,16.03,15.44,15.46,-0.44,-2.77,1.59,32623642,,,71.2587,3.3301,0.8958,55.1774,2004226670,,,,,,,
2022-07-13,2292013,15.38,15.8,15.21,15.77,0.31,2.01,1.74,35707496,,,72.6876,3.3969,0.9137,56.2838,2044414915,,,,,,,
2022-07-14,2257998,15.92,15.95,15.5,15.95,0.18,1.14,1.67,35722325,,,73.5173,3.4357,0.9242,56.9262,2067750025,,,,,,,
2022-07-15,2375700,15.99,16.1,15.4,15.4,-0.55,-3.45,1.78,37227609,,,70.9822,3.3172,0.8923,54.9632,1996448300,,,,,,,
2022-07-18,2424781,15.17,15.95,15.1,15.88,0.48,3.12,1.82,38214051,,,73.1946,3.4206,0.9201,56.6764,2058675260,,,,,,,
2022-07-19,2527500,15.99,16.33,15.89,16.25,0.37,2.33,1.93,40877916,,,74.9,3.5003,0.9416,57.9969,2106641875,,,,,,,
2022-07-20,2029200,16.25,16.45,16.17,16.32,0.07,0.43,1.53,33060228,,,75.2227,3.5154,0.9456,58.2467,2115716640,,,,,,,
2022-07-21,1627100,16.33,16.39,16.05,16.08,-0.24,-1.47,1.24,26245641,,,74.1165,3.4637,0.9317,57.3902,2084603160,,,,,,,
2022-07-22,1941400,16.07,16.35,15.84,16,-0.08,-0.5,1.44,31258096,,,73.7477,3.4464,0.9271,57.1046,2074232000,,,,,,,
2022-07-25,1398400,16.16,16.17,15.61,15.7,-0.3,-1.88,1.07,22110414,,,72.365,3.3818,0.9097,56.0339,2035340150,,,,,,,
2022-07-26,1269602,15.72,15.87,15.46,15.86,0.16,1.02,0.97,19940583,,,73.1024,3.4163,0.919,56.605,2056082470,,,,,,,
2022-07-27,1490001,15.78,16.06,15.75,15.96,0.1,0.63,1.01,23789650,,,73.5634,3.4378,0.9248,56.9619,2069046420,,,,,,,
2022-07-28,1367500,16.07,16.12,15.84,15.86,-0.1,-0.63,1.03,21833730,,,73.1024,3.4163,0.919,56.605,2056082470,,,,,,,
2022-07-29,1591542,15.86,15.99,15.62,15.71,-0.15,-0.95,1.22,25104847,,,72.411,3.384,0.9103,56.0696,2036636545,,,,,,,
2022-08-01,1344500,15.74,15.77,15.48,15.65,-0.06,-0.38,1.03,20989876,,,72.1345,3.371,0.9068,55.8555,2028858175,,,,,,,
2022-08-02,2353900,15.6,15.6,14.6,14.78,-0.87,-5.56,1.8,35144777,,,68.1245,3.1836,0.8564,52.7504,1916071810,,,,,,,
2022-08-03,1714200,14.82,15.22,14.02,14.67,-0.11,-0.74,1.31,25667961,,,67.6174,3.1599,0.85,52.3578,1901811465,,,,,,,
2022-08-04,1738175,14.69,15.2,14.69,15.19,0.52,3.54,1.33,26104340,,,70.0142,3.272,0.8801,54.2137,1969224005,,,,,,,
2022-08-05,1275296,15.08,15.29,14.88,15.18,-0.01,-0.07,0.98,19161157,,,69.9682,3.2698,0.8796,54.178,1967927610,,,,,,,
2022-08-08,1449289,15.1,15.68,15.08,15.65,0.47,3.1,1.08,22392185,,,72.1345,3.371,0.9068,55.8555,2028858175,,,,,,,
2022-08-09,1028300,15.76,15.8,15.58,15.63,-0.02,-0.13,0.78,16112052,,,72.0423,3.3667,0.9056,55.7841,2026265385,,,,,,,
2022-08-10,980300,15.52,15.73,15.52,15.72,0.09,0.58,0.74,15340947,,,72.4571,3.3861,0.9108,56.1053,2037932940,,,,,,,
2022-08-11,1928001,15.72,16.12,15.72,16.05,0.33,2.1,1.47,30875148,,,73.9782,3.4572,0.93,57.2831,2080713975,,,,,,,
2022-08-12,2165101,16.1,16.44,15.98,16.24,0.19,1.18,1.65,35150294,,,74.8539,3.4981,0.941,57.9612,2105345480,,,,,,,
2022-08-15,4712903,16.24,16.88,16.09,16.58,0.34,2.09,3.57,78010796,,,76.4211,3.5714,0.9607,59.1747,2149422910,,,,,,,
2022-08-16,2413000,16.48,16.63,16.28,16.32,-0.26,-1.57,1.84,39518304,,,75.2227,3.5154,0.9456,58.2467,2115716640,,,,,,,
2022-08-17,2307100,16.36,16.45,15.98,16.08,-0.24,-1.47,1.76,37175568,,,74.1165,3.4637,0.9317,57.3902,2084603160,,,,,,,
2022-08-18,1286500,16.2,16.2,15.83,15.88,-0.2,-1.24,0.98,20478860,,,73.1946,3.4206,0.9201,56.6764,2058675260,,,,,,,
2022-08-19,3106100,15.91,16.72,15.82,15.98,0.1,0.63,2.37,50238283,,,73.6555,3.4421,0.9259,57.0333,2071639210,,,,,,,
2022-08-22,7354924,15.82,17.58,15.52,16.81,0.83,5.19,5.57,122729575,,,77.4812,3.6209,0.974,59.9956,2179239995,,,,,,,
2022-08-23,6547498,16.66,17.29,16.66,17.28,0.47,2.8,4.97,111777979,,,79.6475,3.7221,1.0012,61.673,2240170560,,,,,,,
2022-08-24,7077862,17.72,17.95,17.09,17.41,0.13,0.75,5.4,123991996,,,80.2467,3.7502,1.0088,62.137,2257023695,,,,,,,
2022-08-25,7071688,17.37,19.15,16.91,19.15,1.74,9.99,5.45,129164178,,,88.2668,4.125,1.1096,68.3471,2482596425,,,,,,,
2022-08-26,14341009,20.06,21.07,19.71,21.07,1.92,10.03,11.05,297636936,,,157.1541,4.5534,1.1357,41.8581,2731504265,,,,,,,
2022-08-29,13592690,23.1,23.18,20.11,23.18,2.11,10.01,10.46,301931877,,,172.8919,5.0094,1.2495,46.0499,3005043610,,,,,,,
2022-08-30,16589987,23.5,24.49,20.86,20.86,-2.32,-10.01,12.78,370078631,,,155.5878,4.508,1.1244,41.4409,2704279970,,,,,,,
2022-08-31,14386487,20.57,22.21,19.71,20.15,-0.71,-3.4,10.9,300736040,,,150.2921,4.3546,1.0862,40.0304,2612235925,,,,,,,
2022-09-01,15661748,19.55,22.17,19.55,22.17,2.02,10.02,12.08,337676574,,,165.3586,4.7911,1.195,44.0434,2874107715,,,,,,,
2022-09-02,14117301,21.03,22.21,20.3,21.75,-0.42,-1.89,10.56,299595177,,,162.226,4.7004,1.1724,43.209,2819659125,,,,,,,
2022-09-05,11673861,21.27,22.15,20.88,21.2,-0.55,-2.53,8.8,249828159,,,158.1237,4.5815,1.1428,42.1164,2748357400,,,,,,,
2022-09-06,10018744,20.56,21.2,19.61,21.1,-0.1,-0.47,7.53,204373598,,,157.3779,4.5599,1.1374,41.9177,2735393450,,,,,,,
2022-09-07,11059704,20.79,20.93,19.37,19.77,-1.33,-6.3,8.36,220385704,,,147.4578,4.2725,1.0657,39.2755,2562972915,,,,,,,
2022-09-08,9980100,19.75,19.77,18.01,18.37,-1.4,-7.08,7.48,186783633,,,137.0157,3.9699,0.9902,36.4942,2381477615,,,,,,,
2022-09-09,5002899,18.4,18.67,18.13,18.5,0.13,0.71,3.78,92180984,,,137.9853,3.998,0.9972,36.7525,2398330750,,,,,,,
2022-09-13,5828831,18.65,19.4,18.49,18.69,0.19,1.03,4.45,110617097,,,139.4025,4.0391,1.0075,37.13,2422962255,,,,,,,
2022-09-14,6280204,18.7,19.5,18.42,19.07,0.38,2.03,4.72,120419683,,,142.2368,4.1212,1.0279,37.8849,2472225265,,,,,,,
2022-09-15,5961181,18.92,19.4,17.6,17.85,-1.22,-6.4,4.51,108123112,,,133.1372,3.8575,0.9622,35.4612,2314065075,,,,,,,
2022-09-16,4332600,17.8,17.95,17.01,17.05,-0.8,-4.48,3.29,75439456,,,127.1703,3.6846,0.9191,33.8719,2210353475,,,,,,,
2022-09-19,3680248,17.05,17.85,16.75,17.5,0.45,2.64,2.79,64305444,,,130.5267,3.7819,0.9433,34.7659,2268691250,,,,,,,
2022-09-20,2398300,17.62,17.84,17.24,17.33,-0.17,-0.97,1.84,41972703,,,129.2587,3.7452,0.9341,34.4282,2246652535,,,,,,,
2022-09-21,2501400,17.45,17.65,17.1,17.52,0.19,1.1,1.9,43605497,,,130.6758,3.7862,0.9444,34.8056,2271284040,,,,,,,
2022-09-22,2255500,17.45,17.68,17.12,17.25,-0.27,-1.54,1.71,38988497,,,128.662,3.7279,0.9298,34.2692,2236281375,,,,,,,
2022-09-23,2801500,17.34,17.41,16.65,16.92,-0.33,-1.91,2.14,47782578,,,126.2006,3.6566,0.912,33.6136,2193500340,,,,,,,
2022-09-26,2566200,16.83,17.11,16.53,16.6,-0.32,-1.89,1.97,43026732,,,123.8139,3.5874,0.8948,32.9779,2152015700,,,,,,,
2022-09-27,1765375,16.71,16.97,16.35,16.7,0.1,0.6,1.35,29290772,,,124.5597,3.609,0.9002,33.1766,2164979650,,,,,,,
2022-09-28,2613200,16.76,17.14,16.11,16.11,-0.59,-3.53,2,43125879,,,120.1591,3.4815,0.8684,32.0045,2088492345,,,,,,,
2022-09-29,1855496,16.3,16.46,15.92,16,-0.11,-0.68,1.4,29918073,,,119.3387,3.4577,0.8625,31.7859,2074232000,,,,,,,
2022-09-30,1329600,16,16.19,15.75,15.81,-0.19,-1.19,1.01,21199310,,,117.922,3.415,0.8522156667928735,31.40849060961108,2049600495,,,,,,,
2022-10-10,2574882,16.21,16.57,15.55,15.7,-0.11,-0.7,1.96,41241680,,,117.1011,3.3929,0.8463,31.19,2035340150,,,,,,,
2022-10-11,1817500,15.7,15.9,15.28,15.55,-0.15,-0.96,1.38,28180317,,,115.9823,3.3605,0.8382,30.892,2015894225,,,,,,,
2022-10-12,2052500,15.72,15.87,15.25,15.81,0.26,1.67,1.54,31990690,,,117.9215,3.4167,0.8522,31.4085,2049600495,,,,,,,
2022-10-13,2124000,15.65,15.94,15.46,15.86,0.05,0.32,1.58,33465340,,,118.2944,3.4275,0.8549,31.5078,2056082470,,,,,,,
2022-10-14,2208600,15.99,16.36,15.9,16.29,0.43,2.71,1.66,35765427,,,121.5017,3.5204,0.8781,32.3621,2111827455,,,,,,,
2022-10-17,1543100,16.3,16.35,16.1,16.35,0.06,0.37,1.16,25074240,,,121.9492,3.5334,0.8813,32.4813,2119605825,,,,,,,
2022-10-18,3919709,16.36,17.15,16.18,16.65,0.3,1.83,2.95,65272127,,,124.1868,3.5982,0.8975,33.0773,2158497675,,,,,,,
2022-10-19,2569200,16.51,16.53,16.05,16.08,-0.57,-3.42,1.96,41645803,,,119.9354,3.475,0.8668,31.9449,2084603160,,,,,,,
2022-10-20,1575384,16.18,16.18,15.68,15.99,-0.09,-0.56,1.2,25085977,,,119.2641,3.4556,0.8619,31.7661,2072935605,,,,,,,
2022-10-21,1381310,15.97,16.24,15.76,15.91,-0.08,-0.5,1.05,22166194,,,93.6619,3.3477,0.8003,73.0184,2062564445,,,,,,,
2022-10-24,2127000,15.77,16.5,15.77,15.9,-0.01,-0.06,1.61,34331685,,,93.603,3.3456,0.7998,72.9725,2061268050,,,,,,,
2022-10-25,1918429,15.98,16.13,15.5,15.73,-0.17,-1.07,1.47,30160740,,,92.6022,3.3098,0.7912,72.1923,2039229335,,,,,,,
2022-10-26,1720100,15.78,16.09,15.71,15.77,0.04,0.25,1.32,27300784,,,92.8377,3.3182,0.7932,72.3758,2044414915,,,,,,,
2022-10-27,1867300,15.89,16.21,15.83,16.12,0.35,2.22,1.4,29969209,,,94.8982,3.3918,0.8108,73.9821,2089788740,,,,,,,
2022-10-28,2998200,16.05,16.05,15.08,15.18,-0.94,-5.83,2.3,46019964,,,89.3644,3.1941,0.7635,69.6681,1967927610,,,,,,,
2022-10-31,1549900,15.15,15.46,14.76,15.3,0.12,0.79,1.18,23701405,,,90.0708,3.2193,0.7696,70.2188,1983484350,,,,,,,
2022-11-01,2759500,15.44,16.18,15.43,16.14,0.84,5.49,2.08,43858157,,,95.0159,3.3961,0.8118,74.0739,2092381530,,,,,,,
2022-11-02,2490900,16,16.74,15.95,16.42,0.28,1.73,1.89,40802443,,,96.6643,3.455,0.8259,75.359,2128680590,,,,,,,
2022-11-03,2951100,16.41,17.11,16.16,16.88,0.46,2.8,2.26,49546915,,,99.3723,3.5518,0.8491,77.4701,2188314760,,,,,,,
2022-11-04,2277786,16.92,17.19,16.83,16.9,0.02,0.12,1.75,38572790,,,99.49,3.556,0.8501,77.5619,2190907550,,,,,,,
2022-11-07,2375880,17,17.5,16.91,17.44,0.54,3.2,1.82,41003247,,,102.669,3.6696,0.8772,80.0402,2260912880,,,,,,,
2022-11-08,2069698,17.49,17.7,17.09,17.47,0.03,0.17,1.58,36023279,,,102.8456,3.6759,0.8787,80.1779,2264802065,,,,,,,
2022-11-09,2640137,17.5,18.28,17.45,18.14,0.67,3.84,1.99,47293824,,,106.7899,3.8169,0.9124,83.2529,2351660530,,,,,,,
2022-11-10,2339600,18.15,18.16,17.65,17.7,-0.44,-2.43,1.79,41616853,,,104.1996,3.7243,0.8903,81.2335,2294619150,,,,,,,
2022-11-11,1609800,17.94,18,17.63,17.72,0.02,0.11,1.23,28631820,,,104.3173,3.7285,0.8913,81.3253,2297211940,,,,,,,
2022-11-14,1504663,17.7,18.05,17.48,17.62,-0.1,-0.56,1.16,26703172,,,103.7286,3.7075,0.8863,80.8663,2284247990,,,,,,,
2022-11-15,1487500,17.5,17.8,17.5,17.8,0.18,1.02,1.14,26255874,,,104.7883,3.7453,0.8953,81.6924,2307583100,,,,,,,
2022-11-16,3243800,17.8,18.75,17.8,18.48,0.68,3.82,2.46,59583191,,,108.7914,3.8884,0.9295,84.8133,2395737960,,,,,,,
2022-11-17,2098227,18.44,18.44,17.82,18.06,-0.42,-2.27,1.56,37888703,,,106.3189,3.8,0.9084,82.8857,2341289370,,,,,,,
2022-11-18,1653100,18.06,18.12,17.64,17.76,-0.3,-1.66,1.27,29446232,,,104.5528,3.7369,0.8933,81.5089,2302397520,,,,,,,
2022-11-21,1349600,17.65,17.94,17.22,17.82,0.06,0.34,1.03,23938864,,,104.906,3.7495,0.8963,81.7842,2310175890,,,,,,,
2022-11-22,4719376,17.79,19.6,17.65,19.6,1.78,9.99,3.63,90396638,,,115.3849,4.1241,0.9859,89.9535,2540934200,,,,,,,
2022-11-23,12839898,20.68,21.2,19.58,19.62,0.02,0.1,9.8,259959998,,,115.5026,4.1283,0.9869,90.0453,2543526990,,,,,,,
2022-11-24,7258803,19.91,20.54,19.43,19.73,0.11,0.56,5.54,143981296,,,116.1502,4.1514,0.9924,90.5501,2557787335,,,,,,,
2022-11-25,4885810,19.74,20.1,19.36,19.45,-0.28,-1.42,3.63,96076406,,,114.5018,4.0925,0.9783,89.2651,2521488275,,,,,,,
2022-11-28,3051110,18.97,19.64,18.82,19.42,-0.03,-0.15,2.27,59026840,,,114.3252,4.0862,0.9768,89.1274,2517599090,,,,,,,
2022-11-29,3385565,19.3,19.36,18.87,18.91,-0.51,-2.63,2.51,64316908,,,111.3228,3.9789,0.9512,86.7868,2451482945,,,,,,,
2022-11-30,4140751,18.91,19.71,18.8,19.33,0.42,2.22,3.17,80328694,,,113.7954,4.0673,0.9723,88.7143,2505931535,,,,,,,
2022-12-01,3164000,19.3,19.68,19.11,19.55,0.22,1.14,2.39,61323673,,,115.0905,4.1136,0.9834,89.724,2534452225,,,,,,,
2022-12-02,3232162,19.5,19.85,19.33,19.78,0.23,1.18,2.43,63419250,,,116.4445,4.162,0.9949,90.7796,2564269310,,,,,,,
2022-12-05,3435051,19.78,19.8,19.1,19.66,-0.12,-0.61,2.59,66617077,,,115.738,4.139,0.9888924930788308,90.22884858661526,2548712570,,,,,,,
2022-12-06,624100,19.38,19.5,19.21,19.41,-0.25,-1.27,0.48,12078649,,,114.384,4.091,0.9773235575036462,89.17327202634458,2518895485,,,,,,,
