timestamp,volume,open,high,low,close,chg,percent,turnoverrate,amount,volume_post,amount_post,pe,pb,ps,pcf,market_capital,balance,hold_volume_cn,hold_ratio_cn,net_volume_cn,hold_volume_hk,hold_ratio_hk,net_volume_hk
2011-03-22,9593147,8.8216,9.0305,8.7241,8.8843,-0.3448,-3.74,21.56,243917719.13,,,57.6505,3.1877,10.8506,86.3544,5650465000,,,,,,,
2011-03-23,5118860,8.846,9.1176,8.7763,9.0201,0.1358,1.53,11.5,131779676.67,,,58.5319,3.2365,11.0165,87.6746,5736850000,,,,,,,
2011-03-24,2614537,8.9504,9.0201,8.8808,8.8843,-0.1358,-1.51,5.88,66920603.72,,,57.6505,3.1877,10.8506,86.3544,5650465000,,,,,,,
2011-03-25,1931578,8.839,8.933,8.8042,8.8529,-0.0314,-0.35,4.34,49063982.61,,,57.4471,3.1765,10.8123,86.0497,5630530000,,,,,,,
2011-03-28,1310270,8.8982,8.8982,8.8146,8.8843,0.0314,0.35,2.94,33306940.98,,,57.6505,3.1877,10.8506,86.3544,5650465000,,,,,,,
2011-03-29,1825950,8.8146,8.8808,8.5674,8.5882,-0.2961,-3.33,4.1,45428628.5,,,55.7296,3.0815,10.489,83.477,5462190000,,,,,,,
2011-03-30,846206,8.5743,8.63,8.4977,8.5047,-0.0835,-0.97,1.9,20747556.69,,,55.1872,3.0515,10.387,82.6646,5409030000,,,,,,,
2011-03-31,711785,8.4977,8.5848,8.4803,8.5047,0,0,1.6,17404323.86,,,53.5018,3.0132,9.6677,141.1464,5409030000,,,,,,,
2011-04-01,305599,8.5047,8.5674,8.5047,8.5534,0.0487,0.57,0.69,7490902.12,,,53.8085,3.0305,9.7232,141.9556,5440040000,,,,,,,
2011-04-06,443221,8.5256,8.5569,8.4664,8.5047,-0.0487,-0.57,1,10815968.35,,,53.5018,3.0132,9.6677,141.1464,5409030000,,,,,,,
2011-04-07,391100,8.4803,8.5325,8.4664,8.5256,0.0209,0.25,0.88,9548678.1,,,53.6333,3.0206,9.6915,141.4932,5422320000,,,,,,,
2011-04-08,471071,8.5395,8.5882,8.5047,8.5813,0.0557,0.65,1.06,11593294.29,,,53.9838,3.0403,9.7548,142.418,5457760000,,,,,,,
2011-04-11,452841,8.63,8.63,8.5186,8.5256,-0.0557,-0.65,1.02,11097306.11,,,53.6333,3.0206,9.6915,141.4932,5422320000,,,,,,,
2011-04-12,569774,8.5256,8.5813,8.4698,8.4803,-0.0453,-0.53,1.28,13889329.28,,,53.3484,3.0046,9.64,140.7418,5393525000,,,,,,,
2011-04-13,322272,8.4664,8.5499,8.4664,8.5499,0.0696,0.82,0.72,7873652.41,,,53.7866,3.0292,9.7192,141.8978,5437825000,,,,,,,
2011-04-14,357870,8.5534,8.5569,8.4664,8.4907,-0.0592,-0.69,0.8,8732815.95,,,53.4142,3.0083,9.6519,140.9152,5400170000,,,,,,,
2011-04-15,1156688,8.4907,8.5012,8.2887,8.3236,-0.1671,-1.97,2.6,27735405.24,,,52.3625,2.949,9.4619,138.1408,5293850000,,,,,,,
2011-04-18,748277,8.2783,8.341,8.2469,8.2713,-0.0523,-0.63,1.68,17770355.55,,,52.0339,2.9305,9.4025,137.2738,5260625000,,,,,,,
2011-04-19,524257,8.24,8.2922,8.24,8.2539,-0.0174,-0.21,1.18,12434211.67,,,51.9244,2.9243,9.3827,136.9848,5249550000,,,,,,,
2011-04-20,337841,8.2539,8.2887,8.24,8.2748,0.0209,0.25,0.76,8016283.19,,,52.0558,2.9318,9.4064,137.3316,5262840000,,,,,,,
2011-04-21,455399,8.2887,8.2887,8.2365,8.2539,-0.0209,-0.25,1.02,10802366.3,,,51.9244,2.9243,9.3827,136.9848,5249550000,,,,,,,
2011-04-22,870710,8.2539,8.2853,8.1216,8.139,-0.1149,-1.39,1.96,20468723.6,,,51.2014,2.8836,9.252,135.0774,5176455000,,,,,,,
2011-04-25,780061,8.1355,8.1355,7.9753,7.9892,-0.1498,-1.84,1.75,17940753.74,,,50.2593,2.8306,9.0818,132.5921,5081210000,,,,,,,
2011-04-26,794300,7.9683,7.9683,7.8186,7.8186,-0.1706,-2.14,1.78,17929771.55,,,49.1857,2.7701,8.8878,129.7599,4972675000,,,,,,,
2011-04-27,762142,7.8186,7.8639,7.5574,7.5992,-0.2194,-2.81,1.71,16888433.13,,,47.8055,2.6924,8.6384,126.1185,4833130000,,,,,,,
2011-04-28,596022,7.6793,7.6793,7.4877,7.4877,-0.1115,-1.47,1.34,12888086.71,,,47.1044,2.6529,8.5117,124.2689,4762250000,,,,,,,
2011-04-29,479287,7.5226,7.5539,7.4808,7.4982,0.0105,0.14,1.08,10328747.98,,,47.1701,2.6566,8.5236,124.4423,4768895000,,,,,,,
2011-05-03,447831,7.4982,7.5643,7.4982,7.5574,0.0592,0.79,1.01,9673460.63,,,47.5426,2.6776,8.5909,125.4249,4806550000,,,,,,,
2011-05-04,338801,7.5609,7.5609,7.5086,7.5156,-0.0418,-0.55,0.76,7320069.25,,,47.2796,2.6628,8.5434,124.7313,4779970000,,,,,,,
2011-05-05,541035,7.5121,7.5121,7.3171,7.4459,-0.0697,-0.93,1.22,11504666.67,,,46.8415,2.6381,8.4642,123.5753,4735670000,,,,,,,
2011-05-06,286798,7.4076,7.4529,7.3554,7.4111,-0.0348,-0.47,0.64,6097013.8,,,46.6224,2.6257,8.4246,122.9973,4713520000,,,,,,,
2011-05-09,344801,7.3972,7.533,7.3972,7.4355,0.0244,0.33,0.77,7383347.36,,,46.7757,2.6344,8.4523,123.4019,4729025000,,,,,,,
2011-05-10,213652,7.4355,7.4633,7.4041,7.4425,0.007,0.09,0.48,4552535.57,,,46.8196,2.6368,8.4603,123.5175,4733455000,,,,,,,
2011-05-11,321811,7.4425,7.4877,7.4425,7.4425,0,0,0.72,6895975.48,,,46.8196,2.6368,8.4603,123.5175,4733455000,,,,,,,
2011-05-12,229690,7.4111,7.439,7.3972,7.4007,-0.0418,-0.56,0.52,4892696.8,,,46.5566,2.622,8.4127,122.8239,4706875000,,,,,,,
2011-05-16,513390,7.3658,7.5748,7.3658,7.5226,0.1219,1.65,1.15,11106013.09,,,47.3235,2.6652,8.5513,124.8469,4784400000,,,,,,,
2011-05-17,283817,7.5295,7.5887,7.4808,7.5574,0.0348,0.46,0.64,6163693,,,47.5426,2.6776,8.5909,125.4249,4806550000,,,,,,,
2011-05-18,142619,7.5434,7.5678,7.4947,7.5295,-0.0279,-0.37,0.32,3082589,,,47.3673,2.6677,8.5592,124.9625,4788830000,,,,,,,
2011-05-19,181191,7.5678,7.5678,7.4877,7.4877,-0.0418,-0.56,0.41,3916567.88,,,47.1044,2.6529,8.5117,124.2689,4762250000,,,,,,,
2011-05-20,145908,7.5191,7.5191,7.4007,7.4041,-0.0836,-1.12,0.33,3110704.09,,,46.5786,2.6233,8.4167,122.8817,4709090000,,,,,,,
2011-05-23,367605,7.3832,7.3867,7.1464,7.1534,-0.2507,-3.39,0.83,7690684.55,,,45.0011,2.5344,8.1317,118.7202,4549610000,,,,,,,
2011-05-24,343539,7.1534,7.2614,6.9827,7.1917,0.0383,0.54,0.77,7022250.52,,,45.2421,2.548,8.1752,119.356,4573975000,,,,,,,
2011-05-25,335001,7.129,7.2126,6.9514,6.9549,-0.2368,-3.29,0.75,6751856.49,,,43.7523,2.4641,7.906,115.4256,4423355000,,,,,,,
2011-05-26,229590,6.9827,7.0872,6.8852,6.8957,-0.0592,-0.85,0.52,4584751.5,,,43.3798,2.4431,7.8387,114.443,4385700000,,,,,,,
2011-05-27,265500,6.7424,6.9549,6.7424,6.7459,-0.1498,-2.17,0.6,5170514.51,,,42.4378,2.3901,7.6685,111.9576,4290455000,,,,,,,
2011-05-30,236655,6.6519,6.7668,6.6519,6.6623,-0.0836,-1.24,0.53,4559671.57,,,41.9119,2.3605,7.5734,110.5705,4237295000,,,,,,,
2011-05-31,176585,6.6345,6.7459,6.6345,6.7285,0.0662,0.99,0.4,3393626.85,,,42.3282,2.3839,7.6487,111.6686,4279380000,,,,,,,
2011-06-01,160345,6.6902,6.7703,6.6902,6.7529,0.0244,0.36,0.36,3106540.73,,,42.4816,2.3925,7.6764,112.0732,4294885000,,,,,,,
2011-06-02,214491,6.7041,6.7181,6.6171,6.6345,-0.1184,-1.75,0.48,4093054.93,,,41.7367,2.3506,7.5418,110.1081,4219575000,,,,,,,
2011-06-03,174995,6.6345,6.7668,6.6345,6.6902,0.0557,0.84,0.39,3377852.33,,,42.0872,2.3703,7.6051,111.0328,4255015000,,,,,,,
2011-06-07,120847,6.7111,6.7598,6.6902,6.7494,0.0592,0.88,0.27,2340113.14,,,42.4597,2.3913,7.6724,112.0154,4292670000,,,,,,,
2011-06-08,101007,6.6972,6.7355,6.6623,6.7285,-0.0209,-0.31,0.23,1941971.18,,,42.3282,2.3839,7.6487,111.6686,4279380000,,,,,,,
2011-06-09,141900,6.7285,6.739,6.6623,6.6763,-0.0522,-0.78,0.32,2729613,,,41.9996,2.3654,7.5893,110.8016,4246155000,,,,,,,
2011-06-10,364810,6.6589,6.6589,6.4569,6.5195,-0.1568,-2.35,0.82,6851634.44,,,41.0137,2.3099,7.4111,108.2007,4146480000,,,,,,,
2011-06-13,129658,6.4638,6.4638,6.3663,6.429,-0.0905,-1.39,0.29,2387174.06,,,40.444,2.2778,7.3082,106.6979,4088890000,,,,,,,
2011-06-14,252549,6.4464,6.5056,6.4116,6.4708,0.0418,0.65,0.57,4684607.78,,,40.7069,2.2926,7.3557,107.3915,4115470000,,,,,,,
2011-06-15,140650,6.4708,6.4952,6.422,6.4255,-0.0453,-0.7,0.32,2608616.38,,,40.4221,2.2765,7.3042,106.6401,4086675000,,,,,,,
2011-06-16,178811,6.3802,6.4185,6.3071,6.3141,-0.1114,-1.73,0.4,3263682.11,,,39.721,2.2371,7.1776,104.7905,4015795000,,,,,,,
2011-06-17,218977,6.3071,6.321,6.22,6.2409,-0.0732,-1.16,0.49,3925828.21,,,39.2609,2.2112,7.0944,103.5767,3969280000,,,,,,,
2011-06-20,243189,6.1748,6.2618,6.0772,6.0807,-0.1602,-2.57,0.55,4261844.99,,,38.2531,2.1544,6.9123,100.9179,3867390000,,,,,,,
2011-06-21,196801,6.0807,6.1504,6.0633,6.133,0.0523,0.86,0.44,3453586.81,,,38.5818,2.1729,6.9717,101.7849,3900615000,,,,,,,
2011-06-22,278740,6.133,6.1817,6.0459,6.0598,-0.0732,-1.19,0.5,4870729.45,,,38.1217,2.147,6.8886,100.5711,3854100000,,,,,,,
2011-06-23,598408,6.0877,6.2166,5.9484,6.1957,0.1359,2.24,1.08,10525397.66,,,38.9761,2.1951,7.043,102.8253,3940485000,,,,,,,
2011-06-24,641257,6.1643,6.3628,6.1643,6.321,0.1253,2.02,1.16,11547953.71,,,39.7649,2.2395,7.1855,104.9061,4020225000,,,,,,,
2011-06-27,537437,6.3663,6.4394,6.3419,6.3663,0.0453,0.72,0.97,9859464.23,,,40.0497,2.2556,7.2369,105.6575,4049020000,,,,,,,
2011-06-28,526058,6.3524,6.3977,6.2827,6.3071,-0.0592,-0.93,0.95,9536752.74,,,39.6772,2.2346,7.1696,104.6749,4011365000,,,,,,,
2011-06-29,715891,6.2967,6.3141,6.1643,6.1643,-0.1428,-2.26,1.29,12841699.58,,,38.7789,2.184,7.0073,102.3051,3920550000,,,,,,,
2011-06-30,1813825,6.1678,6.321,6.1678,6.3106,0.1463,2.37,3.27,32619887.38,,,37.1906,2.1953,6.9854,134.7892,4013580000,,,,,,,
2011-07-01,1561922,6.2897,6.5648,6.2897,6.429,0.1184,1.88,2.81,28965511.77,,,37.8885,2.2365,7.1165,137.3183,4088890000,,,,,,,
2011-07-04,658818,6.4743,6.5335,6.4325,6.5265,0.0975,1.52,1.19,12301485.24,,,38.4632,2.2704,7.2244,139.4012,4150910000,,,,,,,
2011-07-05,497781,6.5474,6.5822,6.4603,6.5404,0.0139,0.21,0.9,9325131.71,,,38.5453,2.2753,7.2399,139.6987,4159770000,,,,,,,
2011-07-06,1046985,6.5439,6.6414,6.5091,6.638,0.0976,1.49,1.89,19815080.51,,,39.12,2.3092,7.3478,141.7815,4221790000,,,,,,,
2011-07-07,1346136,6.6832,6.8121,6.6205,6.7181,0.0801,1.21,2.43,25983405.55,,,39.592,2.3371,7.4365,143.4924,4272735000,,,,,,,
2011-07-08,369221,6.7215,6.7459,6.6414,6.6623,-0.0558,-0.83,0.67,7069876,,,39.2636,2.3177,7.3748,142.3022,4237295000,,,,,,,
2011-07-11,411575,6.6171,6.7041,6.5822,6.6797,0.0174,0.26,0.74,7846967.47,,,39.3662,2.3237,7.3941,142.6742,4248370000,,,,,,,
2011-07-12,1503121,6.6519,6.6519,6.4081,6.4778,-0.2019,-3.02,2.71,28006457.56,,,38.1758,2.2535,7.1705,138.3597,4119900000,,,,,,,
2011-07-13,1160126,6.3907,6.5439,6.3872,6.523,0.0452,0.7,2.09,21645912.4,,,38.4426,2.2692,7.2206,139.3268,4148695000,,,,,,,
2011-07-14,1537705,6.5404,6.6797,6.5161,6.6797,0.1567,2.4,2.77,29124143.53,,,39.3662,2.3237,7.3941,142.6742,4248370000,,,,,,,
2011-07-15,2850990,6.6972,6.8504,6.6728,6.7459,0.0662,0.99,5.14,55378894.53,,,39.7562,2.3468,7.4673,144.0875,4290455000,,,,,,,
2011-07-18,1390257,6.7564,6.8783,6.7564,6.7807,0.0348,0.52,2.5,27136493.39,,,39.9615,2.3589,7.5059,144.8314,4312605000,,,,,,,
2011-07-19,1618879,6.7807,6.7807,6.5579,6.6136,-0.1671,-2.46,2.92,30832506.19,,,38.9763,2.3007,7.3208,141.2608,4206285000,,,,,,,
2011-07-20,1084209,6.624,6.7041,6.5126,6.5927,-0.0209,-0.32,1.95,20495954.74,,,38.8531,2.2934,7.2977,140.8145,4192995000,,,,,,,
2011-07-21,689642,6.5613,6.5822,6.5091,6.5195,-0.0732,-1.11,1.24,12930193.7,,,38.4221,2.268,7.2167,139.2524,4146480000,,,,,,,
2011-07-22,505564,6.5648,6.6066,6.5195,6.5613,0.0418,0.64,0.91,9519371.01,,,38.6684,2.2825,7.263,140.145,4173060000,,,,,,,
2011-07-25,719440,6.5613,6.5718,6.3489,6.3559,-0.2054,-3.13,1.3,13302401.42,,,37.4575,2.2111,7.0355,135.7562,4042375000,,,,,,,
2011-07-26,701786,6.3559,6.4011,6.234,6.2688,-0.0871,-1.37,1.26,12660189.56,,,36.9443,2.1808,6.9392,133.8965,3987000000,,,,,,,
2011-07-27,541776,6.2862,6.4081,6.2096,6.4046,0.1358,2.17,0.98,9882804.72,,,37.7448,2.228,7.0895,136.7976,4073385000,,,,,,,
2011-07-28,1099172,6.3698,6.4917,6.2758,6.4429,0.0383,0.6,1.98,20249333.43,,,37.9706,2.2414,7.1319,137.6159,4097750000,,,,,,,
2011-07-29,834762,6.4394,6.4569,6.2897,6.328,-0.1149,-1.78,1.5,15289453.72,,,37.2933,2.2014,7.0047,135.1611,4024655000,,,,,,,
2011-08-01,892843,6.321,6.5056,6.2688,6.4429,0.1149,1.82,1.61,16441737.1,,,37.9706,2.2414,7.1319,137.6159,4097750000,,,,,,,
2011-08-02,4584814,6.4603,6.7807,6.4116,6.7668,0.3239,5.03,8.26,87852278.02,,,39.8794,2.354,7.4904,144.5339,4303745000,,,,,,,
2011-08-03,3760757,6.6519,6.8783,6.6345,6.7738,0.007,0.1,6.78,73477899.39,,,39.9204,2.3564,7.4982,144.6826,4308175000,,,,,,,
2011-08-04,2202344,6.7842,6.9131,6.6867,6.7947,0.0209,0.31,3.97,43040594.94,,,40.0436,2.3637,7.5213,145.1289,4321465000,,,,,,,
2011-08-05,1646900,6.5753,6.8887,6.2688,6.7355,-0.0592,-0.87,2.97,31686387.15,,,39.6946,2.3431,7.4557,143.8644,4283810000,,,,,,,
2011-08-08,2466432,6.6519,6.8852,6.3802,6.624,-0.1115,-1.66,4.44,47181691.07,,,39.0379,2.3044,7.3324,141.484,4212930000,,,,,,,
2011-08-09,2154514,6.429,6.7529,6.321,6.7424,0.1184,1.79,3.88,40837008.32,,,39.7357,2.3455,7.4635,144.0131,4288240000,,,,,,,
2011-08-10,3479533,6.927,6.9549,6.7982,6.8434,0.101,1.5,6.27,68865565.34,,,40.3309,2.3807,7.5753,146.1704,4352475000,,,,,,,
2011-08-11,3860993,6.7041,7.0907,6.631,7.0907,0.2473,3.61,6.96,77455260.66,,,41.7882,2.4667,7.849,151.4518,4509740000,,,,,,,
2011-08-12,4718320,7.1673,7.3658,7.0489,7.2614,0.1707,2.41,8.5,97879755.69,,,42.7939,2.5261,8.0379,155.0968,4618275000,,,,,,,
2011-08-15,2207406,7.2335,7.2788,7.1743,7.2335,-0.0279,-0.38,3.98,45808305.93,,,42.6297,2.5164,8.007,154.5017,4600555000,,,,,,,
2011-08-16,2381492,7.2439,7.3136,6.9688,7.0315,-0.202,-2.79,4.29,48734362.67,,,41.4392,2.4461,7.7834,150.1873,4472085000,,,,,,,
2011-08-17,1652865,7.0385,7.1151,6.8783,6.9653,-0.0662,-0.94,2.98,33054272.33,,,41.0493,2.4231,7.7102,148.7739,4430000000,,,,,,,
2011-08-18,1232465,6.9584,7.0106,6.826,6.833,-0.1323,-1.9,2.22,24465109.81,,,40.2693,2.377,7.5637,145.9472,4345830000,,,,,,,
2011-08-19,1052595,6.7181,6.9201,6.6136,6.8748,0.0418,0.61,1.9,20507333.94,,,40.5156,2.3916,7.6099,146.8398,4372410000,,,,,,,
2011-08-22,900670,6.8156,7.0141,6.8156,6.8992,0.0244,0.35,1.62,17884713.62,,,40.6593,2.4001,7.6369,147.3606,4387915000,,,,,,,
2011-08-23,1879025,6.9305,7.1673,6.8678,7.129,0.2298,3.33,3.39,38029009.92,,,42.0139,2.48,7.8914,152.2701,4534105000,,,,,,,
2011-08-24,1647399,7.1638,7.2021,7.0385,7.0907,-0.0383,-0.54,2.97,33608669.95,,,41.7882,2.4667,7.849,151.4518,4509740000,,,,,,,
2011-08-25,1604165,7.0768,7.1325,6.8992,7.028,-0.0627,-0.88,2.89,32173170.61,,,41.4187,2.4449,7.7796,150.1129,4469870000,,,,,,,
2011-08-26,1773981,6.9758,7.1917,6.9758,7.1499,0.1219,1.73,3.2,36176488.6,,,42.1371,2.4873,7.9145,152.7164,4547395000,,,,,,,
2011-08-29,1127096,7.1499,7.1952,7.035,7.0385,-0.1114,-1.56,2.03,23055389.33,,,41.4803,2.4485,7.7911,150.336,4476515000,,,,,,,
2011-08-30,1004376,7.0559,7.1255,6.8608,6.8713,-0.1672,-2.38,1.81,20168335.85,,,40.4951,2.3904,7.6061,146.7655,4370195000,,,,,,,
2011-08-31,659386,6.8713,6.927,6.732,6.7912,-0.0801,-1.17,1.19,12896513.38,,,40.023,2.3625,7.5174,145.0546,4319250000,,,,,,,
2011-09-01,549230,6.7982,6.8887,6.6972,6.739,-0.0522,-0.77,0.99,10724471.2,,,39.7152,2.3443,7.4596,143.9388,4286025000,,,,,,,
2011-09-02,697739,6.6972,6.7668,6.5474,6.6275,-0.1115,-1.65,1.26,13298645.72,,,39.0584,2.3056,7.3362,141.5584,4215145000,,,,,,,
2011-09-05,631061,6.5927,6.6136,6.4325,6.4464,-0.1811,-2.73,1.14,11778515.08,,,37.9911,2.2426,7.1358,137.6903,4099965000,,,,,,,
2011-09-06,386838,6.4081,6.4778,6.3559,6.3907,-0.0557,-0.86,0.7,7120195.71,,,37.6627,2.2232,7.0741,136.5001,4064525000,,,,,,,
2011-09-07,507156,6.4464,6.5718,6.4464,6.5683,0.1776,2.78,0.91,9487606.2,,,38.7095,2.285,7.2707,140.2938,4177490000,,,,,,,
2011-09-08,384030,6.5822,6.6519,6.4325,6.436,-0.1323,-2.01,0.69,7198239.4,,,37.9295,2.2389,7.1242,137.4671,4093320000,,,,,,,
2011-09-09,252590,6.4255,6.53,6.3733,6.3977,-0.0383,-0.6,0.46,4666992.79,,,37.7038,2.2256,7.0818,136.6488,4068955000,,,,,,,
2011-09-13,224344,6.3872,6.3872,6.3106,6.3524,-0.0453,-0.71,0.4,4084797.3,,,37.4369,2.2099,7.0317,135.6818,4040160000,,,,,,,
2011-09-14,253164,6.3977,6.4394,6.3419,6.4394,0.087,1.37,0.46,4645347.83,,,37.95,2.2401,7.1281,137.5415,4095535000,,,,,,,
2011-09-15,271426,6.4464,6.53,6.4464,6.4638,0.0244,0.38,0.49,5058414.74,,,38.0937,2.2486,7.155,138.0622,4111040000,,,,,,,
2011-09-16,267792,6.4952,6.5126,6.4046,6.436,-0.0278,-0.43,0.48,4956846.6,,,37.9295,2.2389,7.1242,137.4671,4093320000,,,,,,,
2011-09-19,231377,6.3733,6.4325,6.2758,6.2758,-0.1602,-2.49,0.42,4199078.54,,,36.9854,2.1832,6.9469,134.0453,3991430000,,,,,,,
2011-09-20,217441,6.2409,6.321,6.2305,6.2897,0.0139,0.22,0.39,3917512.06,,,37.0675,2.188,6.9623,134.3428,4000290000,,,,,,,
2011-09-21,340463,6.2967,6.4812,6.2897,6.4534,0.1637,2.6,0.61,6281321.93,,,38.0321,2.245,7.1435,137.839,4104395000,,,,,,,
2011-09-22,214295,6.436,6.4638,6.3315,6.3384,-0.115,-1.78,0.39,3929511.53,,,37.3548,2.205,7.0163,135.3843,4031300000,,,,,,,
2011-09-23,283741,6.2618,6.3419,6.2235,6.3036,-0.0348,-0.55,0.51,5114619.11,,,37.1496,2.1929,6.9777,134.6404,4009150000,,,,,,,
2011-09-26,263668,6.2862,6.321,6.1991,6.2131,-0.0905,-1.44,0.48,4735841.4,,,36.6159,2.1614,6.8775,132.7063,3951560000,,,,,,,
2011-09-27,197500,6.3036,6.3071,6.1678,6.2096,-0.0035,-0.06,0.36,3529422.92,,,36.5954,2.1602,6.8736,132.6319,3949345000,,,,,,,
2011-09-28,226508,6.2479,6.2827,6.0598,6.0738,-0.1358,-2.19,0.41,4007978.04,,,35.795,2.1129,6.7233,129.7309,3862960000,,,,,,,
2011-09-29,467670,6.0598,6.1991,6.018,6.126,0.0522,0.86,0.84,8234716.65,,,36.1028,2.1311,6.7811,130.8467,3896185000,,,,,,,
2011-09-30,191957,6.0947,6.1539,6.0285,6.0877,-0.0383,-0.63,0.35,3349858.98,,,33.4926,2.0814,6.4936,-533.7551,3871820000,,,,,,,
2011-10-10,138449,6.126,6.1469,6.025,6.0285,-0.0592,-0.97,0.25,2412117.58,,,33.1669,2.0612,6.4305,-528.5642,3834165000,,,,,,,
2011-10-11,161202,6.1295,6.1991,5.9832,6.0285,0,0,0.29,2812162.56,,,33.1669,2.0612,6.4305,-528.5642,3834165000,,,,,,,
2011-10-12,1190157,6.0285,6.1817,5.9832,6.1643,0.1358,2.25,2.14,20829323.78,,,33.9141,2.1076,6.5753,-540.4729,3920550000,,,,,,,
2011-10-13,839653,6.133,6.2758,6.1051,6.234,0.0697,1.13,1.51,14968294.16,,,34.2974,2.1314,6.6496,-546.5799,3964850000,,,,,,,
2011-10-14,417146,6.1713,6.227,6.119,6.1643,-0.0697,-1.12,0.75,7376435.62,,,33.9141,2.1076,6.5753,-540.4729,3920550000,,,,,,,
2011-10-17,305082,6.1852,6.2374,6.1643,6.2166,0.0523,0.85,0.55,5433492.72,,,34.2016,2.1255,6.6311,-545.0532,3953775000,,,,,,,
2011-10-18,463389,6.1957,6.1957,5.9554,5.9554,-0.2612,-4.2,0.83,8065303.09,,,32.7645,2.0362,6.3524,-522.1518,3787650000,,,,,,,
2011-10-19,231926,5.9658,6.025,5.9484,5.9623,0.0069,0.12,0.42,3984556.37,,,32.8028,2.0385,6.3599,-522.7625,3792080000,,,,,,,
2011-10-20,433400,6.0076,6.0076,5.816,5.816,-0.1463,-2.45,0.78,7304133.13,,,31.9981,1.9885,6.2038,-509.9377,3699050000,,,,,,,
2011-10-21,183139,5.816,5.8648,5.7673,5.7917,-0.0243,-0.42,0.33,3056621.52,,,31.864,1.9802,6.1778,-507.8002,3683545000,,,,,,,
2011-10-24,238073,5.7986,5.8613,5.729,5.8544,0.0627,1.08,0.43,3966126.53,,,32.2089,2.0016,6.2447,-513.2966,3723415000,,,,,,,
2011-10-25,406908,5.8578,6.0215,5.8195,5.9971,0.1427,2.44,0.73,6930338.54,,,32.9944,2.0505,6.397,-525.816,3814230000,,,,,,,
2011-10-26,395813,5.9275,6.0947,5.9275,6.0111,0.014,0.23,0.71,6855387.37,,,33.0711,2.0552,6.4119,-527.0374,3823090000,,,,,,,
2011-10-27,298253,6.0146,6.0389,5.9588,5.9728,-0.0383,-0.64,0.54,5129995.92,,,32.8603,2.0421,6.371,-523.6785,3798725000,,,,,,,
2011-10-28,488428,6.0006,6.0947,5.9902,6.0807,0.1079,1.81,0.88,8465096.18,,,33.4543,2.079,6.4862,-533.1444,3867390000,,,,,,,
2011-10-31,382742,6.0912,6.1365,6.0633,6.1156,0.0349,0.57,0.69,6705888.22,,,33.6459,2.0909,6.5233,-536.198,3889540000,,,,,,,
2011-11-01,308780,6.0355,6.133,6.032,6.0529,-0.0627,-1.03,0.56,5395803.94,,,33.301,2.0695,6.4565,-530.7016,3849670000,,,,,,,
2011-11-02,654130,5.9937,6.1852,5.9484,6.1782,0.1253,2.07,1.18,11423158.19,,,33.9908,2.1124,6.5902,-541.6943,3929410000,,,,,,,
2011-11-03,960246,6.1782,6.328,6.1573,6.1643,-0.0139,-0.22,1.73,17221720.49,,,33.9141,2.1076,6.5753,-540.4729,3920550000,,,,,,,
2011-11-04,574102,6.2305,6.2305,6.1365,6.1643,0,0,1.03,10174887.81,,,33.9141,2.1076,6.5753,-540.4729,3920550000,,,,,,,
2011-11-07,395501,6.1643,6.2166,6.133,6.1469,-0.0174,-0.28,0.71,7005093.11,,,33.8183,2.1017,6.5568,-538.9461,3909475000,,,,,,,
2011-11-08,559022,6.1295,6.1817,6.025,6.0355,-0.1114,-1.81,1.01,9788414.01,,,33.2052,2.0636,6.4379,-529.1749,3838595000,,,,,,,
2011-11-09,565657,6.0738,6.119,5.9971,6.119,0.0835,1.38,1.02,9868516.33,,,33.6651,2.0921,6.527,-536.5033,3891755000,,,,,,,
2011-11-10,1818532,6.0947,6.2514,6.0529,6.1748,0.0558,0.91,3.28,32354163.06,,,33.9716,2.1112,6.5865,-541.3889,3927195000,,,,,,,
2011-11-11,1580956,6.1643,6.2862,6.1469,6.2061,0.0313,0.51,2.85,28284171.3,,,34.1441,2.1219,6.6199,-544.1371,3947130000,,,,,,,
2011-11-14,2039646,6.2583,6.3489,6.234,6.321,0.1149,1.85,3.67,36911980.37,,,34.7764,2.1612,6.7425,-554.2137,4020225000,,,,,,,
2011-11-15,1086298,6.3245,6.3419,6.2514,6.3106,-0.0104,-0.16,1.96,19630506.11,,,34.7189,2.1576,6.7314,-553.2977,4013580000,,,,,,,
2011-11-16,948605,6.3245,6.3245,6.0807,6.1051,-0.2055,-3.26,1.71,16842269.33,,,33.5884,2.0874,6.5122,-535.2819,3882895000,,,,,,,
2011-11-17,681390,6.1539,6.2514,6.0877,6.1504,0.0453,0.74,1.23,12042312.94,,,33.8375,2.1028,6.5605,-539.2515,3911690000,,,,,,,
2011-11-18,629515,6.133,6.133,5.9693,5.9763,-0.1741,-2.83,1.13,10901786.09,,,32.8795,2.0433,6.3747,-523.9839,3800940000,,,,,,,
2011-11-21,337571,5.9797,6.018,5.9554,5.9971,0.0208,0.35,0.61,5796936.33,,,32.9944,2.0505,6.397,-525.816,3814230000,,,,,,,
2011-11-22,322397,5.9623,6.0111,5.8787,5.9797,-0.0174,-0.29,0.58,5511798.85,,,32.8986,2.0445,6.3784,-524.2892,3803155000,,,,,,,
2011-11-23,292250,5.9797,6.0215,5.931,6.0146,0.0349,0.58,0.53,5023368.53,,,33.0902,2.0564,6.4156,-527.3428,3825305000,,,,,,,
2011-11-24,351319,6.0041,6.0215,5.9101,5.9763,-0.0383,-0.64,0.63,6009003.11,,,32.8795,2.0433,6.3747,-523.9839,3800940000,,,,,,,
2011-11-25,425495,6.018,6.0215,5.8822,5.8996,-0.0767,-1.28,0.77,7250051.23,,,32.4579,2.0171,6.293,-517.2661,3752210000,,,,,,,
2011-11-28,297548,5.8787,5.9554,5.8509,5.9031,0.0035,0.06,0.54,5033706.01,,,32.4771,2.0183,6.2967,-517.5715,3754425000,,,,,,,
2011-11-29,420804,5.9484,5.9832,5.8927,5.9832,0.0801,1.36,0.76,7177607.41,,,32.9178,2.0457,6.3822,-524.5946,3805370000,,,,,,,
2011-11-30,810778,5.9902,5.9902,5.6767,5.7325,-0.2507,-4.19,1.46,13545053.85,,,31.5382,1.96,6.1147,-502.6092,3645890000,,,,,,,
2011-12-01,739600,5.9031,5.9136,5.7986,5.816,0.0835,1.46,1.33,12443736.95,,,31.9981,1.9885,6.2038,-509.9377,3699050000,,,,,,,
2011-12-02,399707,5.7568,5.8126,5.6976,5.7046,-0.1114,-1.92,0.72,6570356.57,,,31.385,1.9504,6.085,-500.1664,3628170000,,,,,,,
2011-12-05,322801,5.7081,5.7081,5.5792,5.5792,-0.1254,-2.2,0.58,5206096.62,,,30.6952,1.9076,5.9512,-489.1738,3548430000,,,,,,,
2011-12-06,179205,5.6106,5.6384,5.5827,5.6315,0.0523,0.94,0.32,2886452.19,,,30.9826,1.9254,6.007,-493.754,3581655000,,,,,,,
2011-12-07,125202,5.6349,5.6558,5.6071,5.6349,0.0034,0.06,0.23,2024778.28,,,31.0017,1.9266,6.0107,-494.0594,3583870000,,,,,,,
2011-12-08,239268,5.6558,5.7116,5.5723,5.6593,0.0244,0.43,0.43,3874171.48,,,31.1359,1.935,6.0367,-496.1969,3599375000,,,,,,,
2011-12-09,141422,5.5792,5.6698,5.5792,5.6628,0.0035,0.06,0.25,2286676.22,,,31.155,1.9361,6.0404,-496.5022,3601590000,,,,,,,
2011-12-12,113051,5.6733,5.6733,5.6071,5.6349,-0.0279,-0.49,0.2,1826627.69,,,31.0017,1.9266,6.0107,-494.0594,3583870000,,,,,,,
2011-12-13,312377,5.6071,5.6071,5.4678,5.4887,-0.1462,-2.59,0.56,4958416.72,,,30.197,1.8766,5.8546,-481.2346,3490840000,,,,,,,
2011-12-14,134300,5.4678,5.5131,5.4225,5.4434,-0.0453,-0.83,0.24,2108637,,,29.9479,1.8611,5.8064,-477.265,3462045000,,,,,,,
2011-12-15,419069,5.4364,5.4608,5.2066,5.2066,-0.2368,-4.35,0.76,6402423.97,,,28.645,1.7802,5.5537,-456.5011,3311425000,,,,,,,
2011-12-16,1236401,5.1648,5.2588,5.1195,5.224,0.0174,0.33,2.23,18386971.07,,,28.7408,1.7861,5.5723,-458.0279,3322500000,,,,,,,
2011-12-19,595642,5.217,5.217,5.0185,5.1683,-0.0557,-1.07,1.07,8745183.53,,,28.4342,1.7671,5.5129,-453.1422,3287060000,,,,,,,
2011-12-20,448898,5.1718,5.224,5.0917,5.1195,-0.0488,-0.94,0.81,6660707.62,,,28.166,1.7504,5.4609,-448.8673,3256050000,,,,,,,
2011-12-21,328749,5.13,5.1892,4.9872,4.9907,-0.1288,-2.52,0.59,4815933.97,,,27.457,1.7063,5.3234,-437.5693,3174095000,,,,,,,
2011-12-22,540588,4.9106,5.0847,4.7712,4.8409,-0.1498,-3,0.97,7545853.18,,,26.6331,1.6551,5.1637,-424.4392,3078850000,,,,,,,
2011-12-23,279020,4.8757,4.9384,4.7712,4.8653,0.0244,0.5,0.5,3914522.36,,,26.7673,1.6635,5.1897,-426.5766,3094355000,,,,,,,
2011-12-26,129100,4.8374,4.9106,4.8374,4.8513,-0.014,-0.29,0.23,1809629,,,26.6906,1.6587,5.1748,-425.3552,3085495000,,,,,,,
2011-12-27,289979,4.8513,4.8757,4.6668,4.7016,-0.1497,-3.09,0.52,3972525.2,,,25.8667,1.6075,5.0151,-412.2251,2990250000,,,,,,,
2011-12-28,283120,4.712,4.712,4.5344,4.6285,-0.0731,-1.55,0.51,3743234.88,,,25.4643,1.5825,4.9371,-405.8127,2943735000,,,,,,,
2011-12-29,172030,4.5971,4.6598,4.5971,4.6145,-0.014,-0.3,0.31,2290019.59,,,25.3877,1.5777,4.9222,-404.5913,2934875000,,,,,,,
2011-12-30,241331,4.6598,4.6877,4.6145,4.6842,0.0697,1.51,0.43,3229487.56,,,25.7709,1.6015,4.9965,-410.6983,2979175000,,,,,,,
2012-01-04,239052,4.7016,4.7643,4.5379,4.5484,-0.1358,-2.9,0.43,3208137.76,,,26.5555,1.5375,4.8691,-76.3157,2892790000,,,,,,,
2012-01-05,259276,4.5484,4.5553,4.3812,4.4091,-0.1393,-3.06,0.47,3316143.11,,,25.7422,1.4904,4.72,-73.9783,2804190000,,,,,,,
2012-01-06,153007,4.3568,4.4369,4.3115,4.4195,0.0104,0.24,0.28,1917094.71,,,25.8032,1.4939,4.7312,-74.1536,2810835000,,,,,,,
2012-01-09,320710,4.4195,4.5902,4.3812,4.5797,0.1602,3.62,0.58,4157635.03,,,26.7385,1.5481,4.9027,-76.8416,2912725000,,,,,,,
2012-01-10,482316,4.5727,4.7399,4.5623,4.7295,0.1498,3.27,0.87,6489536.69,,,27.6129,1.5987,5.063,-79.3543,3007970000,,,,,,,
2012-01-11,389957,4.6946,4.7608,4.6633,4.7016,-0.0279,-0.59,0.7,5272117.72,,,27.4502,1.5893,5.0332,-78.8868,2990250000,,,,,,,
2012-01-12,317559,4.6528,4.726,4.6354,4.6842,-0.0174,-0.37,0.57,4264984.76,,,27.3485,1.5834,5.0145,-78.5946,2979175000,,,,,,,
2012-01-13,354903,4.6911,4.7364,4.4265,4.4613,-0.2229,-4.76,0.64,4620855.26,,,26.0472,1.5081,4.7759,-74.8548,2837415000,,,,,,,
2012-01-16,221005,4.423,4.4578,4.2837,4.2941,-0.1672,-3.75,0.4,2767611.89,,,25.0712,1.4516,4.597,-72.0499,2731095000,,,,,,,
2012-01-17,392919,4.3673,4.5971,4.2941,4.5518,0.2577,6,0.71,5024817.75,,,26.5759,1.5387,4.8728,-76.3741,2895005000,,,,,,,
2012-01-18,358446,4.6145,4.6145,4.3777,4.4195,-0.1323,-2.91,0.65,4602223.22,,,25.8032,1.4939,4.7312,-74.1536,2810835000,,,,,,,
2012-01-19,250567,4.423,4.5275,4.3951,4.51,0.0905,2.05,0.45,3223867.05,,,26.3319,1.5245,4.8281,-75.6729,2868425000,,,,,,,
2012-01-20,280061,4.524,4.5693,4.4822,4.5518,0.0418,0.93,0.5,3652495.63,,,26.5759,1.5387,4.8728,-76.3741,2895005000,,,,,,,
2012-01-30,267913,4.5936,4.5936,4.524,4.5518,0,0,0.48,3506819.66,,,26.5759,1.5387,4.8728,-76.3741,2895005000,,,,,,,
2012-01-31,226443,4.5727,4.5727,4.4578,4.4892,-0.0626,-1.38,0.41,2921140.66,,,26.2099,1.5175,4.8057,-75.3223,2855135000,,,,,,,
2012-02-01,195015,4.4822,4.5693,4.4648,4.4787,-0.0105,-0.23,0.35,2536198.25,,,26.1489,1.514,4.7945,-75.147,2848490000,,,,,,,
2012-02-02,181284,4.5484,4.5588,4.4857,4.5484,0.0697,1.56,0.33,2359653.07,,,26.5555,1.5375,4.8691,-76.3157,2892790000,,,,,,,
2012-02-03,410576,4.5518,4.6494,4.5484,4.6319,0.0835,1.84,0.74,5430292.03,,,27.0435,1.5658,4.9586,-77.7181,2945950000,,,,,,,
2012-02-06,389553,4.6319,4.6946,4.625,4.6633,0.0314,0.68,0.7,5210477.47,,,27.2265,1.5763,4.9921,-78.244,2965885000,,,,,,,
2012-02-07,297972,4.6424,4.6633,4.5553,4.5727,-0.0906,-1.94,0.54,3932739.81,,,26.6979,1.5457,4.8952,-76.7247,2908295000,,,,,,,
2012-02-08,546519,4.5518,4.6911,4.5344,4.6911,0.1184,2.59,0.98,7289814.17,,,27.3892,1.5858,5.022,-78.7115,2983605000,,,,,,,
2012-02-09,715985,4.7295,4.7747,4.6772,4.719,0.0279,0.59,1.29,9732701.18,,,27.5519,1.5952,5.0518,-79.179,3001325000,,,,,,,
2012-02-10,773841,4.7016,4.9698,4.7016,4.7747,0.0557,1.18,1.39,10668630.46,,,27.8772,1.614,5.1115,-80.1139,3036765000,,,,,,,
2012-02-13,743217,4.7712,4.8688,4.6946,4.8444,0.0697,1.46,1.34,10259355.94,,,28.2839,1.6376,5.186,-81.2826,3081065000,,,,,,,
2012-02-14,382979,4.8548,4.8722,4.7747,4.813,-0.0314,-0.65,0.69,5288257.99,,,28.1009,1.627,5.1525,-80.7567,3061130000,,,,,,,
2012-02-15,628486,4.8374,4.8931,4.7817,4.8688,0.0558,1.16,1.13,8751181.46,,,28.4262,1.6458,5.2121,-81.6917,3096570000,,,,,,,
2012-02-16,676028,4.8479,4.9036,4.8061,4.82,-0.0488,-1,1.22,9432445.93,,,28.1416,1.6293,5.1599,-80.8736,3065560000,,,,,,,
2012-02-17,500101,4.8235,4.8897,4.7504,4.8061,-0.0139,-0.29,0.9,6898672.61,,,28.0602,1.6246,5.145,-80.6398,3056700000,,,,,,,
2012-02-20,541100,4.8653,4.8931,4.8096,4.8165,0.0104,0.22,0.98,7535066.59,,,28.1212,1.6281,5.1562,-80.8151,3063345000,,,,,,,
2012-02-21,838223,4.8583,4.928,4.7817,4.9245,0.108,2.24,1.51,11684659.09,,,28.7516,1.6646,5.2718,-82.6266,3132010000,,,,,,,
2012-02-22,1437307,4.8862,5.0847,4.8862,5.0568,0.1323,2.69,2.59,20683400,,,29.5242,1.7094,5.4134,-84.8471,3216180000,,,,,,,
2012-02-23,1219533,5.0847,5.1021,5.0116,5.0603,0.0035,0.07,2.2,17698823.06,,,29.5446,1.7106,5.4172,-84.9056,3218395000,,,,,,,
2012-02-24,920273,5.0603,5.1021,5.0185,5.0917,0.0314,0.62,1.66,13393853.07,,,29.7276,1.7211,5.4507,-85.4315,3238330000,,,,,,,
2012-02-28,895322,5.0742,5.0742,4.928,4.9837,-0.108,-2.12,1.61,12803828.95,,,29.0972,1.6847,5.3351,-83.62,3169665000,,,,,,,
2012-02-29,593331,4.9732,4.9837,4.8827,4.9036,-0.0801,-1.61,1.07,8405107.33,,,28.6296,1.6576,5.2494,-82.276,3118720000,,,,,,,
2012-03-01,374772,4.9036,4.9593,4.8827,4.928,0.0244,0.5,0.68,5304944.88,,,28.7719,1.6658,5.2755,-82.685,3134225000,,,,,,,
2012-03-02,539970,4.9732,5.029,4.9384,5.0255,0.0975,1.98,0.97,7749163.65,,,29.3412,1.6988,5.3799,-84.3212,3196245000,,,,,,,
2012-03-05,667861,5.0255,5.0742,5.015,5.0499,0.0244,0.49,1.2,9677890.68,,,29.4836,1.707,5.406,-84.7303,3211750000,,,,,,,
2012-03-06,372049,5.0464,5.0464,4.9071,4.9489,-0.101,-2,0.67,5291343.43,,,28.8939,1.6729,5.2979,-83.0357,3147515000,,,,,,,
2012-03-07,460378,4.8827,4.9767,4.8757,4.9593,0.0104,0.21,0.83,6534027.05,,,28.9549,1.6764,5.309,-83.211,3154160000,,,,,,,
2012-03-08,469239,4.9523,5.0324,4.9489,5.015,0.0557,1.12,0.85,6735229.69,,,29.2802,1.6952,5.3687,-84.1459,3189600000,,,,,,,
2012-03-09,1245189,5.0046,5.1543,5.0046,5.1439,0.1289,2.57,2.24,18264473.24,,,30.0326,1.7388,5.5066,-86.308,3271555000,,,,,,,
2012-03-12,619624,5.1439,5.1439,5.0951,5.1265,-0.0174,-0.34,1.12,9108053.87,,,29.9309,1.7329,5.488,-86.0158,3260480000,,,,,,,
2012-03-13,825272,5.1195,5.1996,5.1195,5.1752,0.0487,0.95,1.49,12244353.49,,,30.2156,1.7494,5.5402,-86.8339,3291490000,,,,,,,
2012-03-14,1153830,5.2101,5.2205,4.921,4.9663,-0.2089,-4.04,2.08,17004749.26,,,28.9956,1.6788,5.3165,-83.3278,3158590000,,,,,,,
2012-03-15,815316,4.9628,5.0081,4.8444,4.8722,-0.0941,-1.89,1.47,11497457.85,,,28.4466,1.647,5.2158,-81.7501,3098785000,,,,,,,
2012-03-16,469577,4.9349,4.9593,4.8479,4.9489,0.0767,1.57,0.85,6634784.31,,,28.8939,1.6729,5.2979,-83.0357,3147515000,,,,,,,
2012-03-19,591795,4.9558,5.0568,4.9245,5.0533,0.1044,2.11,1.07,8483191.24,,,29.5039,1.7082,5.4097,-84.7887,3213965000,,,,,,,
2012-03-20,447400,5.015,5.0324,4.9071,4.9106,-0.1427,-2.82,0.81,6373164.4,,,28.6702,1.6599,5.2569,-82.3929,3123150000,,,,,,,
2012-03-21,449500,4.9384,4.9802,4.8235,4.8931,-0.0175,-0.36,0.81,6325292.31,,,28.5686,1.654,5.2382,-82.1007,3112075000,,,,,,,
2012-03-22,337825,4.8548,4.9349,4.8479,4.921,0.0279,0.57,0.61,4752434.93,,,28.7312,1.6635,5.268,-82.5682,3129795000,,,,,,,
2012-03-23,361421,4.8722,4.9802,4.8513,4.928,0.007,0.14,0.65,5105486.75,,,28.7719,1.6658,5.2755,-82.685,3134225000,,,,,,,
2012-03-26,263335,4.8931,4.928,4.8444,4.8827,-0.0453,-0.92,0.47,3683838.31,,,28.5076,1.6505,5.227,-81.9254,3105430000,,,,,,,
2012-03-27,494067,4.8931,4.9802,4.8931,4.9628,0.0801,1.64,0.52,7017395.9,,,28.9752,1.6776,5.3128,-83.2694,3156375000,,,,,,,
2012-03-28,529946,4.9384,4.9593,4.7051,4.719,-0.2438,-4.91,0.55,7283271.91,,,27.5519,1.5952,5.0518,-79.179,3001325000,,,,,,,
2012-03-29,478856,4.5344,4.6389,4.4926,4.517,-0.202,-4.28,0.5,6268430.81,,,26.3725,1.5269,4.8356,-75.7898,2872855000,,,,,,,
2012-03-30,304158,4.5693,4.5693,4.4508,4.4717,-0.0453,-1,0.32,3931358.1,,,26.1082,1.5116,4.7871,-75.0301,2844060000,,,,,,,
2012-04-05,504515,4.5275,4.5588,4.4752,4.5553,0.0836,1.87,0.53,6543869.5,,,27.2495,1.5236,4.8837,108.2608,2897220000,,,,,,,
2012-04-06,244428,4.5344,4.5693,4.5135,4.5449,-0.0104,-0.23,0.26,3192536.8,,,27.187,1.5201,4.8725,108.0125,2890575000,,,,,,,
2012-04-09,255622,4.5449,4.5484,4.5135,4.5135,-0.0314,-0.69,0.27,3323465.33,,,26.9995,1.5097,4.8389,107.2676,2870640000,,,,,,,
2012-04-10,208440,4.4926,4.5135,4.4299,4.5066,-0.0069,-0.15,0.22,2676259.23,,,26.9579,1.5073,4.8314,107.102,2866210000,,,,,,,
2012-04-11,126609,4.4648,4.5449,4.4648,4.5066,0,0,0.13,1639179.57,,,26.9579,1.5073,4.8314,107.102,2866210000,,,,,,,
2012-04-12,388251,4.5344,4.5971,4.5309,4.5902,0.0836,1.86,0.41,5098558.75,,,27.4579,1.5353,4.921,109.0885,2919370000,,,,,,,
2012-04-13,437795,4.5936,4.6633,4.5902,4.6215,0.0313,0.68,0.46,5808283.95,,,27.6453,1.5458,4.9546,109.8334,2939305000,,,,,,,
2012-04-16,339729,4.5623,4.611,4.5518,4.5658,-0.0557,-1.21,0.36,4461665.38,,,27.312,1.5271,4.8949,108.5091,2903865000,,,,,,,
2012-04-17,278853,4.5518,4.6006,4.5414,4.5414,-0.0244,-0.53,0.29,3649917.18,,,27.1662,1.519,4.8688,107.9297,2888360000,,,,,,,
2012-04-19,2308650,4.5936,4.8653,4.5832,4.7643,0.2229,4.91,2.41,31195946.17,,,28.4995,1.5935,5.1077,113.2269,3030120000,,,,,,,
2012-04-20,1064486,4.7364,4.7747,4.6563,4.7364,-0.0279,-0.59,1.11,14383305.77,,,28.3328,1.5842,5.0778,112.5647,3012400000,,,,,,,
2012-04-23,1252720,4.6842,4.7225,4.5135,4.5205,-0.2159,-4.56,1.31,16522079.65,,,27.0412,1.512,4.8464,107.4331,2875070000,,,,,,,
2012-04-24,531277,4.517,4.5553,4.3916,4.4578,-0.0627,-1.39,0.56,6820483.59,,,26.6662,1.491,4.7791,105.9433,2835200000,,,,,,,
2012-04-25,353317,4.423,4.4752,4.423,4.4752,0.0174,0.39,0.37,4526576.33,,,26.7704,1.4968,4.7978,106.3571,2846275000,,,,,,,
2012-04-26,255231,4.4926,4.5205,4.4613,4.4787,0.0035,0.08,0.27,3282545.97,,,26.7912,1.498,4.8015,106.4399,2848490000,,,,,,,
2012-04-27,212761,4.4752,4.5205,4.4717,4.4996,0.0209,0.47,0.22,2747630.5,,,26.9162,1.505,4.824,106.9365,2861780000,,,,,,,
2012-05-02,461693,4.5623,4.5797,4.5275,4.5379,0.0383,0.85,0.48,6039692.16,,,27.1454,1.5178,4.865,107.8469,2886145000,,,,,,,
2012-05-03,411515,4.5379,4.5623,4.4996,4.5275,-0.0104,-0.23,0.43,5347245.85,,,27.0829,1.5143,4.8538,107.5986,2879500000,,,,,,,
2012-05-04,634293,4.5553,4.5902,4.5344,4.5832,0.0557,1.23,0.66,8325204.4,,,27.4162,1.533,4.9136,108.9229,2914940000,,,,,,,
2012-05-07,773453,4.5693,4.5971,4.5275,4.5902,0.007,0.15,0.81,10143809.86,,,27.4579,1.5353,4.921,109.0885,2919370000,,,,,,,
2012-05-08,1113950,4.5902,4.6389,4.5762,4.618,0.0278,0.61,1.17,14720121.8,,,27.6245,1.5446,4.9509,109.7506,2937090000,,,,,,,
2012-05-09,595022,4.5936,4.5971,4.5275,4.5379,-0.0801,-1.73,0.62,7771769.87,,,27.1454,1.5178,4.865,107.8469,2886145000,,,,,,,
2012-05-10,516783,4.5379,4.6145,4.5275,4.5658,0.0279,0.61,0.54,6784469.7,,,27.312,1.5271,4.8949,108.5091,2903865000,,,,,,,
2012-05-11,433974,4.5518,4.5867,4.5414,4.5449,-0.0209,-0.46,0.45,5682548.06,,,27.187,1.5201,4.8725,108.0125,2890575000,,,,,,,
2012-05-14,965850,4.5797,4.6598,4.5309,4.5797,0.0348,0.77,1.01,12742826.85,,,27.3954,1.5318,4.9098,108.8401,2912725000,,,,,,,
2012-05-15,1674118,4.5727,4.6598,4.5588,4.625,0.0453,0.99,1.75,22229704.67,,,27.6662,1.5469,4.9584,109.9161,2941520000,,,,,,,
2012-05-16,979310,4.625,4.6494,4.5658,4.5936,-0.0314,-0.68,1.02,12936398.61,,,27.4787,1.5365,4.9248,109.1712,2921585000,,,,,,,
2012-05-17,1128755,4.6285,4.6459,4.5135,4.6459,0.0523,1.14,1.18,14918834.14,,,27.7912,1.5539,4.9808,110.4127,2954810000,,,,,,,
2012-05-18,991900,4.6312,4.6312,4.4684,4.472,-0.1739,-3.74,1.04,12425416,,,25.7495,1.5288,4.6149,102.3015,2737740000,,,,,,,
2012-05-21,439322,4.4539,4.4829,4.3816,4.425,-0.047,-1.05,0.46,5372226.66,,,25.4787,1.5127,4.5663,101.2255,2708945000,,,,,,,
2012-05-22,850084,4.4503,4.4756,4.396,4.4431,0.0181,0.41,0.89,10402547.85,,,25.5829,1.5189,4.585,101.6393,2720020000,,,,,,,
2012-05-23,404493,4.4322,4.4431,4.3852,4.3997,-0.0434,-0.98,0.42,4925935.89,,,25.3329,1.5041,4.5402,100.6461,2693440000,,,,,,,
2012-05-24,273685,4.4033,4.425,4.3888,4.3924,-0.0073,-0.17,0.29,3333083.63,,,25.2912,1.5016,4.5327,100.4806,2689010000,,,,,,,
2012-05-25,520300,4.3779,4.4069,4.3056,4.3092,-0.0832,-1.89,0.54,6257245.29,,,24.8121,1.4732,4.4468,98.5769,2638065000,,,,,,,
2012-05-28,502713,4.3056,4.3309,4.2187,4.3273,0.0181,0.42,0.53,5955966.23,,,24.9162,1.4793,4.4655,98.9907,2649140000,,,,,,,
2012-05-29,456249,4.3164,4.3997,4.3056,4.3816,0.0543,1.25,0.48,5502080.2,,,25.2287,1.4979,4.5215,100.2323,2682365000,,,,,,,
2012-05-30,392079,4.3599,4.4069,4.3526,4.3852,0.0036,0.08,0.41,4751778.84,,,25.2496,1.4991,4.5253,100.315,2684580000,,,,,,,
2012-05-31,395371,4.3635,4.4214,4.3526,4.3924,0.0072,0.16,0.41,4796100.45,,,25.2912,1.5016,4.5327,100.4806,2689010000,,,,,,,
2012-06-01,318228,4.3852,4.425,4.3816,4.3924,0,0,0.33,3872530.97,,,25.2912,1.5016,4.5327,100.4806,2689010000,,,,,,,
2012-06-04,364900,4.3526,4.3526,4.2622,4.2622,-0.1302,-2.96,0.38,4337810.2,,,24.5412,1.4571,4.3983,97.5009,2609270000,,,,,,,
2012-06-05,238369,4.2694,4.2875,4.2441,4.2441,-0.0181,-0.42,0.25,2807988.94,,,24.4371,1.4509,4.3796,97.0871,2598195000,,,,,,,
2012-06-06,186271,4.2875,4.2875,4.226,4.226,-0.0181,-0.43,0.19,2186097.45,,,24.3329,1.4447,4.361,96.6732,2587120000,,,,,,,
2012-06-07,321764,4.2585,4.2694,4.1609,4.1753,-0.0507,-1.2,0.34,3756418.07,,,24.0412,1.4274,4.3087,95.5145,2556110000,,,,,,,
2012-06-08,186820,4.2549,4.2622,4.1826,4.2007,0.0254,0.61,0.2,2175067.28,,,24.1871,1.436,4.3348,96.0938,2571615000,,,,,,,
2012-06-11,266081,4.197,4.302,4.197,4.2875,0.0868,2.07,0.28,3139910.24,,,24.6871,1.4657,4.4244,98.0803,2624775000,,,,,,,
2012-06-12,219782,4.2875,4.2875,4.2224,4.2622,-0.0253,-0.59,0.23,2588081.68,,,24.5412,1.4571,4.3983,97.5009,2609270000,,,,,,,
2012-06-13,312285,4.2622,4.3309,4.2441,4.3201,0.0579,1.36,0.33,3713433.63,,,24.8746,1.4769,4.458,98.8252,2644710000,,,,,,,
2012-06-14,334797,4.3273,4.3345,4.2983,4.2983,-0.0218,-0.5,0.35,3995170.73,,,24.7496,1.4694,4.4356,98.3286,2631420000,,,,,,,
2012-06-15,300316,4.3381,4.3418,4.2694,4.3418,0.0435,1.01,0.31,3577384.82,,,24.9996,1.4843,4.4805,99.3218,2658000000,,,,,,,
2012-06-18,368970,4.3381,4.4105,4.3201,4.3743,0.0325,0.75,0.39,4459097.6,,,25.1871,1.4954,4.5141,100.0667,2677935000,,,,,,,
2012-06-19,178089,4.3779,4.3779,4.3201,4.3381,-0.0362,-0.83,0.19,2136031.17,,,24.9787,1.483,4.4767,99.239,2655785000,,,,,,,
2012-06-20,277381,4.3309,4.3997,4.3309,4.3779,0.0398,0.92,0.29,3342349.16,,,25.2079,1.4967,4.5178,100.1495,2680150000,,,,,,,
2012-06-21,363579,4.4503,4.4503,4.3237,4.3309,-0.047,-1.07,0.38,4396371.44,,,24.9371,1.4806,4.4692,99.0735,2651355000,,,,,,,
2012-06-25,305133,4.3671,4.4105,4.2658,4.273,-0.0579,-1.34,0.32,3647700.53,,,24.6037,1.4608,4.4095,97.7492,2615915000,,,,,,,
2012-06-26,150280,4.273,4.2983,4.2043,4.273,0,0,0.16,1765470.8,,,24.6037,1.4608,4.4095,97.7492,2615915000,,,,,,,
2012-06-27,306980,4.2585,4.3309,4.2549,4.2549,-0.0181,-0.42,0.32,3640091.4,,,24.4996,1.4546,4.3908,97.3354,2604840000,,,,,,,
2012-06-28,178130,4.2622,4.2875,4.2405,4.2441,-0.0108,-0.25,0.19,2098199.4,,,24.4371,1.4509,4.3796,97.0871,2598195000,,,,,,,
2012-06-29,178341,4.2332,4.2983,4.197,4.2983,0.0542,1.28,0.19,2095698.71,,,24.7496,1.4694,4.4356,98.3286,2631420000,,,,,,,
2012-07-02,380373,4.3418,4.4069,4.3056,4.3852,0.0869,2.02,0.4,4585254.23,,,24.9621,1.471,4.5406,108.3466,2684580000,,,,,,,
2012-07-03,353752,4.349,4.4177,4.349,4.3707,-0.0145,-0.33,0.37,4286495.64,,,24.8797,1.4661,4.5256,107.989,2675720000,,,,,,,
2012-07-04,327378,4.3707,4.4105,4.3707,4.3779,0.0072,0.16,0.34,3971875.24,,,24.9209,1.4685,4.5331,108.1678,2680150000,,,,,,,
2012-07-05,332911,4.3779,4.3852,4.2766,4.2875,-0.0904,-2.06,0.35,3979366.3,,,24.406,1.4382,4.4394,105.9329,2624775000,,,,,,,
2012-07-06,362291,4.2911,4.3707,4.226,4.3707,0.0832,1.94,0.38,4300604.25,,,24.8797,1.4661,4.5256,107.989,2675720000,,,,,,,
2012-07-09,410519,4.3128,4.3671,4.2187,4.2224,-0.1483,-3.39,0.43,4855281.53,,,24.0353,1.4164,4.372,104.3238,2584905000,,,,,,,
2012-07-10,157700,4.2079,4.2658,4.2043,4.2224,0,0,0.16,1838516.01,,,24.0353,1.4164,4.372,104.3238,2584905000,,,,,,,
2012-07-11,232212,4.197,4.2405,4.179,4.226,0.0036,0.09,0.24,2709564.95,,,24.0559,1.4176,4.3758,104.4132,2587120000,,,,,,,
2012-07-12,341761,4.2007,4.2549,4.179,4.2441,0.0181,0.43,0.36,3992616.55,,,24.1589,1.4236,4.3945,104.8602,2598195000,,,,,,,
2012-07-13,210381,4.2658,4.2658,4.2079,4.2224,-0.0217,-0.51,0.22,2462669.98,,,24.0353,1.4164,4.372,104.3238,2584905000,,,,,,,
2012-07-16,418951,4.2224,4.2224,4.0161,4.0161,-0.2063,-4.89,0.44,4756014.11,,,22.8613,1.3472,4.1585,99.2283,2458650000,,,,,,,
2012-07-17,124361,4.0089,4.0776,4.0089,4.0306,0.0145,0.36,0.13,1386419.81,,,22.9437,1.352,4.1735,99.5859,2467510000,,,,,,,
2012-07-18,127681,4.027,4.0885,4.027,4.0885,0.0579,1.44,0.13,1432600.06,,,23.2732,1.3714,4.2334,101.0162,2502950000,,,,,,,
2012-07-19,203800,4.1102,4.15,4.0451,4.1102,0.0217,0.53,0.21,2311661,,,23.3968,1.3787,4.2559,101.5526,2516240000,,,,,,,
2012-07-20,197400,4.0885,4.1572,4.0632,4.0776,-0.0326,-0.79,0.21,2234203.96,,,23.2114,1.3678,4.2222,100.748,2496305000,,,,,,,
2012-07-23,154980,4.0704,4.0704,3.9944,4.0053,-0.0723,-1.77,0.16,1726753.45,,,22.7995,1.3435,4.1472,98.9601,2452005000,,,,,,,
2012-07-24,140109,4.0161,4.074,4.0053,4.0378,0.0325,0.81,0.15,1560895.95,,,22.9849,1.3545,4.1809,99.7647,2471940000,,,,,,,
2012-07-25,134200,4.0378,4.0776,4.027,4.0596,0.0218,0.54,0.14,1506941.6,,,23.1085,1.3617,4.2034,100.3011,2485230000,,,,,,,
2012-07-26,172566,4.0704,4.0994,4.0451,4.0596,0,0,0.18,1941395.36,,,23.1085,1.3617,4.2034,100.3011,2485230000,,,,,,,
2012-07-27,110700,4.0994,4.0994,4.0451,4.0559,-0.0037,-0.09,0.12,1242676.72,,,23.0879,1.3605,4.1997,100.2117,2483015000,,,,,,,
2012-07-30,149076,4.0559,4.0957,4.0161,4.0632,0.0073,0.18,0.16,1666935.43,,,23.1291,1.3629,4.2072,100.3905,2487445000,,,,,,,
2012-07-31,121794,4.0596,4.0632,3.9836,3.9836,-0.0796,-1.96,0.13,1346095.64,,,22.676,1.3362,4.1248,98.4238,2438715000,,,,,,,
2012-08-01,166001,4.0415,4.0451,3.9727,4.0415,0.0579,1.45,0.17,1837964.02,,,23.0055,1.3557,4.1847,99.8541,2474155000,,,,,,,
2012-08-02,138872,4.0415,4.0415,3.9836,4.0161,-0.0254,-0.63,0.15,1539346.45,,,22.8613,1.3472,4.1585,99.2283,2458650000,,,,,,,
2012-08-03,211271,4.0234,4.0668,3.9872,4.0596,0.0435,1.08,0.22,2355062.36,,,23.1085,1.3617,4.2034,100.3011,2485230000,,,,,,,
2012-08-06,259089,4.0596,4.1392,4.027,4.1174,0.0578,1.42,0.27,2929923.51,,,23.438,1.3812,4.2634,101.7314,2520670000,,,,,,,
2012-08-07,269803,4.1211,4.1572,4.0994,4.1572,0.0398,0.97,0.28,3084490.67,,,23.6646,1.3945,4.3046,102.7147,2545035000,,,,,,,
2012-08-08,209459,4.1572,4.1609,4.1174,4.1319,-0.0253,-0.61,0.22,2391617.78,,,23.5204,1.386,4.2784,102.089,2529530000,,,,,,,
2012-08-09,457098,4.1355,4.1609,4.1066,4.1355,0.0036,0.09,0.48,5221361.25,,,23.541,1.3872,4.2821,102.1784,2531745000,,,,,,,
2012-08-10,291436,4.1464,4.1536,4.103,4.1174,-0.0181,-0.44,0.3,3321857.49,,,23.438,1.3812,4.2634,101.7314,2520670000,,,,,,,
2012-08-13,201000,4.103,4.1283,4.0559,4.0559,-0.0615,-1.49,0.21,2271547.97,,,23.0879,1.3605,4.1997,100.2117,2483015000,,,,,,,
2012-08-14,200464,4.0378,4.0776,4.0125,4.0668,0.0109,0.27,0.21,2240570.89,,,23.1497,1.3642,4.2109,100.4799,2489660000,,,,,,,
2012-08-15,105995,4.0342,4.0704,4.0342,4.0668,0,0,0.11,1188209.09,,,23.1497,1.3642,4.2109,100.4799,2489660000,,,,,,,
2012-08-16,149600,4.0849,4.0849,4.0234,4.0596,-0.0072,-0.18,0.16,1674877,,,23.1085,1.3617,4.2034,100.3011,2485230000,,,,,,,
2012-08-17,126810,4.0704,4.0704,4.0234,4.0704,0.0108,0.27,0.13,1415675.24,,,23.1703,1.3654,4.2147,100.5692,2491875000,,,,,,,
2012-08-20,190140,4.0632,4.0776,4.0017,4.074,0.0036,0.09,0.2,2121146.35,,,23.1908,1.3666,4.2184,100.6586,2494090000,,,,,,,
2012-08-21,599566,4.0957,4.1536,4.0306,4.1319,0.0579,1.42,0.63,6828787.11,,,23.5204,1.386,4.2784,102.089,2529530000,,,,,,,
2012-08-22,278833,4.0994,4.1355,4.0921,4.1174,-0.0145,-0.35,0.29,3171905.93,,,23.438,1.3812,4.2634,101.7314,2520670000,,,,,,,
2012-08-23,1002855,4.0921,4.1717,4.0885,4.1572,0.0398,0.97,1.05,11500255.37,,,23.6646,1.3945,4.3046,102.7147,2545035000,,,,,,,
2012-08-24,689123,4.1572,4.1753,4.0523,4.0994,-0.0578,-1.39,0.72,7835432.73,,,23.335,1.3751,4.2446,101.2844,2509595000,,,,,,,
2012-08-27,605025,4.0776,4.0776,3.9402,3.9546,-0.1448,-3.53,0.63,6641361.7,,,22.5112,1.3265,4.0948,97.7086,2420995000,,,,,,,
2012-08-28,341880,3.9908,4.0161,3.9438,3.9655,0.0109,0.28,0.36,3750425.12,,,22.573,1.3302,4.106,97.9768,2427640000,,,,,,,
2012-08-29,290623,3.951,3.9944,3.9365,3.9691,0.0036,0.09,0.3,3182612.26,,,22.5936,1.3314,4.1098,98.0662,2429855000,,,,,,,
2012-08-30,369372,3.9727,3.998,3.8461,3.951,-0.0181,-0.46,0.39,4005409.79,,,22.4906,1.3253,4.091,97.6192,2418780000,,,,,,,
2012-08-31,208571,3.9474,3.9474,3.8931,3.9293,-0.0217,-0.55,0.22,2254630.89,,,22.367,1.318,4.0686,97.0828,2405490000,,,,,,,
2012-09-03,158025,3.9329,3.9763,3.8823,3.9655,0.0362,0.92,0.17,1723797.94,,,22.573,1.3302,4.106,97.9768,2427640000,,,,,,,
2012-09-04,273814,3.9655,3.9944,3.9365,3.9402,-0.0253,-0.64,0.29,2999275.44,,,22.4288,1.3217,4.0798,97.351,2412135000,,,,,,,
2012-09-05,536843,3.9582,4.0125,3.9076,4.0089,0.0687,1.74,0.56,5909694.33,,,22.8201,1.3447,4.151,99.0495,2454220000,,,,,,,
2012-09-06,517827,4.027,4.0415,3.9908,4.0378,0.0289,0.72,0.54,5759454.79,,,22.9849,1.3545,4.1809,99.7647,2471940000,,,,,,,
2012-09-07,3419426,4.1247,4.1898,4.0342,4.15,0.1122,2.78,3.58,38987881.6,,,23.6234,1.3921,4.2971,102.5359,2540605000,,,,,,,
2012-09-10,3049836,4.0885,4.1464,4.0813,4.1211,-0.0289,-0.7,3.19,34667591.17,,,23.4586,1.3824,4.2671,101.8208,2522885000,,,,,,,
2012-09-11,3128755,4.1174,4.1826,4.074,4.1174,-0.0037,-0.09,3.27,35687718.25,,,23.438,1.3812,4.2634,101.7314,2520670000,,,,,,,
2012-09-12,1934610,4.1572,4.1572,4.0776,4.1174,0,0,2.02,21950298.45,,,23.438,1.3812,4.2634,101.7314,2520670000,,,,,,,
2012-09-13,1640700,4.1211,4.1283,4.0776,4.0776,-0.0398,-0.97,1.72,18631791.96,,,23.2114,1.3678,4.2222,100.748,2496305000,,,,,,,
2012-09-14,3408271,4.0957,4.1102,3.998,4.0053,-0.0723,-1.77,3.56,37961438.42,,,22.7995,1.3435,4.1472,98.9601,2452005000,,,,,,,
2012-09-17,1891099,4.0125,4.0125,3.8244,3.8244,-0.1809,-4.52,1.98,20327769.62,,,21.7697,1.2828,3.9599,94.4904,2341255000,,,,,,,
2012-09-18,759553,3.8135,3.8171,3.7267,3.752,-0.0724,-1.89,0.79,7922094.09,,,21.3578,1.2586,3.885,92.7025,2296955000,,,,,,,
2012-09-19,455154,3.752,3.799,3.7484,3.7846,0.0326,0.87,0.48,4749121.38,,,21.5432,1.2695,3.9187,93.5071,2316890000,,,,,,,
2012-09-20,1441671,3.7701,3.7701,3.6362,3.6362,-0.1484,-3.92,1.51,14662331,,,20.6988,1.2197,3.7651,89.8419,2226075000,,,,,,,
2012-09-21,594113,3.6362,3.6724,3.6037,3.6037,-0.0325,-0.89,0.62,5968132.69,,,20.5134,1.2088,3.7314,89.0373,2206140000,,,,,,,
2012-09-24,430399,3.5892,3.6362,3.5494,3.6109,0.0072,0.2,0.45,4271335.04,,,20.5546,1.2112,3.7389,89.2161,2210570000,,,,,,,
2012-09-25,942020,3.582,3.6145,3.506,3.5204,-0.0905,-2.51,0.99,9246344.74,,,20.0397,1.1809,3.6452,86.9812,2155195000,,,,,,,
2012-09-26,1076997,3.5024,3.5494,3.3649,3.3721,-0.1483,-4.21,1.13,10195527.86,,,19.1953,1.1311,3.4916,83.316,2064380000,,,,,,,
2012-09-27,687054,3.4011,3.4806,3.3757,3.4445,0.0724,2.15,0.72,6523026.87,,,19.6072,1.1554,3.5665,85.1039,2108680000,,,,,,,
2012-09-28,620739,3.4372,3.4987,3.4155,3.4915,0.047,1.36,0.65,5938094.93,,,19.8749,1.1712,3.6152,86.2661,2137475000,,,,,,,
2012-10-08,437554,3.5096,3.5096,3.4409,3.4662,-0.0253,-0.72,0.46,4186443.6,,,22.2391,1.1502,3.5197,41.8003,2121970000,,,,,,,
2012-10-09,1759195,3.4915,3.553,3.4698,3.553,0.0868,2.5,1.84,17128301.6,,,22.7963,1.179,3.6078,42.8475,2175130000,,,,,,,
2012-10-10,995493,3.553,3.5892,3.5241,3.5892,0.0362,1.02,1.04,9800262.19,,,23.0284,1.191,3.6446,43.2838,2197280000,,,,,,,
2012-10-11,827280,3.582,3.582,3.5241,3.5458,-0.0434,-1.21,0.87,8119565.82,,,22.7499,1.1766,3.6005,42.7602,2170700000,,,,,,,
2012-10-12,710429,3.5639,3.5783,3.4915,3.5422,-0.0036,-0.1,0.74,6958617.05,,,22.7266,1.1754,3.5968,42.7166,2168485000,,,,,,,
2012-10-15,477300,3.5494,3.5494,3.4409,3.4734,-0.0688,-1.94,0.5,4587510.64,,,22.2856,1.1526,3.527,41.8875,2126400000,,,,,,,
2012-10-16,287689,3.4734,3.5132,3.4445,3.4843,0.0109,0.31,0.3,2769611.1,,,22.3552,1.1562,3.538,42.0184,2133045000,,,,,,,
2012-10-17,790786,3.4806,3.506,3.4264,3.4806,-0.0037,-0.11,0.83,7577535.29,,,22.332,1.155,3.5344,41.9748,2130830000,,,,,,,
2012-10-18,935577,3.4806,3.5566,3.4806,3.5422,0.0616,1.77,0.98,9104758.71,,,22.7266,1.1754,3.5968,42.7166,2168485000,,,,,,,
2012-10-19,1111950,3.553,3.5747,3.5277,3.5747,0.0325,0.92,1.16,10913517.43,,,22.9356,1.1862,3.6299,43.1093,2188420000,,,,,,,
2012-10-22,2087508,3.5711,3.6724,3.5385,3.629,0.0543,1.52,2.18,20849203.35,,,23.2838,1.2042,3.685,43.7638,2221645000,,,,,,,
2012-10-23,960021,3.6037,3.6362,3.5313,3.5458,-0.0832,-2.29,1,9518471.47,,,22.7499,1.1766,3.6005,42.7602,2170700000,,,,,,,
2012-10-24,566384,3.5458,3.5675,3.5132,3.5277,-0.0181,-0.51,0.59,5540636.61,,,22.6338,1.1706,3.5821,42.542,2159625000,,,,,,,
2012-10-25,982709,3.5494,3.5494,3.4553,3.4589,-0.0688,-1.95,1.03,9504594.31,,,22.1927,1.1478,3.5123,41.713,2117540000,,,,,,,
2012-10-26,728178,3.4626,3.4698,3.3649,3.3649,-0.094,-2.72,0.76,6854420.31,,,21.5891,1.1166,3.4168,40.5786,2059950000,,,,,,,
2012-10-29,236290,3.3649,3.383,3.3287,3.3649,0,0,0.25,2195769,,,21.5891,1.1166,3.4168,40.5786,2059950000,,,,,,,
2012-10-30,826826,3.3649,3.3938,3.3359,3.3649,0,0,0.86,7681422.4,,,21.5891,1.1166,3.4168,40.5786,2059950000,,,,,,,
2012-10-31,537550,3.3721,3.383,3.3106,3.354,-0.0109,-0.32,0.56,4972282.46,,,21.5195,1.113,3.4058,40.4477,2053305000,,,,,,,
2012-11-01,763670,3.3613,3.4264,3.3468,3.4155,0.0615,1.83,0.8,7176415.4,,,21.9141,1.1334,3.4682,41.1894,2090960000,,,,,,,
2012-11-02,867964,3.4155,3.4264,3.3649,3.3974,-0.0181,-0.53,0.91,8129859.88,,,21.7981,1.1274,3.4499,40.9713,2079885000,,,,,,,
2012-11-05,506075,3.3938,3.4047,3.3757,3.4011,0.0037,0.11,0.53,4748112.33,,,21.8213,1.1286,3.4535,41.0149,2082100000,,,,,,,
2012-11-06,447558,3.3866,3.3938,3.3287,3.3793,-0.0218,-0.64,0.47,4153051.31,,,21.682,1.1214,3.4315,40.7531,2068810000,,,,,,,
2012-11-07,332500,3.3793,3.383,3.3504,3.3721,-0.0072,-0.21,0.35,3093152.5,,,21.6356,1.119,3.4241,40.6658,2064380000,,,,,,,
2012-11-08,469900,3.3287,3.3395,3.2961,3.2961,-0.076,-2.25,0.49,4312301,,,21.1481,1.0938,3.347,39.7495,2017865000,,,,,,,
2012-11-09,273530,3.2925,3.3142,3.278,3.2889,-0.0072,-0.22,0.29,2492398.35,,,21.1017,1.0914,3.3396,39.6623,2013435000,,,,,,,
2012-11-12,221400,3.3106,3.3215,3.2889,3.3215,0.0326,0.99,0.23,2024678.33,,,21.3106,1.1022,3.3727,40.055,2033370000,,,,,,,
2012-11-13,337514,3.3287,3.3287,3.2708,3.2744,-0.0471,-1.42,0.35,3072394.68,,,21.0088,1.0866,3.3249,39.4877,2004575000,,,,,,,
2012-11-14,318257,3.2599,3.3106,3.2599,3.2708,-0.0036,-0.11,0.33,2887476.32,,,20.9856,1.0854,3.3213,39.4441,2002360000,,,,,,,
2012-11-15,356419,3.2636,3.2925,3.2419,3.2636,-0.0072,-0.22,0.37,3219494.19,,,20.9392,1.083,3.3139,39.3568,1997930000,,,,,,,
2012-11-16,532675,3.2382,3.2636,3.1912,3.2382,-0.0254,-0.78,0.56,4740945.09,,,20.7767,1.0746,3.2882,39.0514,1982425000,,,,,,,
2012-11-19,369040,3.2057,3.2527,3.2057,3.2527,0.0145,0.45,0.39,3294634.9,,,20.8695,1.0794,3.3029,39.2259,1991285000,,,,,,,
2012-11-20,408234,3.2455,3.2708,3.231,3.2419,-0.0108,-0.33,0.43,3669182.44,,,20.7999,1.0758,3.2919,39.095,1984640000,,,,,,,
2012-11-21,388321,3.2527,3.2853,3.2165,3.2817,0.0398,1.23,0.41,3492138.98,,,21.0552,1.089,3.3323,39.575,2009005000,,,,,,,
2012-11-22,333569,3.2817,3.2853,3.2382,3.2527,-0.029,-0.88,0.35,3004464.72,,,20.8695,1.0794,3.3029,39.2259,1991285000,,,,,,,
2012-11-23,431646,3.2563,3.2744,3.2419,3.2672,0.0145,0.45,0.45,3890734,,,20.9624,1.0842,3.3176,39.4005,2000145000,,,,,,,
2012-11-26,290200,3.2636,3.2636,3.2021,3.2093,-0.0579,-1.77,0.3,2591427.44,,,20.5909,1.065,3.2588,38.7023,1964705000,,,,,,,
2012-11-27,761150,3.1984,3.1984,3.0573,3.0682,-0.1411,-4.4,0.8,6539907.07,,,19.6856,1.0181,3.1155,37.0007,1878320000,,,,,,,
2012-11-28,672990,3.0682,3.0682,2.985,3.0139,-0.0543,-1.77,0.7,5599271.3,,,19.3374,1.0001,3.0604,36.3462,1845095000,,,,,,,
2012-11-29,604239,3.032,3.0392,2.9669,2.9669,-0.047,-1.56,0.63,5024760.34,,,19.0356,0.9845,3.0127,35.7789,1816300000,,,,,,,
2012-11-30,425245,2.9705,3.0139,2.956,2.9958,0.0289,0.97,0.44,3502776.45,,,19.2213,0.9941,3.042,36.128,1834020000,,,,,,,
2012-12-03,270400,2.9958,3.0067,2.9198,2.9271,-0.0687,-2.29,0.28,2217209.04,,,18.7802,0.9713,2.9722,35.299,1791935000,,,,,,,
2012-12-04,778638,2.9126,2.9596,2.8692,2.956,0.0289,0.99,0.81,6260436.69,,,18.966,0.9809,3.0016,35.648,1809655000,,,,,,,
2012-12-05,1128753,2.9415,3.0754,2.9235,3.0465,0.0905,3.06,1.18,9465065.78,,,19.5463,1.0109,3.0935,36.7389,1865030000,,,,,,,
2012-12-06,629233,3.0429,3.0754,3.032,3.0501,0.0036,0.12,0.66,5310888.91,,,19.5695,1.0121,3.0972,36.7825,1867245000,,,,,,,
2012-12-07,774517,3.0356,3.1225,3.0284,3.108,0.0579,1.9,0.81,6616139.62,,,19.9409,1.0313,3.1559,37.4806,1902685000,,,,,,,
2012-12-10,933091,3.0971,3.1731,3.0935,3.155,0.047,1.51,0.98,8090134.74,,,20.2427,1.047,3.2037,38.0479,1931480000,,,,,,,
2012-12-11,588140,3.1586,3.1586,3.108,3.108,-0.047,-1.49,0.62,5086832.75,,,19.9409,1.0313,3.1559,37.4806,1902685000,,,,,,,
2012-12-12,420015,3.1188,3.1225,3.0682,3.1007,-0.0073,-0.23,0.44,3587610.14,,,19.8945,1.0289,3.1486,37.3934,1898255000,,,,,,,
2012-12-13,531492,3.0827,3.1333,3.0537,3.0609,-0.0398,-1.28,0.56,4533858.58,,,19.6392,1.0157,3.1082,36.9134,1873890000,,,,,,,
2012-12-14,1552054,3.0501,3.2093,3.0429,3.2021,0.1412,4.61,1.62,13546091.89,,,20.5445,1.0626,3.2515,38.6151,1960275000,,,,,,,
2012-12-17,834123,3.184,3.231,3.184,3.231,0.0289,0.9,0.87,7383706.72,,,20.7302,1.0722,3.2809,38.9641,1977995000,,,,,,,
2012-12-18,1027342,3.2057,3.2491,3.1731,3.1948,-0.0362,-1.12,1.07,9109456.85,,,20.4981,1.0602,3.2441,38.5278,1955845000,,,,,,,
2012-12-19,507040,3.1948,3.2238,3.1912,3.2093,0.0145,0.45,0.53,4493539.22,,,20.5909,1.065,3.2588,38.7023,1964705000,,,,,,,
2012-12-20,858470,3.2093,3.231,3.1803,3.2165,0.0072,0.22,0.9,7612335.09,,,20.6374,1.0674,3.2662,38.7896,1969135000,,,,,,,
2012-12-21,1543191,3.2274,3.2853,3.2129,3.2455,0.029,0.9,1.61,13837529.98,,,20.8231,1.077,3.2956,39.1387,1986855000,,,,,,,
2012-12-24,1432663,3.2455,3.3034,3.2382,3.2961,0.0506,1.56,1.5,12992768.36,,,21.1481,1.0938,3.347,39.7495,2017865000,,,,,,,
2012-12-25,2077922,3.2961,3.3974,3.2708,3.3757,0.0796,2.41,2.17,19282547.23,,,21.6588,1.1202,3.4278,40.7095,2066595000,,,,,,,
2012-12-26,2764878,3.3757,3.5132,3.3576,3.4915,0.1158,3.43,2.89,26351445.69,,,22.4016,1.1586,3.5454,42.1057,2137475000,,,,,,,
2012-12-27,2529275,3.5313,3.5602,3.3974,3.3974,-0.0941,-2.7,2.65,24272728.05,,,21.7981,1.1274,3.4499,40.9713,2079885000,,,,,,,
2012-12-28,1313949,3.3685,3.4698,3.3685,3.4336,0.0362,1.07,1.37,12412011.57,,,22.0302,1.1394,3.4866,41.4076,2102035000,,,,,,,
2012-12-31,886299,3.43,3.5096,3.4155,3.4589,0.0253,0.74,0.93,8451931.44,,,25.9098,1.1431,3.5311,31.8962,2117540000,,,,,,,
2013-01-04,1160256,3.4987,3.4987,3.4119,3.4409,-0.018,-0.52,1.21,11074744.71,,,25.7743,1.1371,3.5126,31.7294,2106465000,,,,,,,
2013-01-07,946031,3.4011,3.4915,3.4011,3.4879,0.047,1.37,0.99,9045941.31,,,26.1266,1.1527,3.5606,32.1631,2135260000,,,,,,,
2013-01-08,1850759,3.4843,3.5602,3.4553,3.5241,0.0362,1.04,1.94,17981043.3,,,26.3977,1.1646,3.5976,32.4967,2157410000,,,,,,,
2013-01-09,1522713,3.5132,3.5494,3.4698,3.4879,-0.0362,-1.03,1.59,14783718.97,,,26.1266,1.1527,3.5606,32.1631,2135260000,,,,,,,
2013-01-10,1260345,3.4589,3.5241,3.4589,3.5241,0.0362,1.04,1.32,12197962.12,,,26.3977,1.1646,3.5976,32.4967,2157410000,,,,,,,
2013-01-11,1715103,3.5277,3.5277,3.3938,3.4011,-0.123,-3.49,1.79,16483330.9,,,25.4762,1.124,3.472,31.3623,2082100000,,,,,,,
2013-01-14,1638739,3.3757,3.5168,3.3757,3.506,0.1049,3.08,1.71,15740910.9,,,26.2622,1.1586,3.5791,32.3299,2146335000,,,,,,,
2013-01-15,3257564,3.5132,3.6073,3.5132,3.582,0.076,2.17,3.41,32191251.66,,,26.8313,1.1837,3.6567,33.0306,2192850000,,,,,,,
2013-01-16,2268856,3.5892,3.5892,3.4843,3.5385,-0.0435,-1.21,2.37,22220540.11,,,26.5061,1.1694,3.6123,32.6302,2166270000,,,,,,,
2013-01-17,3438497,3.5422,3.6543,3.5385,3.6,0.0615,1.74,3.6,34230639.27,,,26.9668,1.1897,3.6751,33.1974,2203925000,,,,,,,
2013-01-18,2755169,3.6181,3.6471,3.6,3.6398,0.0398,1.11,2.88,27616581.62,,,27.2649,1.2029,3.7158,33.5644,2228290000,,,,,,,
2013-01-21,1439432,3.6616,3.6724,3.6145,3.6579,0.0181,0.5,1.51,14484660.54,,,27.4005,1.2089,3.7342,33.7312,2239365000,,,,,,,
2013-01-22,3318517,3.7303,3.7882,3.582,3.6145,-0.0434,-1.19,3.47,33817468.35,,,27.0752,1.1945,3.6899,33.3308,2212785000,,,,,,,
2013-01-23,1873308,3.6181,3.629,3.5168,3.5675,-0.047,-1.3,1.96,18448127.56,,,26.7229,1.179,3.6419,32.8971,2183990000,,,,,,,
2013-01-24,2051878,3.553,3.6037,3.4119,3.4336,-0.1339,-3.75,2.15,19952257.73,,,25.7201,1.1347,3.5052,31.6626,2102035000,,,,,,,
2013-01-25,829791,3.4372,3.5096,3.4155,3.4481,0.0145,0.42,0.87,7927640.25,,,25.8285,1.1395,3.52,31.7961,2110895000,,,,,,,
2013-01-28,1036123,3.4915,3.5602,3.4481,3.5602,0.1121,3.25,1.08,10070965.29,,,26.6687,1.1766,3.6345,32.8304,2179560000,,,,,,,
2013-01-29,1058997,3.5458,3.6073,3.5458,3.582,0.0218,0.61,1.11,10505203.41,,,26.8313,1.1837,3.6567,33.0306,2192850000,,,,,,,
2013-01-30,924942,3.5928,3.6109,3.5566,3.5892,0.0072,0.2,0.97,9149919.91,,,26.8855,1.1861,3.6641,33.0973,2197280000,,,,,,,
2013-01-31,949854,3.5711,3.6073,3.5313,3.5783,-0.0109,-0.3,0.99,9337562.78,,,26.8042,1.1825,3.653,32.9972,2190635000,,,,,,,
2013-02-01,1048681,3.5747,3.6145,3.5458,3.6145,0.0362,1.01,1.1,10425131.83,,,27.0752,1.1945,3.6899,33.3308,2212785000,,,,,,,
2013-02-04,1163665,3.6254,3.6543,3.5856,3.6218,0.0073,0.2,1.22,11633800.51,,,27.1294,1.1969,3.6973,33.3976,2217215000,,,,,,,
2013-02-05,1076661,3.5892,3.6507,3.582,3.6435,0.0217,0.6,1.13,10794718.34,,,27.292,1.2041,3.7195,33.5978,2230505000,,,,,,,
2013-02-06,728220,3.6471,3.6507,3.6218,3.6435,0,0,0.76,7330014.6,,,27.292,1.2041,3.7195,33.5978,2230505000,,,,,,,
2013-02-07,795358,3.6435,3.6435,3.5928,3.6181,-0.0254,-0.7,0.83,7957853,,,27.1023,1.1957,3.6936,33.3642,2215000000,,,,,,,
2013-02-08,1809767,3.6398,3.6941,3.6181,3.6796,0.0615,1.7,1.89,18318783.32,,,27.5631,1.216,3.7564,33.9314,2252655000,,,,,,,
2013-02-18,907233,3.6905,3.705,3.6543,3.6905,0.0109,0.3,0.95,9238316.31,,,27.6444,1.2196,3.7675,34.0315,2259300000,,,,,,,
2013-02-19,1070557,3.7014,3.7014,3.6109,3.629,-0.0615,-1.67,1.12,10755458.61,,,27.1836,1.1993,3.7047,33.4643,2221645000,,,,,,,
2013-02-20,1323751,3.6037,3.7014,3.6037,3.6977,0.0687,1.89,1.38,13439283.37,,,27.6986,1.222,3.7749,34.0982,2263730000,,,,,,,
2013-02-21,1681321,3.6905,3.7194,3.6037,3.6218,-0.0759,-2.05,1.76,17029858.08,,,27.1294,1.1969,3.6973,33.3976,2217215000,,,,,,,
2013-02-22,983583,3.6254,3.6471,3.6073,3.6218,0,0,1.03,9851678.93,,,27.1294,1.1969,3.6973,33.3976,2217215000,,,,,,,
2013-02-25,846504,3.6145,3.6579,3.6109,3.6471,0.0253,0.7,0.89,8491370.6,,,27.3191,1.2053,3.7232,33.6311,2232720000,,,,,,,
2013-02-26,4881178,3.629,3.8244,3.6254,3.7231,0.076,2.08,5.1,50480625.09,,,27.8883,1.2304,3.8007,34.3318,2279235000,,,,,,,
2013-02-27,5600588,3.705,3.8823,3.705,3.875,0.1519,4.08,5.86,59023184.82,,,29.0266,1.2806,3.9558,35.7331,2372265000,,,,,,,
2013-02-28,4256209,3.8569,3.9112,3.7954,3.8967,0.0217,0.56,4.45,45309428.99,,,29.1892,1.2878,3.978,35.9332,2385555000,,,,,,,
2013-03-01,5194240,3.8714,4.0342,3.8388,4.0198,0.1231,3.16,5.43,56496604.72,,,30.1107,1.3284,4.1036,37.0676,2460865000,,,,,,,
2013-03-04,5504384,3.9872,4.0885,3.8786,4.0523,0.0325,0.81,5.76,60698940.48,,,30.3546,1.3392,4.1368,37.3679,2480800000,,,,,,,
2013-03-05,2804872,4.0487,4.0704,3.9619,4.0668,0.0145,0.36,2.93,31250890.14,,,30.463,1.344,4.1516,37.5014,2489660000,,,,,,,
2013-03-06,3905678,4.0378,4.1572,4.0017,4.0234,-0.0434,-1.07,4.08,43882560.95,,,30.1378,1.3296,4.1073,37.101,2463080000,,,,,,,
2013-03-07,3747917,4.0089,4.0089,3.8823,3.9112,-0.1122,-2.79,3.92,40617513.43,,,29.2976,1.2926,3.9928,36.0667,2394415000,,,,,,,
2013-03-08,1113061,3.9004,3.9402,3.8895,3.8895,-0.0217,-0.55,1.16,12041221.53,,,29.135,1.2854,3.9706,35.8665,2381125000,,,,,,,
2013-03-11,1482354,3.8714,3.9691,3.8533,3.9402,0.0507,1.3,1.55,16119652.48,,,29.5144,1.3021,4.0223,36.3336,2412135000,,,,,,,
2013-03-12,2391926,3.9076,3.9691,3.7339,3.7412,-0.199,-5.05,2.5,25293178.53,,,28.0238,1.2364,3.8192,34.4986,2290310000,,,,,,,
2013-03-13,1890251,3.7375,3.7592,3.6145,3.676,-0.0652,-1.74,1.98,19132329.4,,,27.536,1.2148,3.7527,33.898,2250440000,,,,,,,
2013-03-14,1113620,3.7014,3.705,3.6181,3.6471,-0.0289,-0.79,1.16,11264580.23,,,27.3191,1.2053,3.7232,33.6311,2232720000,,,,,,,
2013-03-15,1930159,3.6543,3.799,3.6543,3.705,0.0579,1.59,2.02,19952895.12,,,27.7528,1.2244,3.7822,34.1649,2268160000,,,,,,,
2013-03-18,2714175,3.5711,3.5711,3.477,3.4879,-0.2171,-5.86,2.84,26456413.03,,,26.1266,1.1527,3.5606,32.1631,2135260000,,,,,,,
2013-03-19,1205171,3.4879,3.5168,3.4228,3.477,-0.0109,-0.31,1.26,11555167.8,,,26.0453,1.1491,3.5496,32.063,2128615000,,,,,,,
2013-03-20,1945483,3.4734,3.6,3.4734,3.5494,0.0724,2.08,2.03,19007670.35,,,26.5874,1.173,3.6234,32.7303,2172915000,,,,,,,
2013-03-21,2704008,3.5675,3.7231,3.5277,3.6724,0.123,3.47,2.83,27239816.58,,,27.5089,1.2136,3.749,33.8647,2248225000,,,,,,,
2013-03-22,1845747,3.6362,3.6435,3.5602,3.6073,-0.0651,-1.77,1.93,18326304.5,,,27.021,1.1921,3.6825,33.2641,2208355000,,,,,,,
2013-03-25,885540,3.6181,3.6181,3.5566,3.5747,-0.0326,-0.9,0.93,8760929.76,,,26.7771,1.1814,3.6493,32.9638,2188420000,,,,,,,
2013-03-26,1216481,3.5747,3.5892,3.4843,3.5024,-0.0723,-2.02,1.27,11816559.2,,,26.2351,1.1574,3.5754,32.2965,2144120000,,,,,,,
2013-03-27,1158548,3.4987,3.5385,3.4734,3.4951,-0.0073,-0.21,1.21,11206671.8,,,26.1808,1.155,3.568,32.2298,2139690000,,,,,,,
2013-03-28,1086501,3.4734,3.4734,3.3721,3.3793,-0.1158,-3.31,0.94,10253935.33,,,25.3136,1.1168,3.4498,31.1622,2068810000,,,,,,,
2013-03-29,415263,3.4011,3.4228,3.3323,3.3721,-0.0072,-0.21,0.36,3877982.79,,,25.2594,1.1144,3.4424,31.0954,2064380000,,,,,,,
2013-04-01,473151,3.3938,3.4228,3.3649,3.4047,0.0326,0.97,0.41,4442245.76,,,26.147,1.1144,3.4627,30.6771,2084315000,,,,,,,
2013-04-02,1021906,3.4047,3.4191,3.3432,3.354,-0.0507,-1.49,0.88,9562393.8,,,25.7579,1.0978,3.4112,30.2207,2053305000,,,,,,,
2013-04-03,689600,3.3649,3.3649,3.2997,3.3106,-0.0434,-1.29,0.6,6344956.8,,,25.4245,1.0836,3.367,29.8295,2026725000,,,,,,,
2013-04-08,824220,3.2889,3.3576,3.2165,3.3504,0.0398,1.2,0.71,7459634.44,,,25.7302,1.0966,3.4075,30.1881,2051090000,,,,,,,
2013-04-09,602201,3.3649,3.3974,3.3576,3.3721,0.0217,0.65,0.52,5613464.69,,,25.8969,1.1037,3.4296,30.3837,2064380000,,,,,,,
2013-04-10,277771,3.3504,3.3793,3.3395,3.354,-0.0181,-0.54,0.24,2577304.04,,,25.7579,1.0978,3.4112,30.2207,2053305000,,,,,,,
2013-04-11,332250,3.3649,3.4011,3.3649,3.3793,0.0253,0.75,0.29,3106400.9,,,25.9525,1.1061,3.4369,30.4489,2068810000,,,,,,,
2013-04-12,305900,3.3757,3.3974,3.3106,3.3287,-0.0506,-1.5,0.26,2852190,,,25.5634,1.0895,3.3854,29.9925,2037800000,,,,,,,
2013-04-15,471663,3.3287,3.3468,3.2201,3.2382,-0.0905,-2.72,0.41,4242455.7,,,24.8688,1.0599,3.2934,29.1775,1982425000,,,,,,,
2013-04-16,429199,3.2238,3.3323,3.2057,3.3323,0.0941,2.91,0.37,3898222.34,,,25.5912,1.0907,3.3891,30.0251,2040015000,,,,,,,
2013-04-17,349130,3.3251,3.3576,3.2925,3.3432,0.0109,0.33,0.3,3208836.78,,,25.6746,1.0942,3.4002,30.1229,2046660000,,,,,,,
2013-04-18,362300,3.2853,3.383,3.2853,3.3613,0.0181,0.54,0.31,3361767.9,,,25.8135,1.1002,3.4185,30.2859,2057735000,,,,,,,
2013-04-19,926571,3.3866,3.4517,3.383,3.4228,0.0615,1.83,0.8,8791535.51,,,26.2859,1.1203,3.4811,30.8401,2095390000,,,,,,,
2013-04-22,507839,3.4047,3.4481,3.4047,3.4445,0.0217,0.63,0.44,4819419.27,,,26.4526,1.1274,3.5032,31.0357,2108680000,,,,,,,
2013-04-23,747039,3.4553,3.4626,3.3721,3.3938,-0.0507,-1.47,0.65,7065548.78,,,26.0636,1.1108,3.4517,30.5793,2077670000,,,,,,,
2013-04-24,659208,3.3938,3.4626,3.3721,3.4589,0.0651,1.92,0.57,6256108.63,,,26.5638,1.1321,3.5179,31.1661,2117540000,,,,,,,
2013-04-25,2073911,3.4773,3.5907,3.4298,3.5358,0.0769,2.22,1.79,20047646.09,,,26.8694,1.1589,3.5584,31.5247,2141905000,,,,,,,
2013-04-26,990922,3.5687,3.576,3.4919,3.4993,-0.0365,-1.03,0.86,9588871.99,,,26.5915,1.1469,3.5216,31.1987,2119755000,,,,,,,
2013-05-02,479103,3.4737,3.5285,3.4371,3.5066,0.0073,0.21,0.41,4582100.22,,,26.6471,1.1493,3.5289,31.2639,2124185000,,,,,,,
2013-05-03,1405740,3.5066,3.6053,3.4737,3.5797,0.0731,2.08,1.22,13706734.78,,,27.2028,1.1733,3.6025,31.9159,2168485000,,,,,,,
2013-05-06,1075662,3.6016,3.6346,3.5797,3.6272,0.0475,1.33,0.93,10629875.16,,,27.5641,1.1888,3.6504,32.3397,2197280000,,,,,,,
2013-05-07,1553974,3.6272,3.6492,3.5724,3.6492,0.022,0.61,1.34,15364488.75,,,27.7308,1.196,3.6725,32.5353,2210570000,,,,,,,
2013-05-08,5570145,3.7004,3.821,3.6419,3.6455,-0.0037,-0.1,4.82,56548192.09,,,27.703,1.1948,3.6688,32.5027,2208355000,,,,,,,
2013-05-09,2835006,3.6199,3.6382,3.5431,3.6016,-0.0439,-1.2,2.45,27765117.5,,,27.3696,1.1805,3.6246,32.1115,2181775000,,,,,,,
2013-05-10,2088179,3.6053,3.6601,3.576,3.6053,0.0037,0.1,1.81,20667143.03,,,27.3973,1.1816,3.6283,32.1441,2183990000,,,,,,,
2013-05-13,1361140,3.6126,3.6528,3.587,3.6455,0.0402,1.12,1.18,13508798.45,,,27.703,1.1948,3.6688,32.5027,2208355000,,,,,,,
2013-05-14,5926805,3.7406,3.821,3.6638,3.6675,0.022,0.6,5.13,60444847.32,,,27.8697,1.202,3.6909,32.6983,2221645000,,,,,,,
2013-05-15,6703507,3.6711,3.8832,3.6346,3.8795,0.212,5.78,5.8,69381795.11,,,29.4813,1.2715,3.9043,34.5892,2350115000,,,,,,,
2013-05-16,5422922,3.8759,3.8978,3.7735,3.8064,-0.0731,-1.88,4.69,56936554.76,,,28.9256,1.2476,3.8307,33.9371,2305815000,,,,,,,
2013-05-17,3454174,3.8028,3.8539,3.7698,3.8137,0.0073,0.19,2.99,35998461.94,,,28.9812,1.25,3.838,34.0023,2310245000,,,,,,,
2013-05-20,3835445,3.8174,3.9051,3.7954,3.8832,0.0695,1.82,3.32,40471818.6,,,29.5091,1.2727,3.908,34.6218,2352330000,,,,,,,
2013-05-21,3556197,3.8832,3.9454,3.8759,3.9307,0.0475,1.22,3.08,37998307.35,,,29.8703,1.2883,3.9558,35.0456,2381125000,,,,,,,
2013-05-22,3705002,3.9051,3.9307,3.7662,3.7772,-0.1535,-3.91,3.2,38786255.5,,,28.7033,1.238,3.8013,33.6763,2288095000,,,,,,,
2013-05-23,2155342,3.7662,3.821,3.7223,3.7296,-0.0476,-1.26,1.86,22234905.24,,,28.3421,1.2224,3.7534,33.2525,2259300000,,,,,,,
2013-05-24,1598328,3.7442,3.8137,3.7296,3.8028,0.0732,1.96,1.38,16472100.31,,,28.8978,1.2464,3.827,33.9045,2303600000,,,,,,,
2013-05-27,2311433,3.7881,3.8832,3.7808,3.821,0.0182,0.48,2,24207899.8,,,29.0367,1.2524,3.8454,34.0676,2314675000,,,,,,,
2013-05-28,2490712,3.8174,3.8576,3.6967,3.7369,-0.0841,-2.2,2.15,25511346.21,,,28.3977,1.2248,3.7608,33.3177,2263730000,,,,,,,
2013-05-29,2140163,3.7406,3.8028,3.7223,3.7918,0.0549,1.47,1.85,22072836.34,,,28.8144,1.2428,3.816,33.8067,2296955000,,,,,,,
2013-05-30,1722132,3.7735,3.832,3.7662,3.8064,0.0146,0.39,1.49,17917622.48,,,28.9256,1.2476,3.8307,33.9371,2305815000,,,,,,,
2013-05-31,2709105,3.821,3.8832,3.7881,3.8503,0.0439,1.15,2.34,28511359.61,,,29.259,1.2619,3.8748,34.3284,2332395000,,,,,,,
2013-06-03,1783615,3.8539,3.8686,3.7369,3.7516,-0.0987,-2.56,1.54,18562053.14,,,28.5088,1.2296,3.7755,33.4481,2272590000,,,,,,,
2013-06-04,2038089,3.7552,3.8283,3.6711,3.6784,-0.0732,-1.95,1.76,20869356.78,,,27.9531,1.2056,3.7019,32.7961,2228290000,,,,,,,
2013-06-05,1496539,3.704,3.715,3.6309,3.6601,-0.0183,-0.5,1.29,15008490.72,,,27.8141,1.1996,3.6835,32.6331,2217215000,,,,,,,
2013-06-06,1249434,3.6492,3.6711,3.5797,3.598,-0.0621,-1.7,1.08,12365673.27,,,27.3418,1.1793,3.6209,32.0789,2179560000,,,,,,,
2013-06-07,1234929,3.609,3.7113,3.5322,3.5651,-0.0329,-0.91,1.07,12216109.24,,,27.0917,1.1685,3.5878,31.7855,2159625000,,,,,,,
2013-06-13,1018526,3.5285,3.5285,3.4042,3.4371,-0.128,-3.59,0.88,9586581.53,,,26.1192,1.1265,3.459,30.6445,2082100000,,,,,,,
2013-06-14,904389,3.4554,3.5395,3.4554,3.5249,0.0878,2.55,0.78,8672476.95,,,26.786,1.1553,3.5473,31.4269,2135260000,,,,,,,
2013-06-17,2028114,3.5468,3.6528,3.4919,3.5285,0.0036,0.1,1.75,19921576.19,,,26.8138,1.1565,3.551,31.4595,2137475000,,,,,,,
2013-06-18,6987928,3.6492,3.8832,3.6492,3.6492,0.1207,3.42,6.04,71680505.91,,,27.7308,1.196,3.6725,32.5353,2210570000,,,,,,,
2013-06-19,3084981,3.5651,3.6931,3.5505,3.6565,0.0073,0.2,2.67,30699741.37,,,27.7864,1.1984,3.6798,32.6005,2215000000,,,,,,,
2013-06-20,1696109,3.5943,3.6675,3.5468,3.5614,-0.0951,-2.6,1.47,16787939.01,,,27.0639,1.1673,3.5841,31.7529,2157410000,,,,,,,
2013-06-21,2432122,3.4773,3.6784,3.4408,3.6455,0.0841,2.36,2.1,23798493.28,,,27.703,1.1948,3.6688,32.5027,2208355000,,,,,,,
2013-06-24,3525200,3.6126,3.7004,3.4627,3.6565,0.011,0.3,3.05,35014314.1,,,27.7864,1.1984,3.6798,32.6005,2215000000,,,,,,,
2013-06-25,4907513,3.6272,3.715,3.2908,3.7077,0.0512,1.4,4.24,48625921.73,,,28.1754,1.2152,3.7313,33.0569,2246010000,,,,,,,
2013-06-26,10732664,3.6748,3.8686,3.6199,3.8247,0.117,3.16,9.28,109430549.77,,,29.0645,1.2536,3.8491,34.1002,2316890000,,,,,,,
2013-06-27,7529982,3.7772,3.8064,3.4919,3.4993,-0.3254,-8.51,6.51,75787837.69,,,26.5915,1.1469,3.5216,31.1987,2119755000,,,,,,,
2013-06-28,5159475,3.4554,3.4554,3.1702,3.2433,-0.256,-7.32,4.46,46391552.75,,,24.6465,1.063,3.264,28.9167,1964705000,,,,,,,
2013-07-01,2735850,3.1921,3.3567,3.1921,3.3347,0.0914,2.82,2.37,24782933.21,,,27.6249,1.0768,3.3001,33.8375,2020080000,,,,,,,
2013-07-02,2631268,3.3238,3.364,3.2835,3.342,0.0073,0.22,2.28,23881174.57,,,27.6855,1.0792,3.3073,33.9117,2024510000,,,,,,,
2013-07-03,2893378,3.3238,3.3493,3.1994,3.2945,-0.0475,-1.42,2.5,25837329.89,,,27.2917,1.0638,3.2603,33.4294,1995715000,,,,,,,
2013-07-04,2151865,3.2726,3.3457,3.2616,3.3091,0.0146,0.44,1.86,19503918.14,,,27.4129,1.0686,3.2748,33.5778,2004575000,,,,,,,
2013-07-05,1505344,3.3164,3.342,3.2543,3.2616,-0.0475,-1.44,1.3,13618171.69,,,27.0191,1.0532,3.2277,33.0955,1975780000,,,,,,,
2013-07-08,1553746,3.225,3.3018,3.1885,3.2031,-0.0585,-1.79,1.34,13757446.78,,,26.5345,1.0343,3.1698,32.5019,1940340000,,,,,,,
2013-07-09,1221725,3.2031,3.3091,3.1848,3.2908,0.0877,2.74,1.06,10877833.47,,,27.2614,1.0627,3.2567,33.3923,1993500000,,,,,,,
2013-07-10,1378336,3.2982,3.3274,3.2689,3.3238,0.033,1,1.19,12457817.43,,,27.534,1.0733,3.2892,33.7262,2013435000,,,,,,,
2013-07-11,1924460,3.3384,3.4152,3.3128,3.3713,0.0475,1.43,1.66,17702306.62,,,27.9278,1.0886,3.3363,34.2086,2042230000,,,,,,,
2013-07-12,1842200,3.3749,3.4225,3.3347,3.3347,-0.0366,-1.09,1.59,17057707.62,,,27.6249,1.0768,3.3001,33.8375,2020080000,,,,,,,
2013-07-15,3829805,3.3457,3.5651,3.3457,3.4773,0.1426,4.28,3.31,36490683.98,,,28.8062,1.1229,3.4412,35.2845,2106465000,,,,,,,
2013-07-16,10854434,3.4627,3.8247,3.4554,3.8247,0.3474,9.99,9.39,111604168.45,,,31.6838,1.2351,3.785,38.8093,2316890000,,,,,,,
2013-07-17,10395009,3.8942,4.0477,3.8028,3.821,-0.0037,-0.1,8.99,111479441.31,,,31.6536,1.2339,3.7814,38.7722,2314675000,,,,,,,
2013-07-18,6346776,3.821,3.9454,3.7296,3.8759,0.0549,1.44,5.49,67014770.03,,,32.1079,1.2516,3.8356,39.3287,2347900000,,,,,,,
2013-07-19,9649263,3.9051,4.1209,3.8393,3.8393,-0.0366,-0.94,8.35,105297968.02,,,31.805,1.2398,3.7995,38.9577,2325750000,,,,,,,
2013-07-22,6615689,3.7845,4.0514,3.7442,4.0221,0.1828,4.76,5.72,71518458.03,,,33.3195,1.2988,3.9804,40.8128,2436500000,,,,,,,
2013-07-23,8711022,4.0039,4.205,3.9161,4.077,0.0549,1.36,7.53,96887470.97,,,33.7739,1.3165,4.0347,41.3694,2469725000,,,,,,,
2013-07-24,6032817,4.0624,4.1903,3.9892,4.1209,0.0439,1.08,5.22,67537705.73,,,34.1374,1.3307,4.0781,41.8146,2496305000,,,,,,,
2013-07-25,4397133,4.0953,4.1209,3.8466,3.8832,-0.2377,-5.77,3.8,47829005.51,,,32.1685,1.2539,3.8429,39.4029,2352330000,,,,,,,
2013-07-26,4464935,3.8759,4.077,3.8613,4.0368,0.1536,3.96,3.86,48884636.25,,,33.4407,1.3035,3.9949,40.9612,2445360000,,,,,,,
2013-07-29,7602727,3.9892,4.2123,3.9673,4.183,0.1462,3.62,6.58,85932478.78,,,34.6523,1.3508,4.1396,42.4453,2533960000,,,,,,,
2013-07-30,8029136,4.1684,4.3403,4.0221,4.2232,0.0402,0.96,6.94,91941676.88,,,34.9855,1.3638,4.1794,42.8535,2558325000,,,,,,,
2013-07-31,2995772,4.1721,4.2342,4.0989,4.1757,-0.0475,-1.12,2.59,34227352.26,,,34.5917,1.3484,4.1324,42.3711,2529530000,,,,,,,
2013-08-01,6268113,4.1757,4.534,4.1465,4.5011,0.3254,7.79,5.42,75651445.07,,,37.2876,1.4535,4.4544,45.6733,2726665000,,,,,,,
2013-08-02,6134106,4.4353,4.5779,4.3878,4.3988,-0.1023,-2.27,5.31,74984905.11,,,36.4394,1.4204,4.3531,44.6344,2664645000,,,,,,,
2013-08-05,6138168,4.3512,4.439,4.2196,4.3805,-0.0183,-0.42,5.31,72592497.77,,,36.288,1.4145,4.335,44.4489,2653570000,,,,,,,
2013-08-06,3637124,4.3732,4.4499,4.322,4.3403,-0.0402,-0.92,3.15,43550879.36,,,35.9548,1.4015,4.2952,44.0407,2629205000,,,,,,,
2013-08-07,4372494,4.3403,4.3659,3.9051,4.1209,-0.2194,-5.05,3.78,49860412.26,,,34.1374,1.3307,4.0781,41.8146,2496305000,,,,,,,
2013-08-08,3140616,4.1026,4.194,4.0441,4.1428,0.0219,0.53,2.72,35444946.48,,,34.3191,1.3378,4.0998,42.0372,2509595000,,,,,,,
2013-08-09,5367267,4.1282,4.1318,3.949,4.0185,-0.1243,-3,4.64,59369709.98,,,33.2892,1.2976,3.9768,40.7757,2434285000,,,,,,,
2013-08-12,3938187,4.0697,4.0916,3.9856,4.0806,0.0621,1.55,3.41,43476488.21,,,33.8042,1.3177,4.0383,41.4065,2471940000,,,,,,,
2013-08-13,2692439,4.0624,4.1465,4.0331,4.1172,0.0366,0.9,2.33,30236057.73,,,34.1071,1.3295,4.0745,41.7775,2494090000,,,,,,,
2013-08-14,3133319,4.1136,4.1647,4.0587,4.0989,-0.0183,-0.44,2.71,35226767.3,,,33.9556,1.3236,4.0564,41.592,2483015000,,,,,,,
2013-08-15,2900387,4.0989,4.1172,3.9819,4.0477,-0.0512,-1.25,2.51,32103200.3,,,33.5316,1.3071,4.0057,41.0725,2452005000,,,,,,,
2013-08-16,4959919,4.0148,4.1355,3.8722,3.8942,-0.1535,-3.79,4.29,54605176.64,,,32.2594,1.2575,3.8537,39.5142,2358975000,,,,,,,
2013-08-19,3115235,3.9124,4.0404,3.8393,4.0331,0.1389,3.57,2.69,33751716.6,,,33.4104,1.3024,3.9912,40.9241,2443145000,,,,,,,
2013-08-20,2465644,4.0221,4.0843,3.949,3.9819,-0.0512,-1.27,2.13,27167617.59,,,32.9863,1.2858,3.9406,40.4047,2412135000,,,,,,,
2013-08-21,2582830,3.9709,4.0806,3.9673,4.0441,0.0622,1.56,2.23,28515976.98,,,33.5013,1.3059,4.0021,41.0354,2449790000,,,,,,,
2013-08-22,3271815,4.0624,4.088,4.0075,4.0331,-0.011,-0.27,2.83,36253332.29,,,33.4104,1.3024,3.9912,40.9241,2443145000,,,,,,,
2013-08-23,3684958,4.0441,4.066,3.9124,3.9673,-0.0658,-1.63,3.19,40234358.36,,,32.8652,1.2811,3.9261,40.2563,2403275000,,,,,,,
2013-08-26,2738863,3.9709,4.0112,3.949,4.0002,0.0329,0.83,2.37,29751547.73,,,33.1378,1.2917,3.9587,40.5902,2423210000,,,,,,,
2013-08-27,3144705,3.9892,4.0587,3.9783,4.0514,0.0512,1.28,2.72,34627759.94,,,33.5619,1.3083,4.0093,41.1096,2454220000,,,,,,,
2013-08-28,5570264,4.0477,4.0477,3.8795,3.9051,-0.1463,-3.61,4.82,60253377.34,,,32.3502,1.261,3.8646,39.6255,2365620000,,,,,,,
2013-08-29,2700719,3.9051,3.9307,3.8174,3.8539,-0.0512,-1.31,2.34,28588542.65,,,31.9262,1.2445,3.8139,39.1061,2334610000,,,,,,,
2013-08-30,2983997,3.8832,3.9015,3.7187,3.7296,-0.1243,-3.23,2.58,31033725.99,,,30.8963,1.2044,3.6909,37.8446,2259300000,,,,,,,
2013-09-02,1501924,3.7479,3.8101,3.726,3.8064,0.0768,2.06,1.3,15447593.77,,,31.5324,1.2291,3.7669,38.6238,2305815000,,,,,,,
2013-09-03,1771388,3.7991,3.8649,3.7772,3.8576,0.0512,1.35,1.53,18590557.05,,,31.9565,1.2457,3.8175,39.1432,2336825000,,,,,,,
2013-09-04,1566037,3.8613,3.8613,3.8028,3.8357,-0.0219,-0.57,1.35,16400850.06,,,31.7747,1.2386,3.7958,38.9206,2323535000,,,,,,,
2013-09-05,1696369,3.8357,3.8832,3.8283,3.8649,0.0292,0.76,1.47,17907542.08,,,32.017,1.248,3.8248,39.2174,2341255000,,,,,,,
2013-09-06,2638960,3.8503,3.9454,3.843,3.9198,0.0549,1.42,2.28,28136938.16,,,32.4714,1.2658,3.8791,39.774,2374480000,,,,,,,
2013-09-09,2078860,3.9124,3.9417,3.8539,3.9124,-0.0074,-0.19,1.8,22132151.52,,,32.4108,1.2634,3.8718,39.6997,2370050000,,,,,,,
2013-09-10,2609944,3.9015,3.9124,3.8393,3.9015,-0.0109,-0.28,2.26,27686053.34,,,32.3199,1.2598,3.861,39.5884,2363405000,,,,,,,
2013-09-11,2748616,3.8978,3.9124,3.8064,3.8064,-0.0951,-2.44,2.38,28863838.67,,,31.5324,1.2291,3.7669,38.6238,2305815000,,,,,,,
2013-09-12,1789724,3.8064,3.8539,3.8028,3.8101,0.0037,0.1,1.55,18720869.49,,,31.5627,1.2303,3.7705,38.6609,2308030000,,,,,,,
2013-09-13,3047381,3.8137,3.8613,3.7479,3.8539,0.0438,1.15,2.64,31841550.15,,,31.9262,1.2445,3.8139,39.1061,2334610000,,,,,,,
2013-09-16,3762450,3.8613,3.9709,3.8576,3.9636,0.1097,2.85,3.25,40372162.62,,,32.8349,1.2799,3.9225,40.2192,2401060000,,,,,,,
2013-09-17,2092971,3.9673,3.9929,3.8759,3.9198,-0.0438,-1.11,1.81,22456708.3,,,32.4714,1.2658,3.8791,39.774,2374480000,,,,,,,
2013-09-18,3172765,3.9234,4.0075,3.9015,4.0039,0.0841,2.15,2.74,34341798.57,,,33.1681,1.2929,3.9623,40.6273,2425425000,,,,,,,
2013-09-23,4307661,4.0258,4.088,3.9965,4.0075,0.0036,0.09,3.73,47453510.12,,,33.1984,1.2941,3.9659,40.6644,2427640000,,,,,,,
2013-09-24,2777793,4.0002,4.0368,3.9673,4.0221,0.0146,0.36,2.4,30362089.43,,,33.3195,1.2988,3.9804,40.8128,2436500000,,,,,,,
2013-09-25,2419213,4.0112,4.0806,3.9636,3.9965,-0.0256,-0.64,2.09,26638349.64,,,33.1075,1.2905,3.9551,40.5531,2420995000,,,,,,,
2013-09-26,1391239,3.96,4.0075,3.9271,3.9454,-0.0511,-1.28,1.2,15063792.67,,,32.6834,1.274,3.9044,40.0337,2389985000,,,,,,,
2013-09-27,1159199,3.9307,3.9856,3.9271,3.9709,0.0255,0.65,1,12539556.81,,,32.8955,1.2823,3.9297,40.2934,2405490000,,,,,,,
2013-09-30,2296384,3.9965,4.077,3.949,4.0697,0.0988,2.49,1.99,25375260.16,,,32.769,1.299,4.2236,23.5493,2465295000,,,,,,,
2013-10-08,3170918,4.088,4.1647,4.0587,4.0916,0.0219,0.54,2.74,35599700.58,,,32.9456,1.306,4.2464,23.6763,2478585000,,,,,,,
2013-10-09,2018062,4.0953,4.1391,4.066,4.1026,0.011,0.27,1.75,22609412.01,,,33.0339,1.3095,4.2578,23.7398,2485230000,,,,,,,
2013-10-10,2574185,4.0916,4.1136,3.9783,3.9892,-0.1134,-2.76,2.23,28475409.66,,,32.1212,1.2733,4.1402,23.0838,2416565000,,,,,,,
2013-10-11,2163162,3.9929,4.0514,3.9783,4.0441,0.0549,1.38,1.87,23786922.43,,,32.5629,1.2908,4.1971,23.4012,2449790000,,,,,,,
2013-10-14,2928234,4.0477,4.1282,4.0404,4.1282,0.0841,2.08,2.53,32763932.28,,,33.24,1.3177,4.2844,23.8879,2500735000,,,,,,,
2013-10-15,2899867,4.1282,4.1282,4.0221,4.0587,-0.0695,-1.68,2.51,32217589.49,,,32.6806,1.2955,4.2123,23.4859,2458650000,,,,,,,
2013-10-16,2647198,4.0697,4.0733,3.8832,3.9124,-0.1463,-3.6,2.29,28501822.58,,,31.5029,1.2488,4.0605,22.6395,2370050000,,,,,,,
2013-10-17,1367107,3.9234,3.9636,3.8832,3.9161,0.0037,0.09,1.18,14686392.61,,,31.5324,1.25,4.0643,22.6607,2372265000,,,,,,,
2013-10-18,2959983,3.9124,4.0587,3.9124,4.0295,0.1134,2.9,2.56,32379665.49,,,32.4451,1.2861,4.1819,23.3166,2440930000,,,,,,,
2013-10-21,4296845,4.0221,4.1538,4.0039,4.1428,0.1133,2.81,3.72,48353420.2,,,33.3578,1.3223,4.2995,23.9725,2509595000,,,,,,,
2013-10-22,4699264,4.1574,4.3147,4.1026,4.1136,-0.0292,-0.7,4.06,54096118.87,,,33.1223,1.313,4.2692,23.8032,2491875000,,,,,,,
2013-10-23,3200387,4.1026,4.1428,3.9673,3.9709,-0.1427,-3.47,2.77,35403816.98,,,31.974,1.2675,4.1212,22.9781,2405490000,,,,,,,
2013-10-24,1725903,3.9563,4.0404,3.8978,4.0148,0.0439,1.11,1.49,18788107.9,,,32.3273,1.2815,4.1667,23.232,2432070000,,,,,,,
2013-10-25,1426790,3.9709,4.0441,3.9198,3.9454,-0.0694,-1.73,1.23,15531841.66,,,31.7679,1.2593,4.0946,22.8299,2389985000,,,,,,,
2013-10-28,1081491,3.9746,3.9856,3.8759,3.9015,-0.0439,-1.11,0.94,11559112.83,,,31.4146,1.2453,4.0491,22.576,2363405000,,,,,,,
2013-10-29,2406265,3.9088,3.938,3.6492,3.7296,-0.1719,-4.41,2.08,24780774.29,,,30.0308,1.1904,3.8707,21.5816,2259300000,,,,,,,
2013-10-30,891209,3.7442,3.7845,3.7113,3.7698,0.0402,1.08,0.77,9140172.55,,,30.3547,1.2033,3.9125,21.8143,2283665000,,,,,,,
2013-10-31,1059003,3.7442,3.832,3.7406,3.7698,0,0,0.92,11009851.59,,,30.3547,1.2033,3.9125,21.8143,2283665000,,,,,,,
2013-11-01,635904,3.7662,3.821,3.7479,3.7845,0.0147,0.39,0.55,6561100.15,,,30.4725,1.2079,3.9276,21.899,2292525000,,,,,,,
2013-11-04,831900,3.7845,3.8247,3.7662,3.8174,0.0329,0.87,0.72,8649631.3,,,30.7375,1.2184,3.9618,22.0894,2312460000,,,,,,,
2013-11-05,798394,3.8028,3.8869,3.7808,3.8649,0.0475,1.24,0.69,8376353.08,,,31.1202,1.2336,4.0111,22.3645,2341255000,,,,,,,
2013-11-06,1267997,3.8576,3.9307,3.843,3.8722,0.0073,0.19,1.1,13494036.13,,,31.1791,1.236,4.0187,22.4068,2345685000,,,,,,,
2013-11-07,921328,3.8613,3.9015,3.832,3.832,-0.0402,-1.04,0.8,9737789.35,,,30.8552,1.2231,3.977,22.174,2321320000,,,,,,,
2013-11-08,795511,3.8028,3.821,3.7296,3.7442,-0.0878,-2.29,0.69,8184425.62,,,30.1486,1.1951,3.8859,21.6662,2268160000,,,,,,,
2013-11-11,937222,3.7406,3.8247,3.6857,3.8247,0.0805,2.15,0.81,9663702.39,,,30.7963,1.2208,3.9694,22.1317,2316890000,,,,,,,
2013-11-12,4828947,3.8247,4.1501,3.8101,4.0953,0.2706,7.08,4.18,53175951.51,,,32.975,1.3071,4.2502,23.6974,2480800000,,,,,,,
2013-11-13,3400737,4.0953,4.1318,3.9929,4.0112,-0.0841,-2.05,2.94,37805414.76,,,32.2979,1.2803,4.1629,23.2108,2429855000,,,,,,,
2013-11-14,6961446,4.0258,4.3805,4.0258,4.2635,0.2523,6.29,6.02,80736085.13,,,34.3294,1.3608,4.4248,24.6707,2582690000,,,,,,,
2013-11-15,13999606,4.2232,4.5304,4.1611,4.4317,0.1682,3.95,12.11,165570275.32,,,35.6837,1.4145,4.5993,25.644,2684580000,,,,,,,
2013-11-18,8897227,4.3512,4.4463,4.3256,4.3585,-0.0732,-1.65,7.69,106528545.34,,,35.0949,1.3912,4.5234,25.2208,2640280000,,,,,,,
2013-11-19,7002508,4.3695,4.5487,4.3695,4.3988,0.0403,0.92,6.06,85310502.88,,,35.4187,1.404,4.5652,25.4536,2664645000,,,,,,,
2013-11-20,5742974,4.4097,4.428,4.3147,4.4024,0.0036,0.08,4.97,68681792.37,,,35.4482,1.4052,4.569,25.4747,2666860000,,,,,,,
2013-11-21,4520980,4.4061,4.4134,4.2964,4.3329,-0.0695,-1.58,3.91,53853939.37,,,34.8888,1.383,4.4969,25.0727,2624775000,,,,,,,
2013-11-22,5175319,4.3366,4.4975,4.3147,4.4463,0.1134,2.62,4.48,62458310.08,,,35.8015,1.4192,4.6145,25.7286,2693440000,,,,,,,
2013-11-25,8849657,4.4682,4.7352,4.4317,4.5962,0.1499,3.37,7.65,110876502.48,,,37.0086,1.467,4.7701,26.5961,2784255000,,,,,,,
2013-11-26,8594483,4.5706,4.6072,4.4829,4.5011,-0.0951,-2.07,7.43,106544108.45,,,36.2431,1.4367,4.6714,26.046,2726665000,,,,,,,
2013-11-27,6189736,4.5523,4.673,4.5085,4.5852,0.0841,1.87,5.35,77778398.42,,,36.9203,1.4635,4.7587,26.5327,2777610000,,,,,,,
2013-11-28,7630929,4.5889,4.7022,4.5596,4.6437,0.0585,1.28,6.6,96484890.89,,,37.3914,1.4822,4.8194,26.8712,2813050000,,,,,,,
2013-11-29,10895932,4.6913,4.8924,4.6693,4.7827,0.139,2.99,9.42,142831105.04,,,38.5101,1.5266,4.9636,27.6752,2897220000,,,,,,,
2013-12-02,11258253,4.4244,4.6072,4.3037,4.3037,-0.479,-10.02,9.74,135294734.34,,,34.6532,1.3737,4.4665,24.9035,2607055000,,,,,,,
2013-12-03,6388138,4.1757,4.4134,4.1428,4.3695,0.0658,1.53,5.52,74724967.15,,,35.1832,1.3947,4.5348,25.2843,2646925000,,,,,,,
2013-12-04,5600959,4.322,4.4499,4.3183,4.3329,-0.0366,-0.84,4.84,67117638.53,,,34.8888,1.383,4.4969,25.0727,2624775000,,,,,,,
2013-12-05,4179802,4.3037,4.3805,4.2598,4.3147,-0.0182,-0.42,3.62,49262110.18,,,34.7416,1.3772,4.4779,24.9669,2613700000,,,,,,,
2013-12-06,3278548,4.3147,4.428,4.2964,4.3695,0.0548,1.27,2.84,39219211,,,35.1832,1.3947,4.5348,25.2843,2646925000,,,,,,,
2013-12-09,3679201,4.3329,4.4499,4.3329,4.4426,0.0731,1.67,3.18,44343642.17,,,35.772,1.418,4.6107,25.7075,2691225000,,,,,,,
2013-12-10,3284254,4.439,4.4975,4.3659,4.4353,-0.0073,-0.16,2.84,39770818.89,,,35.7132,1.4157,4.6031,25.6652,2686795000,,,,,,,
2013-12-11,4294359,4.417,4.5816,4.4061,4.4792,0.0439,0.99,3.71,52743013.58,,,36.0665,1.4297,4.6487,25.9191,2713375000,,,,,,,
2013-12-12,4563554,4.4682,4.5889,4.439,4.5706,0.0914,2.04,3.95,56691649.85,,,36.8025,1.4589,4.7435,26.448,2768750000,,,,,,,
2013-12-13,12993289,4.5889,5.0021,4.5414,4.8778,0.3072,6.72,11.24,171104115.03,,,39.2756,1.5569,5.0623,28.2253,2954810000,,,,,,,
2013-12-16,8779834,4.8266,4.9948,4.7717,4.8595,-0.0183,-0.38,7.59,117132998.6,,,39.1284,1.5511,5.0433,28.1196,2943735000,,,,,,,
2013-12-17,12303422,4.9728,5.2617,4.8558,4.8704,0.0109,0.22,10.64,168996708.24,,,39.2168,1.5546,5.0547,28.183,2950380000,,,,,,,
2013-12-18,7912661,4.8339,4.9838,4.779,4.8412,-0.0292,-0.6,6.84,105663002.9,,,38.9812,1.5452,5.0243,28.0138,2932660000,,,,,,,
2013-12-19,5468458,4.8375,4.8558,4.6657,4.6767,-0.1645,-3.4,4.73,71146165.34,,,37.6563,1.4927,4.8536,27.0616,2832985000,,,,,,,
2013-12-20,4025253,4.6803,4.7717,4.6108,4.6328,-0.0439,-0.94,3.48,51631063.48,,,37.303,1.4787,4.808,26.8077,2806405000,,,,,,,
2013-12-23,4167007,4.6328,4.6547,4.3988,4.4902,-0.1426,-3.08,3.6,51236734.67,,,36.1548,1.4332,4.66,25.9826,2720020000,,,,,,,
2013-12-24,5112816,4.4938,4.6474,4.4938,4.6401,0.1499,3.34,4.42,64095716.32,,,37.3619,1.481,4.8156,26.85,2810835000,,,,,,,
2013-12-25,10207093,4.673,5.0752,4.662,4.9948,0.3547,7.64,8.83,137078364.05,,,40.2178,1.5943,5.1837,28.9024,3025690000,,,,,,,
2013-12-26,15947428,5.0094,5.4957,4.9326,5.4957,0.5009,10.03,13.79,230424625.73,,,44.2513,1.7541,5.7036,31.8011,3329145000,,,,,,,
2013-12-27,26790299,5.4811,5.8065,5.3056,5.6785,0.1828,3.33,23.17,407787029.94,,,45.7234,1.8125,5.8934,32.859,3439895000,,,,,,,
2013-12-30,22620397,5.5944,6.0259,5.5725,5.854,0.1755,3.09,19.56,358765087.28,,,47.1367,1.8685,6.0755,33.8746,3546215000,,,,,,,
2013-12-31,16330932,5.6858,5.7188,5.3202,5.3897,-0.4643,-7.93,14.12,246163294.66,,,47.0349,1.7187,5.5839,33.7732,3264910000,,,,,,,
2014-01-02,23049355,5.4409,5.9272,5.3897,5.9272,0.5375,9.97,19.93,363096400.83,,,51.7256,1.8901,6.1408,37.1414,3590515000,,,,,,,
2014-01-03,15798992,5.8833,6.0515,5.7699,5.7955,-0.1317,-2.22,13.66,255231207.5,,,50.5769,1.8481,6.0044,36.3165,3510775000,,,,,,,
2014-01-06,9361458,5.7773,5.8358,5.5579,5.62,-0.1755,-3.03,8.1,145396572.13,,,49.0452,1.7922,5.8226,35.2167,3404455000,,,,,,,
2014-01-07,8790049,5.5396,5.7005,5.4409,5.6895,0.0695,1.24,7.6,134432506.69,,,49.6515,1.8143,5.8946,35.652,3446540000,,,,,,,
2014-01-08,16520305,5.7334,6.2563,5.7297,5.9125,0.223,3.92,14.29,272608715.77,,,51.598,1.8855,6.1257,37.0497,3581655000,,,,,,,
2014-01-09,11909143,5.8102,5.9125,5.4591,5.4847,-0.4278,-7.24,10.3,185305200.9,,,47.8646,1.749,5.6824,34.3689,3322500000,,,,,,,
2014-01-10,8792145,5.4701,5.6347,5.3092,5.4006,-0.0841,-1.53,7.6,131675640.69,,,47.1306,1.7222,5.5953,33.8419,3271555000,,,,,,,
2014-01-13,6043321,5.4482,5.6017,5.4116,5.5176,0.117,2.17,5.23,90927648.62,,,48.1517,1.7595,5.7165,34.5752,3342435000,,,,,,,
2014-01-14,19292521,5.5761,6.0698,5.5579,6.0698,0.5522,10.01,16.69,312071058,,,52.9701,1.9356,6.2886,38.035,3676900000,,,,,,,
2014-01-15,17197580,6.0296,6.1978,5.9455,6.0259,-0.0439,-0.72,14.87,284709884.35,,,52.5872,1.9216,6.2431,37.76,3650320000,,,,,,,
2014-01-16,15455809,5.993,6.3989,5.9308,6.0478,0.0219,0.36,13.37,261188426.99,,,52.7786,1.9286,6.2658,37.8975,3663610000,,,,,,,
2014-01-17,8916489,5.9601,6.2197,5.9162,6.0734,0.0256,0.42,7.71,148382990.47,,,53.002,1.9368,6.2923,38.0579,3679115000,,,,,,,
2014-01-20,7446894,6.0369,6.0881,5.748,5.8614,-0.212,-3.49,6.44,120098024.27,,,51.1513,1.8691,6.0726,36.7289,3550645000,,,,,,,
2014-01-21,9769825,5.7992,6.1978,5.7992,6.1612,0.2998,5.11,8.45,160465889.77,,,53.7678,1.9647,6.3833,38.6078,3732275000,,,,,,,
2014-01-22,9547895,6.1283,6.3477,5.9966,6.1319,-0.0293,-0.48,8.26,160894359.44,,,53.5126,1.9554,6.353,38.4245,3714555000,,,,,,,
2014-01-23,9694768,6.1429,6.2014,6.0186,6.1246,-0.0073,-0.12,8.38,162290032.31,,,53.4487,1.9531,6.3454,38.3786,3710125000,,,,,,,
2014-01-24,16094996,5.9235,5.9857,5.7407,5.8687,-0.2559,-4.18,13.92,258181805.3,,,51.2151,1.8715,6.0802,36.7748,3555075000,,,,,,,
2014-01-27,7106338,5.8467,5.9016,5.7041,5.7809,-0.0878,-1.5,6.15,113127960.43,,,50.4492,1.8435,5.9893,36.2249,3501915000,,,,,,,
2014-01-28,8117942,5.748,5.9052,5.7078,5.887,0.1061,1.84,7.02,129264456.68,,,51.3746,1.8773,6.0991,36.8893,3566150000,,,,,,,
2014-01-29,6130495,5.887,5.9052,5.7407,5.759,-0.128,-2.17,5.3,96908043.18,,,50.2578,1.8365,5.9666,36.0874,3488625000,,,,,,,
2014-01-30,6217587,5.7736,5.8065,5.5286,5.631,-0.128,-2.22,5.38,96436106.2,,,49.1409,1.7957,5.834,35.2854,3411100000,,,,,,,
2014-02-07,4504928,5.5469,5.7919,5.4884,5.7663,0.1353,2.4,3.9,70392379.2,,,50.3216,1.8388,5.9741,36.1332,3493055000,,,,,,,
2014-02-10,7534671,5.7955,5.9455,5.737,5.9345,0.1682,2.92,6.52,120619575.55,,,51.7894,1.8924,6.1484,37.1872,3594945000,,,,,,,
2014-02-11,8811949,5.9966,6.1722,5.8029,5.876,-0.0585,-0.99,7.62,144347613.99,,,51.2789,1.8738,6.0878,36.8206,3559505000,,,,,,,
2014-02-12,7548497,5.8504,5.9966,5.6895,5.9784,0.1024,1.74,6.53,120559080.59,,,52.1724,1.9064,6.1939,37.4621,3621525000,,,,,,,
2014-02-13,9265139,5.9345,5.9345,5.492,5.4994,-0.479,-8.01,8.01,144961906.12,,,47.9922,1.7537,5.6976,34.4606,3331360000,,,,,,,
2014-02-14,5651466,5.5323,5.6237,5.4482,5.5908,0.0914,1.66,4.89,85917594.29,,,48.7899,1.7828,5.7923,35.0334,3386735000,,,,,,,
2014-02-17,5862351,5.6054,5.7663,5.6017,5.7517,0.1609,2.88,5.07,91147256.58,,,50.194,1.8341,5.959,36.0416,3484195000,,,,,,,
2014-02-18,5494349,5.7407,5.8467,5.7114,5.7773,0.0256,0.45,4.75,86915904.64,,,50.4173,1.8423,5.9855,36.2019,3499700000,,,,,,,
2014-02-19,4537063,5.7736,5.8248,5.6347,5.7005,-0.0768,-1.33,3.92,71015581.51,,,49.7472,1.8178,5.9059,35.7208,3453185000,,,,,,,
2014-02-20,3631849,5.6968,5.759,5.5213,5.5542,-0.1463,-2.57,3.14,55889288.4,,,48.4708,1.7712,5.7544,34.8043,3364585000,,,,,,,
2014-02-21,4817466,5.6347,5.7699,5.6091,5.6749,0.1207,2.17,4.17,75112516.57,,,49.5239,1.8097,5.8794,35.5604,3437680000,,,,,,,
2014-02-24,4254571,5.6858,5.7992,5.5579,5.7809,0.106,1.87,3.68,66136443.76,,,50.4492,1.8435,5.9893,36.2249,3501915000,,,,,,,
2014-02-25,12568874,5.8065,6.1356,5.4372,5.5213,-0.2596,-4.49,10.87,202759845.71,,,48.1836,1.7607,5.7203,34.5981,3344650000,,,,,,,
2014-02-26,5112373,5.4335,5.4409,5.1191,5.4116,-0.1097,-1.99,4.42,74449589.55,,,47.2264,1.7257,5.6067,33.9107,3278200000,,,,,,,
2014-02-27,5080075,5.4006,5.5506,5.1191,5.1812,-0.2304,-4.26,4.39,74780361.21,,,45.216,1.6522,5.368,32.4672,3138655000,,,,,,,
2014-02-28,3936236,5.1849,5.2251,4.9363,5.1739,-0.0073,-0.14,3.4,54761562.18,,,45.1522,1.6499,5.3604,32.4214,3134225000,,,,,,,
2014-03-03,2679386,5.1483,5.2873,5.1264,5.2873,0.1134,2.19,2.32,38359886.93,,,46.1414,1.6861,5.4779,33.1317,3202890000,,,,,,,
2014-03-04,2818424,5.2251,5.3019,5.1081,5.258,-0.0293,-0.55,2.44,40104836.48,,,45.8862,1.6767,5.4476,32.9484,3185170000,,,,,,,
2014-03-05,3376559,5.2946,5.3933,5.2251,5.375,0.117,2.23,2.92,49094059.57,,,46.9073,1.714,5.5688,33.6816,3256050000,,,,,,,
2014-03-06,3483684,5.3421,5.4701,5.2507,5.4299,0.0549,1.02,3.01,51163881.77,,,47.3859,1.7315,5.6256,34.0253,3289275000,,,,,,,
2014-03-07,3049823,5.4116,5.492,5.3312,5.3348,-0.0951,-1.75,2.64,45212040.81,,,46.5563,1.7012,5.5271,33.4295,3231685000,,,,,,,
2014-03-10,2688454,5.2836,5.2836,5.0496,5.0642,-0.2706,-5.07,2.33,37862914.85,,,44.1949,1.6149,5.2468,31.734,3067775000,,,,,,,
2014-03-11,2352674,5.0642,5.1227,4.7534,4.9326,-0.1316,-2.6,2.03,31984772.84,,,43.0462,1.573,5.1104,30.9091,2988035000,,,,,,,
2014-03-12,1720500,4.907,5.013,4.8302,4.9107,-0.0219,-0.44,1.49,23184736.71,,,42.8547,1.566,5.0877,30.7717,2974745000,,,,,,,
2014-03-13,1464284,4.918,5.0569,4.9107,5.035,0.1243,2.53,1.27,20053445.28,,,43.9397,1.6056,5.2165,31.5507,3050055000,,,,,,,
2014-03-14,1322155,4.9801,5.0971,4.9728,5.0679,0.0329,0.65,1.14,18242281.34,,,44.2268,1.6161,5.2506,31.7569,3069990000,,,,,,,
2014-03-17,2412528,5.0752,5.2763,5.0496,5.2617,0.1938,3.82,2.09,34208920.93,,,45.9181,1.6779,5.4513,32.9713,3187385000,,,,,,,
2014-03-18,3506290,5.2617,5.4409,5.2361,5.3494,0.0877,1.67,3.03,51309806.38,,,46.6839,1.7059,5.5423,33.5212,3240545000,,,,,,,
2014-03-19,4002556,5.3129,5.4628,5.2471,5.4482,0.0988,1.85,3.46,59036763.29,,,47.5455,1.7374,5.6446,34.1398,3300350000,,,,,,,
2014-03-20,2143940,5.4262,5.4665,5.1776,5.2105,-0.2377,-4.36,1.85,31323903.42,,,45.4713,1.6616,5.3983,32.6505,3156375000,,,,,,,
2014-03-21,2616278,5.152,5.4189,5.1301,5.397,0.1865,3.58,2.26,37726400.31,,,47.0987,1.721,5.5915,33.819,3269340000,,,,,,,
2014-03-24,2038169,5.397,5.4409,5.3421,5.3714,-0.0256,-0.47,0.92,30024458.15,,,46.8754,1.7129,5.565,33.6586,3253835000,,,,,,,
2014-03-25,4124914,5.3604,5.6493,5.3568,5.503,0.1316,2.45,1.86,62617354.66,,,48.0241,1.7549,5.7014,34.4835,3333575000,,,,,,,
2014-03-26,1963317,5.503,5.5725,5.4226,5.5213,0.0183,0.33,0.89,29567872.75,,,48.1836,1.7607,5.7203,34.5981,3344650000,,,,,,,
2014-03-27,4310543,5.514,5.5176,5.1118,5.1118,-0.4095,-7.42,1.95,62031438.96,,,44.6098,1.6301,5.296,32.0319,3096570000,,,,,,,
2014-03-28,2076771,5.1301,5.1812,4.9399,4.9728,-0.139,-2.72,0.94,28503093.45,,,43.3972,1.5858,5.1521,31.1612,3012400000,,,,,,,
2014-03-31,3869269,4.8266,4.8266,4.6474,4.7242,-0.2486,-5,1.75,49927598.36,,,44.2259,1.496,4.917,22.5668,2861780000,,,,,,,
2014-04-01,1756612,4.7096,4.8046,4.7059,4.7937,0.0695,1.47,0.79,22904657.37,,,44.8762,1.518,4.9893,22.8987,2903865000,,,,,,,
2014-04-02,1882184,4.8119,4.8193,4.6657,4.7608,-0.0329,-0.69,0.85,24309183.94,,,44.5682,1.5076,4.955,22.7415,2883930000,,,,,,,
2014-04-03,1606833,4.7827,4.8156,4.6803,4.7169,-0.0439,-0.92,0.73,20865700.68,,,44.1574,1.4937,4.9093,22.5319,2857350000,,,,,,,
2014-04-04,1000337,4.6986,4.7425,4.6511,4.7388,0.0219,0.46,0.45,12900377.03,,,44.3628,1.5007,4.9322,22.6367,2870640000,,,,,,,
2014-04-08,2995301,4.6767,4.8083,4.6035,4.7973,0.0585,1.23,1.35,38521950.33,,,44.9105,1.5192,4.9931,22.9161,2906080000,,,,,,,
2014-04-09,3479899,4.7973,4.8887,4.7498,4.7644,-0.0329,-0.69,1.57,45670564.93,,,44.6024,1.5088,4.9588,22.7589,2886145000,,,,,,,
2014-04-10,3620220,4.7827,4.8741,4.7169,4.7315,-0.0329,-0.69,1.63,47494575.08,,,44.2943,1.4984,4.9246,22.6017,2866210000,,,,,,,
2014-04-11,2586043,4.7059,4.7096,4.6035,4.662,-0.0695,-1.47,1.17,32890846.28,,,43.6439,1.4764,4.8523,22.2699,2824125000,,,,,,,
2014-04-14,2102711,4.6657,4.7388,4.6437,4.7096,0.0476,1.02,0.95,27013325.3,,,44.0889,1.4914,4.9017,22.4969,2852920000,,,,,,,
2014-04-15,2291953,4.7315,4.7863,4.7096,4.7571,0.0475,1.01,1.03,29781877.34,,,44.5339,1.5065,4.9512,22.724,2881715000,,,,,,,
2014-04-16,1468522,4.8046,4.8412,4.7205,4.7534,-0.0037,-0.08,0.66,19202483.26,,,44.4997,1.5053,4.9474,22.7065,2879500000,,,,,,,
2014-04-17,1283314,4.7534,4.8046,4.7388,4.7754,0.022,0.46,0.58,16789473.43,,,44.7051,1.5123,4.9702,22.8113,2892790000,,,,,,,
2014-04-18,1632637,4.79,4.8449,4.7681,4.8193,0.0439,0.92,0.74,21446211.6,,,45.1158,1.5262,5.0159,23.0209,2919370000,,,,,,,
2014-04-21,1686654,4.7717,4.8156,4.6767,4.6949,-0.1244,-2.58,0.76,21948240.31,,,43.952,1.4868,4.8865,22.4271,2844060000,,,,,,,
2014-04-22,1965984,4.6876,4.7132,4.4865,4.5414,-0.1535,-3.27,0.89,24686036.52,,,42.5143,1.4382,4.7267,21.6935,2751030000,,,,,,,
2014-04-23,1199989,4.5414,4.567,4.5048,4.5523,0.0109,0.24,0.54,14890495.05,,,42.617,1.4416,4.7381,21.7459,2757675000,,,,,,,
2014-04-24,976591,4.5523,4.5779,4.5085,4.5194,-0.0329,-0.72,0.44,12123791.65,,,42.3089,1.4312,4.7038,21.5887,2737740000,,,,,,,
2014-04-25,1327791,4.534,4.5633,4.3878,4.3988,-0.1206,-2.67,0.6,16273730.16,,,41.1793,1.393,4.5782,21.0123,2664645000,,,,,,,
2014-04-28,1897249,4.3878,4.3878,4.194,4.2013,-0.1975,-4.49,0.86,22093732.86,,,39.3309,1.3305,4.3727,20.0691,2545035000,,,,,,,
2014-04-29,1932386,4.1867,4.2708,4.1611,4.2306,0.0293,0.7,0.87,22294506.72,,,39.6047,1.3397,4.4032,20.2088,2562755000,,,,,,,
2014-04-30,2029012,4.2232,4.311,4.2232,4.2744,0.0438,1.04,0.92,23609405.03,,,40.0155,1.3536,4.4489,20.4184,2589335000,,,,,,,
2014-05-05,2203458,4.2744,4.417,4.2342,4.417,0.1426,3.34,0.99,26106997.28,,,41.3505,1.3988,4.5973,21.0996,2675720000,,,,,,,
2014-05-06,1867886,4.3914,4.5085,4.3659,4.4463,0.0293,0.66,0.84,22773828.74,,,41.6243,1.408,4.6277,21.2393,2693440000,,,,,,,
2014-05-07,1061227,4.428,4.4463,4.3366,4.3659,-0.0804,-1.81,0.48,12771250.64,,,40.8713,1.3826,4.544,20.8551,2644710000,,,,,,,
2014-05-08,1333403,4.3659,4.4975,4.3183,4.3878,0.0219,0.5,0.6,16190771.23,,,41.0766,1.3895,4.5668,20.9599,2658000000,,,,,,,
2014-05-09,968711,4.3988,4.4207,4.2964,4.3256,-0.0622,-1.42,0.44,11494569.81,,,40.4947,1.3698,4.5021,20.663,2620345000,,,,,,,
2014-05-12,3089119,4.3403,4.5633,4.3256,4.5267,0.2011,4.65,1.39,37863430.65,,,42.3774,1.4335,4.7114,21.6236,2742170000,,,,,,,
2014-05-13,1244011,4.5194,4.5889,4.4609,4.4938,-0.0329,-0.73,0.56,15370997.43,,,42.0693,1.4231,4.6772,21.4664,2722235000,,,,,,,
2014-05-14,781385,4.4975,4.5743,4.4975,4.5121,0.0183,0.41,0.35,9692363.3,,,42.2405,1.4289,4.6962,21.5537,2733310000,,,,,,,
2014-05-15,2022261,4.5085,4.534,4.3622,4.3768,-0.1353,-3,0.91,24527771.13,,,40.974,1.386,4.5554,20.9075,2651355000,,,,,,,
2014-05-16,979611,4.3695,4.4061,4.2964,4.3585,-0.0183,-0.42,0.44,11631176.09,,,40.8028,1.3803,4.5364,20.8202,2640280000,,,,,,,
2014-05-19,827558,4.3622,4.3951,4.2781,4.3659,0.0074,0.17,0.37,9834747.05,,,40.8713,1.3826,4.544,20.8551,2644710000,,,,,,,
2014-05-20,2552824,4.4061,4.5085,4.2232,4.4719,0.106,2.43,1.15,30921212.44,,,41.8639,1.4162,4.6544,21.3616,2708945000,,,,,,,
2014-05-21,1340154,4.4536,4.5194,4.3988,4.5194,0.0475,1.06,0.6,16379818.71,,,42.3089,1.4312,4.7038,21.5887,2737740000,,,,,,,
2014-05-22,2621053,4.4938,4.5596,4.428,4.4719,-0.0475,-1.05,1.18,32305051.63,,,41.8639,1.4162,4.6544,21.3616,2708945000,,,,,,,
2014-05-23,1769021,4.4792,4.5889,4.4463,4.5779,0.106,2.37,0.8,21806494.16,,,42.8566,1.4497,4.7647,21.8681,2773180000,,,,,,,
2014-05-26,3670500,4.5523,4.6986,4.5523,4.6401,0.0622,1.36,1.66,46483984.39,,,43.4385,1.4694,4.8294,22.1651,2810835000,,,,,,,
2014-05-27,3190181,4.6255,4.6949,4.5706,4.5706,-0.0695,-1.5,1.44,40389435.89,,,42.7882,1.4474,4.7571,21.8332,2768750000,,,,,,,
2014-05-28,4541067,4.6108,4.6803,4.556,4.6474,0.0768,1.68,2.05,57498201.43,,,43.507,1.4717,4.837,22.2,2815265000,,,,,,,
2014-05-29,8883102,4.9728,5.0423,4.7132,4.7827,0.1353,2.91,4.01,117681672.18,,,44.7735,1.5146,4.9778,22.8463,2897220000,,,,,,,
2014-05-30,5055319,4.7534,4.7534,4.6035,4.6584,-0.1243,-2.6,2.28,64509929.46,,,43.6097,1.4752,4.8484,22.2524,2821910000,,,,,,,
2014-06-03,2474931,4.6693,4.7352,4.6657,4.6693,0.0109,0.23,1.12,31864062.27,,,43.7124,1.4787,4.8599,22.3048,2828555000,,,,,,,
2014-06-04,2122798,4.6437,4.6511,4.5523,4.6255,-0.0438,-0.94,0.96,26728549.27,,,43.3016,1.4648,4.8142,22.0952,2801975000,,,,,,,
2014-06-05,4538289,4.5999,4.8083,4.5962,4.8083,0.1828,3.95,2.05,58850919.36,,,45.0132,1.5227,5.0045,22.9685,2912725000,,,,,,,
2014-06-06,7013149,4.8156,5.0423,4.779,4.9253,0.117,2.43,3.17,94498936.25,,,46.1085,1.5597,5.1263,23.5275,2983605000,,,,,,,
2014-06-09,3449424,4.9107,5.0021,4.8631,4.8997,-0.0256,-0.52,1.56,46431552.74,,,45.8689,1.5516,5.0996,23.4052,2968100000,,,,,,,
2014-06-10,4963329,4.8704,5.0716,4.8266,5.0642,0.1645,3.36,2.24,67604562.12,,,47.4093,1.6037,5.2709,24.1912,3067775000,,,,,,,
2014-06-11,6298976,5.0533,5.1922,4.9911,5.1447,0.0805,1.59,2.84,87927563.69,,,48.1624,1.6292,5.3546,24.5755,3116505000,,,,,,,
2014-06-12,5297128,5.1668,5.1705,4.9962,5.0073,-0.1374,-2.67,2.39,72465226.51,,,46.2112,1.6003,5.1377,23.5799,2990250000,,,,,,,
2014-06-13,4632876,5.0148,5.0964,4.948,5.0593,0.052,1.04,2.09,62873636.71,,,46.6904,1.6169,5.191,23.8244,3021260000,,,,,,,
2014-06-16,3399309,5.0556,5.1705,5.0481,5.0927,0.0334,0.66,1.53,46858469.52,,,46.9985,1.6275,5.2252,23.9816,3041195000,,,,,,,
2014-06-17,2398669,5.0667,5.1038,4.9814,4.9851,-0.1076,-2.11,1.08,32615407.37,,,46.0058,1.5932,5.1148,23.4751,2976960000,,,,,,,
2014-06-18,2406482,4.9628,5.0185,4.8553,4.8738,-0.1113,-2.23,1.09,32000804.5,,,44.9789,1.5576,5.0007,22.9511,2910510000,,,,,,,
2014-06-19,2724786,4.8998,4.9554,4.6995,4.7217,-0.1521,-3.12,1.23,35514920.13,,,43.5755,1.509,4.8446,22.2349,2819695000,,,,,,,
2014-06-20,1892600,4.7737,4.8404,4.7292,4.8367,0.115,2.44,0.85,24448250.6,,,44.6366,1.5457,4.9626,22.7764,2888360000,,,,,,,
2014-06-23,3097702,4.8367,4.9703,4.8145,4.922,0.0853,1.76,1.4,41046668.56,,,45.4239,1.573,5.0502,23.1781,2939305000,,,,,,,
2014-06-24,5371937,4.9072,5.063,4.9072,5.0296,0.1076,2.19,2.43,72422351.36,,,46.4166,1.6074,5.1605,23.6847,3003540000,,,,,,,
2014-06-25,4347124,5.0185,5.0222,4.8924,4.9554,-0.0742,-1.48,1.96,57888519.31,,,45.732,1.5837,5.0844,23.3353,2959240000,,,,,,,
2014-06-26,7043931,5.0444,5.2299,5.0444,5.1817,0.2263,4.57,3.18,97816446.85,,,47.8201,1.656,5.3165,24.4008,3094355000,,,,,,,
2014-06-27,7896402,5.1483,5.356,5.126,5.2967,0.115,2.22,3.56,112379731.09,,,48.8812,1.6927,5.4345,24.9423,3163020000,,,,,,,
2014-06-30,4527100,5.2521,5.356,5.2373,5.3226,0.0259,0.49,2.04,64680640.47,,,48.8998,1.6759,5.2634,21.1482,3178525000,,,,,,,
2014-07-01,3503555,5.3449,5.3449,5.2225,5.2596,-0.063,-1.18,1.58,49752859.72,,,48.3205,1.656,5.2011,20.8977,3140870000,,,,,,,
2014-07-02,3608077,5.2559,5.3783,5.2336,5.2781,0.0185,0.35,1.63,51536814.67,,,48.4909,1.6619,5.2194,20.9713,3151945000,,,,,,,
2014-07-03,4733754,5.3004,5.3597,5.1928,5.2744,-0.0037,-0.07,2.14,67269319.59,,,48.4568,1.6607,5.2157,20.9566,3149730000,,,,,,,
2014-07-04,6963889,5.241,5.497,5.241,5.3746,0.1002,1.9,3.14,101319229.86,,,49.3769,1.6922,5.3148,21.3545,3209535000,,,,,,,
2014-07-07,7195184,5.3968,5.5711,5.356,5.5711,0.1965,3.66,3.25,106070151.15,,,51.1829,1.7541,5.5092,22.1356,3326930000,,,,,,,
2014-07-08,6404202,5.6156,5.6676,5.4413,5.6008,0.0297,0.53,2.89,95891744.12,,,51.4555,1.7635,5.5385,22.2535,3344650000,,,,,,,
2014-07-09,6273609,5.5823,5.5823,5.3041,5.3189,-0.2819,-5.03,2.83,92352378.66,,,48.8657,1.6747,5.2597,21.1335,3176310000,,,,,,,
2014-07-10,3668354,5.3041,5.471,5.2855,5.3523,0.0334,0.63,1.66,53240945.93,,,49.1724,1.6852,5.2928,21.2661,3196245000,,,,,,,
2014-07-11,4798366,5.3263,5.4005,5.2151,5.2633,-0.089,-1.66,2.17,68820134.69,,,48.3546,1.6572,5.2047,20.9124,3143085000,,,,,,,
2014-07-14,2886264,5.2818,5.3671,5.2559,5.3671,0.1038,1.97,1.3,41502324.33,,,49.3087,1.6899,5.3074,21.325,3205105000,,,,,,,
2014-07-15,6552715,5.3375,5.3968,5.2151,5.3412,-0.0259,-0.48,2.96,93565606.21,,,49.0702,1.6817,5.2817,21.2219,3189600000,,,,,,,
2014-07-16,3168044,5.3078,5.3486,5.1668,5.1928,-0.1484,-2.78,1.43,44819936.21,,,47.7071,1.635,5.135,20.6324,3101000000,,,,,,,
2014-07-17,2022341,5.2002,5.2039,5.1223,5.1817,-0.0111,-0.21,0.91,28149921.6,,,47.6049,1.6315,5.124,20.5882,3094355000,,,,,,,
2014-07-18,1746107,5.1817,5.2225,5.1335,5.1372,-0.0445,-0.86,0.79,24380281.21,,,47.196,1.6175,5.08,20.4113,3067775000,,,,,,,
2014-07-21,2321289,5.1409,5.1483,5.0111,5.0704,-0.0668,-1.3,1.05,31665307.83,,,46.5826,1.5965,5.014,20.146,3027905000,,,,,,,
2014-07-22,1925719,5.0815,5.1335,5.037,5.1297,0.0593,1.17,0.87,26498860.68,,,47.1278,1.6151,5.0727,20.3818,3063345000,,,,,,,
2014-07-23,2526949,5.1223,5.126,4.9517,4.9554,-0.1743,-3.4,1.14,34219230.19,,,45.5262,1.5602,4.9003,19.6892,2959240000,,,,,,,
2014-07-24,1989683,4.9554,5.0148,4.8738,4.9814,0.026,0.52,0.9,26530327.3,,,45.7648,1.5684,4.926,19.7923,2974745000,,,,,,,
2014-07-25,1314873,4.9777,5.0444,4.9554,5.0036,0.0222,0.45,0.59,17729348.86,,,45.9692,1.5754,4.948,19.8808,2988035000,,,,,,,
2014-07-28,1923826,4.9999,5.1186,4.9999,5.0964,0.0928,1.85,0.87,26286389.5,,,46.8211,1.6046,5.0397,20.2492,3043410000,,,,,,,
2014-07-29,2471810,5.0927,5.1483,5.0852,5.1186,0.0222,0.44,1.12,34167808.73,,,47.0256,1.6116,5.0617,20.3376,3056700000,,,,,,,
2014-07-30,2198024,5.1557,5.1631,5.0889,5.1409,0.0223,0.44,0.99,30393854.86,,,47.2301,1.6186,5.0837,20.4261,3069990000,,,,,,,
2014-07-31,2391178,5.1297,5.2113,5.0815,5.2002,0.0593,1.15,1.08,33197366.31,,,47.7753,1.6373,5.1424,20.6619,3105430000,,,,,,,
2014-08-01,2524550,5.1854,5.1854,5.0815,5.0927,-0.1075,-2.07,1.14,34959301.71,,,46.7871,1.6035,5.036,20.2345,3041195000,,,,,,,
2014-08-04,1423802,5.0889,5.1557,5.0889,5.1372,0.0445,0.87,0.64,19685145.57,,,47.196,1.6175,5.08,20.4113,3067775000,,,,,,,
2014-08-05,3572114,5.1372,5.2929,5.1297,5.2707,0.1335,2.6,1.61,50409971.74,,,48.4227,1.6595,5.2121,20.9419,3147515000,,,,,,,
2014-08-06,3082665,5.2707,5.3041,5.2336,5.2744,0.0037,0.07,1.39,43832249.63,,,48.4568,1.6607,5.2157,20.9566,3149730000,,,,,,,
2014-08-07,3171360,5.2967,5.3041,5.1705,5.1743,-0.1001,-1.9,1.43,44800441.49,,,47.5367,1.6292,5.1167,20.5587,3089925000,,,,,,,
2014-08-08,2395139,5.2188,5.2818,5.178,5.2336,0.0593,1.15,1.08,33810703.59,,,48.082,1.6478,5.1754,20.7945,3125365000,,,,,,,
2014-08-11,2127842,5.2188,5.3004,5.2188,5.2967,0.0631,1.21,0.96,30295443.4,,,48.6613,1.6677,5.2377,21.045,3163020000,,,,,,,
2014-08-12,2066755,5.3004,5.3263,5.2892,5.3078,0.0111,0.21,0.93,29564544.02,,,48.7635,1.6712,5.2487,21.0892,3169665000,,,,,,,
2014-08-13,2410023,5.3078,5.3263,5.1928,5.267,-0.0408,-0.77,1.09,34184315.84,,,48.3887,1.6583,5.2084,20.9271,3145300000,,,,,,,
2014-08-14,3402258,5.2484,5.3634,5.2299,5.2892,0.0222,0.42,1.54,48572953.73,,,48.5931,1.6654,5.2304,21.0156,3158590000,,,,,,,
2014-08-15,3625327,5.3041,5.4079,5.2744,5.3671,0.0779,1.47,1.64,52253912.1,,,49.3087,1.6899,5.3074,21.325,3205105000,,,,,,,
2014-08-18,3937852,5.3708,5.4747,5.356,5.4599,0.0928,1.73,1.78,57561161.98,,,50.1606,1.7191,5.3991,21.6935,3260480000,,,,,,,
2014-08-19,4568283,5.4599,5.5081,5.3968,5.4599,0,0,2.06,67237206.3,,,50.1606,1.7191,5.3991,21.6935,3260480000,,,,,,,
2014-08-20,4619877,5.4524,5.5637,5.4228,5.4932,0.0333,0.61,2.09,68537198.25,,,50.4673,1.7296,5.4321,21.8261,3280415000,,,,,,,
2014-08-21,5012553,5.5192,5.6119,5.4376,5.6008,0.1076,1.96,2.26,74796206.5,,,51.4555,1.7635,5.5385,22.2535,3344650000,,,,,,,
2014-08-22,8291951,5.6045,5.7714,5.5823,5.7529,0.1521,2.72,3.74,127144692.47,,,52.8527,1.8113,5.6889,22.8577,3435465000,,,,,,,
2014-08-25,5849627,5.7306,5.7492,5.5748,5.5934,-0.1595,-2.77,2.64,89270161.2,,,51.3874,1.7611,5.5312,22.224,3340220000,,,,,,,
2014-08-26,4814632,5.5637,5.5823,5.3597,5.3857,-0.2077,-3.71,2.17,70830852.29,,,49.4791,1.6957,5.3258,21.3987,3216180000,,,,,,,
2014-08-27,2293133,5.3783,5.4599,5.3671,5.4154,0.0297,0.55,1.04,33551993.75,,,49.7517,1.7051,5.3551,21.5166,3233900000,,,,,,,
2014-08-28,2632865,5.4339,5.4339,5.2967,5.3115,-0.1039,-1.92,1.19,37981670.57,,,48.7976,1.6724,5.2524,21.104,3171880000,,,,,,,
2014-08-29,1997675,5.3226,5.445,5.3115,5.445,0.1335,2.51,0.9,28941334.14,,,50.0243,1.7144,5.3844,21.6345,3251620000,,,,,,,
2014-09-01,2897956,5.4376,5.5452,5.4339,5.5452,0.1002,1.84,1.31,43071936.57,,,50.9444,1.7459,5.4835,22.0324,3311425000,,,,,,,
2014-09-02,4797854,5.5823,5.6676,5.5563,5.6268,0.0816,1.47,2.17,72827511.58,,,51.6941,1.7716,5.5642,22.3567,3360155000,,,,,,,
2014-09-03,5262169,5.6342,5.7269,5.5897,5.6453,0.0185,0.33,2.38,80287078.86,,,51.8645,1.7775,5.5825,22.4303,3371230000,,,,,,,
2014-09-04,3673320,5.649,5.701,5.6379,5.6713,0.026,0.46,1.66,56200684.28,,,52.103,1.7856,5.6082,22.5335,3386735000,,,,,,,
2014-09-05,7672781,5.675,5.853,5.6416,5.7788,0.1075,1.9,3.46,119413096.96,,,53.0912,1.8195,5.7146,22.9609,3450970000,,,,,,,
2014-09-09,6750623,5.8159,6.0682,5.8159,5.9124,0.1336,2.31,3.05,108180037.6,,,54.318,1.8616,5.8466,23.4914,3530710000,,,,,,,
2014-09-10,4919632,5.8382,6.0274,5.8382,5.9903,0.0779,1.32,2.22,79011183.07,,,55.0336,1.8861,5.9236,23.8009,3577225000,,,,,,,
2014-09-11,6603843,5.9791,6.0533,5.8345,5.8456,-0.1447,-2.42,2.98,105655251.64,,,53.7046,1.8405,5.7806,23.2262,3490840000,,,,,,,
2014-09-12,6351041,5.8604,6.0533,5.8234,6.0496,0.204,3.49,2.87,102060438.86,,,55.5788,1.9048,5.9823,24.0367,3612665000,,,,,,,
2014-09-15,7510051,6.0459,6.3983,6.0274,6.3278,0.2782,4.6,3.39,126851230.02,,,58.1345,1.9924,6.2574,25.142,3778790000,,,,,,,
2014-09-16,5757880,6.3241,6.3426,5.9754,5.994,-0.3338,-5.28,2.6,96224663.34,,,55.0677,1.8872,5.9273,23.8157,3579440000,,,,,,,
2014-09-17,6009480,6.0422,6.287,5.9606,6.2573,0.2633,4.39,2.71,99830779.3,,,57.4871,1.9702,6.1877,24.862,3736705000,,,,,,,
2014-09-18,4260698,6.261,6.3575,6.2017,6.2499,-0.0074,-0.12,1.92,72148662.97,,,57.4189,1.9678,6.1804,24.8325,3732275000,,,,,,,
2014-09-19,3359834,6.2499,6.3241,6.1572,6.2722,0.0223,0.36,1.52,56510195.95,,,57.6234,1.9748,6.2024,24.921,3745565000,,,,,,,
2014-09-22,3106243,6.2647,6.2647,6.0904,6.1423,-0.1299,-2.07,1.4,51708456.44,,,56.4307,1.934,6.074,24.4052,3668040000,,,,,,,
2014-09-23,4112183,6.1423,6.3501,6.1127,6.3315,0.1892,3.08,1.86,69269461.11,,,58.1686,1.9935,6.2611,25.1568,3781005000,,,,,,,
2014-09-24,4564411,6.3389,6.5763,6.2981,6.4428,0.1113,1.76,2.06,79742350.89,,,59.1909,2.0286,6.3711,25.5989,3847455000,,,,,,,
2014-09-25,8304741,6.4539,6.8805,6.4428,6.669,0.2262,3.51,3.75,149589577.22,,,61.2696,2.0998,6.5948,26.4979,3982570000,,,,,,,
2014-09-26,5477687,6.6394,6.7432,6.5355,6.6208,-0.0482,-0.72,2.47,97883379.63,,,60.8266,2.0846,6.5472,26.3063,3953775000,,,,,,,
2014-09-29,3420898,6.6542,6.721,6.58,6.6728,0.052,0.79,1.54,61277289.42,,,61.3037,2.101,6.5985,26.5126,3984785000,,,,,,,
2014-09-30,4810760,6.6505,6.7024,6.491,6.5726,-0.1002,-1.5,2.17,85301791.81,,,64.0304,2.0498,6.5051,36.108,3924980000,,,,,,,
2014-10-08,6083239,6.5652,6.5652,6.3612,6.517,-0.0556,-0.85,2.75,105864695.73,,,63.4884,2.0324,6.4501,35.8023,3891755000,,,,,,,
2014-10-09,4424939,6.4947,6.5874,6.3797,6.5392,0.0222,0.34,2,77472134.54,,,63.7052,2.0394,6.4721,35.9246,3905045000,,,,,,,
2014-10-10,6511715,6.491,6.7247,6.4242,6.6728,0.1336,2.04,2.94,115547884.01,,,65.0061,2.081,6.6043,36.6582,3984785000,,,,,,,
2014-10-13,7651504,6.6171,6.784,6.4391,6.7655,0.0927,1.39,3.45,136653356.86,,,65.9094,2.1099,6.696,37.1676,4040160000,,,,,,,
2014-10-14,6018970,6.6987,6.8174,6.5244,6.5726,-0.1929,-2.85,2.72,108199551.27,,,64.0304,2.0498,6.5051,36.108,3924980000,,,,,,,
2014-10-15,7127912,6.5466,6.6023,6.3278,6.4205,-0.1521,-2.31,3.22,123037082.17,,,62.5489,2.0023,6.3546,35.2725,3834165000,,,,,,,
2014-10-16,4721104,6.3723,6.4725,6.3055,6.3055,-0.115,-1.79,2.13,81358204.33,,,61.4288,1.9665,6.2408,34.6409,3765500000,,,,,,,
2014-10-17,5991452,6.2685,6.3241,6.0385,6.0756,-0.2299,-3.65,2.7,99519924.35,,,59.1884,1.8948,6.0132,33.3775,3628170000,,,,,,,
2014-10-20,3864610,6.0756,6.1794,6.0645,6.1572,0.0816,1.34,1.74,63771701.46,,,59.9834,1.9202,6.094,33.8258,3676900000,,,,,,,
2014-10-21,2937628,6.1572,6.1869,6.0793,6.0793,-0.0779,-1.27,1.33,48542162.22,,,59.2246,1.8959,6.0169,33.3979,3630385000,,,,,,,
2014-10-22,3354558,6.083,6.2054,6.0385,6.0459,-0.0334,-0.55,1.51,55417462.38,,,58.8993,1.8855,5.9839,33.2145,3610450000,,,,,,,
2014-10-23,3349277,6.0199,6.1238,5.9717,6.0459,0,0,1.51,54659146.35,,,58.8993,1.8855,5.9839,33.2145,3610450000,,,,,,,
2014-10-24,3031308,6.0459,6.2091,6.0459,6.1423,0.0964,1.59,1.37,50266161.46,,,59.8388,1.9156,6.0793,33.7443,3668040000,,,,,,,
2014-10-27,2709396,6.1164,6.2314,6.0941,6.1869,0.0446,0.73,1.22,45091697.47,,,60.2725,1.9295,6.1234,33.9888,3694620000,,,,,,,
2014-10-28,3609265,6.2277,6.3389,6.1869,6.3315,0.1446,2.34,1.63,61041894.03,,,61.6817,1.9746,6.2665,34.7835,3781005000,,,,,,,
2014-10-29,3959627,6.3241,6.4131,6.3055,6.3501,0.0186,0.29,1.79,67732928.39,,,61.8624,1.9804,6.2849,34.8854,3792080000,,,,,,,
2014-10-30,3562287,6.3575,6.4317,6.2647,6.2796,-0.0705,-1.11,1.61,60789019.65,,,61.1758,1.9584,6.2151,34.4982,3749995000,,,,,,,
2014-10-31,3607280,6.2796,6.3426,6.1461,6.2202,-0.0594,-0.95,1.63,60384549.42,,,60.5977,1.9399,6.1564,34.1722,3714555000,,,,,,,
2014-11-03,5009485,6.1943,6.4168,6.1943,6.4168,0.1966,3.16,2.26,85501851.81,,,62.5128,2.0012,6.351,35.2522,3831950000,,,,,,,
2014-11-04,6596899,6.4354,6.5874,6.3723,6.3946,-0.0222,-0.35,2.98,115339700.65,,,62.296,1.9942,6.3289,35.1299,3818660000,,,,,,,
2014-11-05,3911888,6.3538,6.3946,6.2685,6.2759,-0.1187,-1.86,1.77,66552750.25,,,61.1397,1.9572,6.2115,34.4778,3747780000,,,,,,,
2014-11-06,6015312,6.2722,6.5095,6.2685,6.5095,0.2336,3.72,2.72,103580627.06,,,63.4162,2.0301,6.4427,35.7616,3887325000,,,,,,,
2014-11-07,7928385,6.5837,6.6357,6.4168,6.4725,-0.037,-0.57,3.58,140098761.71,,,63.0548,2.0185,6.406,35.5578,3865175000,,,,,,,
2014-11-10,3295318,6.4984,6.5021,6.4094,6.4539,-0.0186,-0.29,1.49,57316683.21,,,62.8741,2.0128,6.3877,35.4559,3854100000,,,,,,,
2014-11-11,5596356,6.4725,6.491,6.0459,6.1349,-0.319,-4.94,2.53,94076703.04,,,59.7666,1.9133,6.072,33.7035,3663610000,,,,,,,
2014-11-12,2707675,6.1015,6.2277,6.0978,6.2091,0.0742,1.21,1.22,45039600.98,,,60.4893,1.9364,6.1454,34.1111,3707910000,,,,,,,
2014-11-13,5199342,6.1906,6.1906,5.8901,5.8901,-0.319,-5.14,2.35,83691055.72,,,57.3817,1.8369,5.8297,32.3586,3517420000,,,,,,,
2014-11-14,2419078,5.8604,5.8938,5.7788,5.8308,-0.0593,-1.01,1.09,38054455.78,,,56.8035,1.8184,5.7709,32.0326,3481980000,,,,,,,
2014-11-17,2264111,5.8271,5.9866,5.8271,5.9272,0.0964,1.65,1.02,36162209.41,,,57.743,1.8485,5.8664,32.5624,3539570000,,,,,,,
2014-11-18,1781286,5.9495,5.9495,5.8827,5.9272,0,0,0.8,28412324.66,,,57.743,1.8485,5.8664,32.5624,3539570000,,,,,,,
2014-11-19,2093177,5.9272,6.0311,5.9198,5.9717,0.0445,0.75,0.94,33665507.24,,,58.1766,1.8624,5.9104,32.8069,3566150000,,,,,,,
2014-11-20,2099231,5.9383,5.9495,5.8938,5.9458,-0.0259,-0.43,0.95,33488260.35,,,57.9237,1.8543,5.8847,32.6643,3550645000,,,,,,,
2014-11-21,3076651,5.9161,6.0682,5.9161,6.0199,0.0741,1.25,1.39,49892744.85,,,58.6464,1.8774,5.9582,33.0718,3594945000,,,,,,,
2014-11-24,2856198,6.083,6.0941,5.9383,6.0719,0.052,0.86,1.29,46481458.75,,,59.1523,1.8936,6.0095,33.3571,3625955000,,,,,,,
2014-11-25,4490646,6.0719,6.2796,6.0348,6.2425,0.1706,2.81,2.03,74985167.01,,,60.8145,1.9468,6.1784,34.2945,3727845000,,,,,,,
2014-11-26,6869771,6.2944,6.4094,6.172,6.2165,-0.026,-0.42,3.1,116396966.46,,,60.5615,1.9387,6.1527,34.1518,3712340000,,,,,,,
2014-11-27,6705959,6.2499,6.376,6.198,6.3723,0.1558,2.51,3.03,113666461.27,,,62.0792,1.9873,6.3069,35.0076,3805370000,,,,,,,
2014-11-28,8890347,6.3723,6.6394,6.3426,6.4131,0.0408,0.64,4.01,155118067.83,,,62.4767,2,6.3473,35.2318,3829735000,,,,,,,
2014-12-01,4302318,6.4539,6.491,6.2314,6.2981,-0.115,-1.79,1.94,73400095.47,,,61.3565,1.9642,6.2335,34.6001,3761070000,,,,,,,
2014-12-02,5151081,6.2981,6.3983,6.2351,6.313,0.0149,0.24,2.33,87960253.81,,,61.501,1.9688,6.2482,34.6816,3769930000,,,,,,,
2014-12-03,7430382,6.3055,6.3055,6.1201,6.2722,-0.0408,-0.65,3.35,124341412.9,,,61.1035,1.9561,6.2078,34.4575,3745565000,,,,,,,
2014-12-04,5443034,6.2759,6.3538,6.2425,6.2796,0.0074,0.12,2.46,92444078.87,,,61.1758,1.9584,6.2151,34.4982,3749995000,,,,,,,
2014-12-05,7491844,6.2685,6.2759,5.8604,6.0014,-0.2782,-4.43,3.38,122172311.39,,,58.4657,1.8716,5.9398,32.9699,3583870000,,,,,,,
2014-12-08,4984978,5.9903,6.0978,5.9235,5.9717,-0.0297,-0.49,2.25,80792874.52,,,58.1766,1.8624,5.9104,32.8069,3566150000,,,,,,,
2014-12-09,6131874,5.9383,5.9903,5.6972,5.701,-0.2707,-4.53,2.77,96486345.2,,,55.5388,1.7779,5.6424,31.3194,3404455000,,,,,,,
2014-12-10,3114049,5.701,5.8864,5.6935,5.8753,0.1743,3.06,1.41,48852106.83,,,57.2371,1.8323,5.815,32.2771,3508560000,,,,,,,
2014-12-11,3534196,5.8419,5.9791,5.8085,5.9458,0.0705,1.2,1.6,56417622.39,,,57.9237,1.8543,5.8847,32.6643,3550645000,,,,,,,
2014-12-12,2514411,5.9569,6.0274,5.9495,6.0274,0.0816,1.37,1.14,40571603.67,,,58.7187,1.8797,5.9655,33.1126,3599375000,,,,,,,
2014-12-15,3790747,6.0274,6.1869,6.0088,6.1535,0.1261,2.09,1.71,62684252.77,,,59.9472,1.9191,6.0903,33.8054,3674685000,,,,,,,
2014-12-16,4546325,6.1572,6.1906,6.0088,6.0422,-0.1113,-1.81,2.05,74453105.84,,,58.8632,1.8844,5.9802,33.1941,3608235000,,,,,,,
2014-12-17,3823011,6.0645,6.0645,5.9161,6.0088,-0.0334,-0.55,1.73,61578978.31,,,58.538,1.8739,5.9471,33.0107,3588300000,,,,,,,
2014-12-18,3808149,5.9903,5.9903,5.8604,5.8827,-0.1261,-2.1,1.72,60682425.66,,,57.3094,1.8346,5.8223,32.3179,3512990000,,,,,,,
2014-12-19,3946132,5.9532,5.9754,5.7343,5.8048,-0.0779,-1.32,1.78,62036794.85,,,56.5506,1.8103,5.7452,31.89,3466475000,,,,,,,
2014-12-22,3559228,5.8345,5.879,5.5526,5.5711,-0.2337,-4.03,1.61,54445697.54,,,54.2741,1.7374,5.514,30.6062,3326930000,,,,,,,
2014-12-23,2200029,5.6008,5.7788,5.586,5.649,0.0779,1.4,0.99,33671358.96,,,55.0329,1.7617,5.591,31.0341,3373445000,,,,,,,
2014-12-24,2248735,5.675,5.7751,5.675,5.764,0.115,2.04,1.02,34788657.79,,,56.1531,1.7976,5.7048,31.6658,3442110000,,,,,,,
2014-12-25,2315328,5.7492,5.8271,5.7306,5.7826,0.0186,0.32,1.05,36042139.06,,,56.3338,1.8034,5.7232,31.7677,3453185000,,,,,,,
2014-12-26,1749077,5.7826,5.8011,5.7418,5.7714,-0.0112,-0.19,0.79,27186189.33,,,56.2254,1.7999,5.7122,31.7066,3446540000,,,,,,,
2014-12-29,3211110,5.7269,5.7714,5.6008,5.6676,-0.1038,-1.8,1.45,48841131.78,,,55.2136,1.7675,5.6094,31.136,3384520000,,,,,,,
2014-12-30,2858950,5.6564,5.6713,5.497,5.5637,-0.1039,-1.83,1.29,42845370.14,,,54.2018,1.7351,5.5066,30.5655,3322500000,,,,,,,
2014-12-31,2019491,5.5266,5.6379,5.5266,5.6156,0.0519,0.93,0.91,30399929.78,,,63.9568,1.7585,5.7009,33.5778,3353510000,,,,,,,
2015-01-05,2623101,5.6156,5.6639,5.5007,5.6639,0.0483,0.86,1.18,39577147.02,,,64.506,1.7736,5.7499,33.8661,3382305000,,,,,,,
2015-01-06,4231003,5.6268,5.8048,5.6194,5.8048,0.1409,2.49,1.91,65398772.77,,,66.1112,1.8177,5.8929,34.7089,3466475000,,,,,,,
2015-01-07,2342303,5.7863,5.8604,5.7306,5.7603,-0.0445,-0.77,1.06,36467055.54,,,65.6043,1.8038,5.8478,34.4428,3439895000,,,,,,,
2015-01-08,2347051,5.7529,5.7974,5.701,5.7269,-0.0334,-0.58,1.06,36441060.05,,,65.2241,1.7933,5.8139,34.2432,3419960000,,,,,,,
2015-01-09,2089530,5.6935,5.7751,5.6305,5.6342,-0.0927,-1.62,0.94,32180986.77,,,64.168,1.7643,5.7197,33.6887,3364585000,,,,,,,
2015-01-12,1823822,5.5934,5.6194,5.5007,5.5229,-0.1113,-1.98,0.82,27246265.29,,,62.9007,1.7295,5.6068,33.0234,3298135000,,,,,,,
2015-01-13,1689879,5.5266,5.6527,5.5081,5.6527,0.1298,2.35,0.76,25533295.66,,,64.3792,1.7701,5.7386,33.7996,3375660000,,,,,,,
2015-01-14,1781688,5.6527,5.6972,5.6268,5.649,-0.0037,-0.07,0.8,27177959.54,,,64.337,1.7689,5.7348,33.7774,3373445000,,,,,,,
2015-01-15,2344313,5.6564,5.7863,5.6045,5.7455,0.0965,1.71,1.06,36246364.21,,,65.4353,1.7991,5.8327,34.3541,3431035000,,,,,,,
2015-01-16,2430834,5.7418,5.8234,5.7343,5.8122,0.0667,1.16,1.1,37974049.24,,,66.1957,1.8201,5.9005,34.7533,3470905000,,,,,,,
2015-01-19,5013640,5.701,5.9717,5.6564,5.7306,-0.0816,-1.4,2.26,79041139.07,,,65.2664,1.7945,5.8176,34.2653,3422175000,,,,,,,
2015-01-20,5264351,5.7492,5.9717,5.7492,5.9717,0.2411,4.21,2.38,83769272.34,,,68.0122,1.87,6.0624,35.7069,3566150000,,,,,,,
2015-01-21,5582150,6.0199,6.0533,5.9532,6.0051,0.0334,0.56,2.52,90289879.8,,,68.3924,1.8805,6.0963,35.9065,3586085000,,,,,,,
2015-01-22,3953336,5.9903,6.0459,5.9383,6.0459,0.0408,0.68,1.78,63957638.35,,,68.8571,1.8932,6.1377,36.1505,3610450000,,,,,,,
2015-01-23,3492982,6.0385,6.0719,5.9198,5.9458,-0.1001,-1.66,1.58,56398104.9,,,67.7165,1.8619,6.036,35.5517,3550645000,,,,,,,
2015-01-26,2831493,5.9495,6.0496,5.9458,6.0496,0.1038,1.75,1.28,45932385.1,,,68.8993,1.8944,6.1415,36.1727,3612665000,,,,,,,
2015-01-27,3282579,6.057,6.0719,5.9198,6.0311,-0.0185,-0.31,1.48,53096853.74,,,68.6881,1.8886,6.1226,36.0618,3601590000,,,,,,,
2015-01-28,2916302,6.0088,6.0459,5.9569,6.0088,-0.0223,-0.37,1.32,47259318.06,,,68.4346,1.8816,6.1001,35.9287,3588300000,,,,,,,
2015-01-29,2338495,5.9606,5.9866,5.8753,5.879,-0.1298,-2.16,1.06,37345402.63,,,66.9561,1.841,5.9683,35.1525,3510775000,,,,,,,
2015-01-30,6811631,5.8271,5.8604,5.6305,5.6602,-0.2188,-3.72,3.08,104773636.38,,,64.4637,1.7724,5.7461,33.844,3380090000,,,,,,,
2015-02-02,2071871,5.6045,5.6861,5.6045,5.6342,-0.026,-0.46,0.94,31542787.94,,,64.168,1.7643,5.7197,33.6887,3364585000,,,,,,,
2015-02-03,2499031,5.6416,5.7232,5.6416,5.7084,0.0742,1.32,1.13,38296683.49,,,65.0129,1.7875,5.795,34.1323,3408885000,,,,,,,
2015-02-04,3605944,5.7121,5.7677,5.6305,5.6602,-0.0482,-0.84,1.63,55363790.94,,,64.4637,1.7724,5.7461,33.844,3380090000,,,,,,,
2015-02-05,4565575,5.6898,5.8271,5.6527,5.7455,0.0853,1.51,2.06,70655747.05,,,65.4353,1.7991,5.8327,34.3541,3431035000,,,,,,,
2015-02-06,2983140,5.7232,5.7751,5.586,5.586,-0.1595,-2.78,1.35,45494791.99,,,63.6189,1.7492,5.6708,33.4004,3335790000,,,,,,,
2015-02-09,1346949,5.6008,5.649,5.5711,5.6231,0.0371,0.66,0.61,20362228.34,,,64.0413,1.7608,5.7084,33.6222,3357940000,,,,,,,
2015-02-10,1842915,5.6194,5.7195,5.5786,5.7195,0.0964,1.71,0.83,28015175.99,,,65.1396,1.791,5.8063,34.1988,3415530000,,,,,,,
2015-02-11,2266205,5.7195,5.7714,5.6639,5.6787,-0.0408,-0.71,1.02,34847749.73,,,64.6749,1.7782,5.7649,33.9548,3391165000,,,,,,,
2015-02-12,5552739,5.5415,5.6156,5.5081,5.5971,-0.0816,-1.44,2.51,83298520.4,,,63.7456,1.7527,5.6821,33.4669,3342435000,,,,,,,
2015-02-13,4196054,5.6082,5.6972,5.5674,5.6713,0.0742,1.33,1.89,64019459.81,,,64.5905,1.7759,5.7574,33.9105,3386735000,,,,,,,
2015-02-16,4423797,5.6676,5.7455,5.6564,5.7455,0.0742,1.31,2,67989577.36,,,65.4353,1.7991,5.8327,34.3541,3431035000,,,,,,,
2015-02-17,2712287,5.7529,5.7603,5.6898,5.7121,-0.0334,-0.58,1.22,41793591.37,,,65.0551,1.7887,5.7988,34.1545,3411100000,,,,,,,
2015-02-25,4093579,5.7269,5.8085,5.701,5.764,0.0519,0.91,1.85,63543706.45,,,65.6465,1.805,5.8515,34.4649,3442110000,,,,,,,
2015-02-26,3017048,5.7603,5.7937,5.7306,5.7937,0.0297,0.52,1.36,46852400.7,,,65.9845,1.8142,5.8817,34.6424,3459830000,,,,,,,
2015-02-27,7956956,5.7937,5.968,5.7751,5.9124,0.1187,2.05,3.59,126558775.73,,,67.3363,1.8514,6.0021,35.3521,3530710000,,,,,,,
2015-03-02,8057095,5.9309,6.0682,5.8827,6.0533,0.1409,2.38,3.64,130241322.2,,,68.9415,1.8956,6.1452,36.1948,3614880000,,,,,,,
2015-03-03,7994185,6.0088,6.1238,5.9383,6.0533,0,0,3.61,129946213.9,,,68.9415,1.8956,6.1452,36.1948,3614880000,,,,,,,
2015-03-04,10604939,6.0237,6.3723,6.0162,6.2944,0.2411,3.98,4.79,177705306.01,,,71.6874,1.971,6.39,37.6364,3758855000,,,,,,,
2015-03-05,7439418,6.2314,6.2573,6.109,6.2128,-0.0816,-1.3,3.36,124245938.57,,,70.758,1.9455,6.3072,37.1485,3710125000,,,,,,,
2015-03-06,6494216,6.2165,6.2388,5.9569,6.0088,-0.204,-3.28,2.93,106527787.81,,,68.4346,1.8816,6.1001,35.9287,3588300000,,,,,,,
2015-03-11,15663646,6.261,6.5207,6.1312,6.1794,0.1706,2.84,7.07,265742891.13,,,70.3778,1.935,6.2733,36.9489,3690190000,,,,,,,
2015-03-12,7079211,6.0941,6.3055,6.0756,6.1794,0,0,3.2,118117985.46,,,70.3778,1.935,6.2733,36.9489,3690190000,,,,,,,
2015-03-13,8398636,6.1906,6.4836,6.1869,6.3946,0.2152,3.48,3.79,143937505.13,,,72.828,2.0024,6.4917,38.2352,3818660000,,,,,,,
2015-03-16,11666929,6.4205,6.7952,6.3797,6.7321,0.3375,5.28,5.27,207940659.65,,,76.6721,2.1081,6.8343,40.2535,4020225000,,,,,,,
2015-03-17,11867476,6.7321,6.9101,6.6023,6.7061,-0.026,-0.39,5.36,216730757.93,,,76.3764,2.1,6.808,40.0982,4004720000,,,,,,,
2015-03-18,11612260,6.721,7.1994,6.721,7.0659,0.3598,5.37,5.24,218250010.53,,,80.474,2.2126,7.1732,42.2495,4219575000,,,,,,,
2015-03-19,8890926,6.9584,7.1809,6.8582,6.9843,-0.0816,-1.15,4.01,167543052.36,,,79.5447,2.1871,7.0904,41.7616,4170845000,,,,,,,
2015-03-20,9858233,6.9732,7.0845,6.7989,6.899,-0.0853,-1.22,4.45,183983414.67,,,78.5731,2.1604,7.0038,41.2515,4119900000,,,,,,,
2015-03-23,9959056,6.8842,7.0251,6.8174,7.014,0.115,1.67,4.5,185340543.56,,,79.8826,2.1964,7.1205,41.939,4188565000,,,,,,,
2015-03-24,17176554,7.0103,7.4443,6.695,7.3181,0.3041,4.34,7.75,326887280.35,,,83.3466,2.2916,7.4293,43.7576,4370195000,,,,,,,
2015-03-25,16106354,7.3219,7.6594,7.1957,7.4665,0.1484,2.03,7.27,325025954.92,,,85.0364,2.3381,7.5799,44.6447,4458795000,,,,,,,
2015-03-26,13671546,7.3515,7.4888,6.9732,7.0214,-0.4451,-5.96,6.17,265472426.69,,,79.9671,2.1987,7.128,41.9834,4192995000,,,,,,,
2015-03-27,6613271,6.9913,7.0954,6.9467,7.0657,0.0443,0.63,2.99,124796962.09,,,80.2628,2.2197,7.1544,42.1386,4208500000,,,,,,,
2015-03-30,7888071,7.0285,7.0992,6.8574,6.995,-0.0707,-1,3.56,147919478.3,,,79.4602,2.1975,7.0828,41.7172,4166415000,,,,,,,
2015-03-31,8797320,7.0062,7.1847,6.9169,7.0285,0.0335,0.48,3.97,167185979.56,,,81.049,2.1941,7.3339,55.9801,4186350000,,,,,,,
2015-04-01,9266968,7.0322,7.3037,6.9579,7.274,0.2455,3.49,4.18,178736137.95,,,83.8793,2.2707,7.59,57.935,4332540000,,,,,,,
2015-04-02,8349688,7.2925,7.4264,7.2293,7.4004,0.1264,1.74,3.77,164882562.48,,,85.3373,2.3102,7.7219,58.942,4407850000,,,,,,,
2015-04-03,9999345,7.326,7.6421,7.3074,7.5975,0.1971,2.66,4.51,201919604.27,,,87.6102,2.3717,7.9276,60.5118,4525245000,,,,,,,
2015-04-07,8890943,7.5975,7.7648,7.512,7.6458,0.0483,0.64,4.01,181744942.41,,,88.1676,2.3868,7.978,60.8969,4554040000,,,,,,,
2015-04-08,9594317,7.6458,7.6458,7.0657,7.352,-0.2938,-3.84,4.33,190775407.53,,,84.7799,2.2951,7.6715,58.557,4379055000,,,,,,,
2015-04-09,8416611,7.3558,7.3558,6.9281,7.1959,-0.1561,-2.12,3.8,160710744.32,,,82.9788,2.2463,7.5085,57.313,4286025000,,,,,,,
2015-04-10,7784064,7.1401,7.512,7.0731,7.3818,0.1859,2.58,3.51,153612098.56,,,85.1229,2.3044,7.7025,58.7939,4396775000,,,,,,,
2015-04-13,14180801,7.4487,8.0437,7.3781,7.8355,0.4537,6.15,6.4,291542097.25,,,90.3547,2.446,8.1759,62.4074,4667005000,,,,,,,
2015-04-14,8576825,7.7351,7.8578,7.5677,7.6235,-0.212,-2.71,3.87,177768056.12,,,87.9103,2.3798,7.9548,60.7192,4540750000,,,,,,,
2015-04-15,10216153,7.5529,7.9471,7.3632,7.3855,-0.238,-3.12,4.61,210790994.83,,,85.1658,2.3055,7.7064,58.8235,4398990000,,,,,,,
2015-04-16,10137328,7.2144,7.7351,7.1847,7.7351,0.3496,4.73,4.58,205041442.97,,,89.1968,2.4147,8.0712,61.6077,4607200000,,,,,,,
2015-04-17,9409396,7.7909,7.8466,7.4376,7.5231,-0.212,-2.74,4.25,192794634.27,,,86.7525,2.3485,7.85,59.9194,4480945000,,,,,,,
2015-04-20,9028925,7.4636,7.5938,7.1066,7.1624,-0.3607,-4.79,4.08,179398883.96,,,82.5928,2.2359,7.4736,57.0464,4266090000,,,,,,,
2015-04-21,6274966,7.1475,7.512,7.1475,7.512,0.3496,4.88,2.83,124483598.83,,,86.6238,2.345,7.8383,59.8306,4474300000,,,,,,,
2015-04-22,7713389,7.5491,7.7276,7.5417,7.5975,0.0855,1.14,3.48,157701408.6,,,87.6102,2.3717,7.9276,60.5118,4525245000,,,,,,,
2015-04-23,10391986,7.6867,7.9396,7.59,7.6942,0.0967,1.27,4.69,217174189.24,,,88.7251,2.4019,8.0285,61.2819,4582835000,,,,,,,
2015-04-24,11093008,7.5305,7.8466,7.4227,7.8318,0.1376,1.79,5.01,228331501.65,,,90.3118,2.4448,8.1721,62.3778,4664790000,,,,,,,
2015-04-27,14448699,7.7685,8.1813,7.7016,7.8838,0.052,0.66,6.52,309250122.33,,,90.9121,2.4611,8.2264,62.7925,4695800000,,,,,,,
2015-04-28,19685434,7.9396,8.5458,7.8652,8.3636,0.4798,6.09,8.89,434389741.85,,,96.4441,2.6108,8.7269,66.6134,4981535000,,,,,,,
2015-04-29,19979440,8.1925,8.7503,8.1851,8.7392,0.3756,4.49,9.02,456201220.68,,,100.7753,2.7281,9.1189,69.6049,5205250000,,,,,,,
2015-04-30,17902300,8.8172,8.8805,8.4826,8.4974,-0.2418,-2.77,8.08,414853563.3,,,97.9879,2.6526,8.8666,67.6796,5061275000,,,,,,,
2015-05-04,14656516,8.4416,9.1036,8.2557,8.9623,0.4649,5.47,6.62,344104459.47,,,103.3482,2.7978,9.3517,71.382,5338150000,,,,,,,
2015-05-05,13761829,8.9437,9.3602,8.6313,8.7652,-0.1971,-2.2,6.21,332588186.36,,,101.0754,2.7362,9.146,69.8122,5220755000,,,,,,,
2015-05-06,12997503,8.8061,9.0924,8.3226,8.4305,-0.3347,-3.82,5.87,305137408.57,,,97.216,2.6317,8.7968,67.1465,5021405000,,,,,,,
2015-05-07,10454950,8.4491,8.5383,8.1218,8.1813,-0.2492,-2.96,4.72,231973697.9,,,94.3428,2.554,8.5368,65.162,4873000000,,,,,,,
2015-05-08,12077580,8.3226,8.9437,8.2631,8.9102,0.7289,8.91,5.45,277442927.2,,,102.7479,2.7815,9.2974,70.9674,5307140000,,,,,,,
2015-05-11,14422577,8.8507,9.3862,8.7875,9.2226,0.3124,3.51,6.51,354699637.94,,,106.3501,2.879,9.6233,73.4554,5493200000,,,,,,,
2015-05-12,11386657,9.2561,9.3713,9.0106,9.2821,0.0595,0.65,5.14,281156650.75,,,107.0362,2.8976,9.6854,73.9293,5528640000,,,,,,,
2015-05-13,9018517,9.0738,9.4011,8.9809,9.1333,-0.1488,-1.6,4.07,222678457.41,,,105.3209,2.8512,9.5302,72.7445,5440040000,,,,,,,
2015-05-14,12253432,9.085,9.8808,9.0404,9.6131,0.4798,5.25,5.53,314343160.91,,,110.8528,3.0009,10.0308,76.5654,5725775000,,,,,,,
2015-05-15,8633840,9.4829,9.9106,9.297,9.7098,0.0967,1.01,3.9,222734644.93,,,111.9677,3.0311,10.1316,77.3355,5783365000,,,,,,,
2015-05-18,10233739,9.6688,10.513,9.6317,10.0221,0.3123,3.22,4.62,278550871.8,,,115.5699,3.1286,10.4576,79.8235,5969425000,,,,,,,
2015-05-19,11580812,10.0593,11.0262,9.9106,11.0262,1.0041,10.02,5.23,328409768.62,,,127.1484,3.442,11.5053,87.8206,6567475000,,,,,,,
2015-05-20,7989914,11.889,12.1307,11.5282,12.1307,1.1045,10.02,3.61,258627328.41,,,139.8846,3.7868,12.6578,96.6175,7225330000,,,,,,,
2015-05-21,25758699,12.9414,13.343,11.9001,12.1307,0,0,11.63,869451736.57,,,139.8846,3.7868,12.6578,96.6175,7225330000,,,,,,,
2015-05-22,24688191,11.9708,12.5026,11.4836,11.7886,-0.3421,-2.82,11.15,783989795.87,,,135.9394,3.68,12.3008,93.8925,7021550000,,,,,,,
2015-05-25,13933600,11.3795,12.3166,11.2345,12.1381,0.3495,2.96,6.29,445245658.43,,,139.9704,3.7892,12.6655,96.6767,7229760000,,,,,,,
2015-05-26,12677224,12.0972,13.3356,12.0972,12.8744,0.7363,6.07,5.72,436585270.06,,,148.4613,4.019,13.4338,102.5413,7668330000,,,,,,,
2015-05-27,12594054,12.9674,12.9897,12.3055,12.6885,-0.1859,-1.44,5.69,425770411.38,,,146.3171,3.961,13.2398,101.0604,7557580000,,,,,,,
2015-05-28,16982852,12.5695,12.9414,11.4204,11.4204,-1.2681,-9.99,7.67,555237091.72,,,131.694,3.5651,11.9166,90.9602,6802265000,,,,,,,
2015-05-29,13682346,11.2828,11.7997,10.6357,11.4539,0.0335,0.29,6.18,414254663.11,,,132.0799,3.5756,11.9515,91.2268,6822200000,,,,,,,
2015-06-01,12573102,11.4167,12.4208,11.3795,12.0563,0.6024,5.26,5.68,403797428.98,,,139.027,3.7636,12.5802,96.0251,7181030000,,,,,,,
2015-06-02,14593813,12.0823,13.1719,11.8518,13.1719,1.1156,9.25,6.59,493662800.38,,,151.8919,4.1119,13.7443,104.9108,7845530000,,,,,,,
2015-06-03,15264032,13.4546,14.1909,12.7183,13.7149,0.543,4.12,6.89,556266777.45,,,158.1528,4.2814,14.3108,109.2352,8168920000,,,,,,,
2015-06-04,13242231,13.6665,13.6665,12.3427,13.3021,-0.4128,-3.01,5.98,465332009.68,,,153.3928,4.1525,13.8801,105.9475,7923055000,,,,,,,
2015-06-05,11440450,13.4434,13.9864,12.9154,13.2129,-0.0892,-0.67,5.17,413838222.82,,,152.3636,4.1247,13.7869,105.2367,7869895000,,,,,,,
2015-06-08,11260621,13.0158,13.0195,11.9001,12.2274,-0.9855,-7.46,5.08,373359110.25,,,140.9996,3.817,12.7587,97.3876,7282920000,,,,,,,
2015-06-09,6750280,12.0191,12.629,11.9001,12.3129,0.0855,0.7,3.05,223873789.84,,,141.9859,3.8437,12.8479,98.0688,7333865000,,,,,,,
2015-06-10,12357285,12.272,13.2352,12.0117,13.105,0.7921,6.43,5.58,426077344.67,,,151.12,4.091,13.6744,104.3777,7805660000,,,,,,,
2015-06-11,14291535,12.9488,13.9826,12.8373,13.7967,0.6917,5.28,6.45,518672576.57,,,159.0963,4.3069,14.3962,109.8869,8217650000,,,,,,,
2015-06-12,12666604,13.6963,14.9644,13.3876,14.5033,0.7066,5.12,5.72,489721896.88,,,167.244,4.5275,15.1334,115.5145,8638500000,,,,,,,
2015-06-15,17332431,14.864,15.9536,14.5442,15.34,0.8367,5.77,7.83,711877973.96,,,176.8927,4.7887,16.0065,122.1788,9136875000,,,,,,,
2015-06-16,15926141,14.8826,16.504,14.5219,15.79,0.45,2.93,7.19,671998743.91,,,182.0816,4.9292,16.476,125.7627,9404890000,,,,,,,
2015-06-17,13123722,15.6189,16.3218,15.0983,15.314,-0.476,-3.01,5.92,548678863.31,,,176.5926,4.7806,15.9794,121.9714,9121370000,,,,,,,
2015-06-18,10006339,14.9607,15.5743,14.0979,14.3917,-0.9223,-6.02,4.52,403456016.13,,,165.9576,4.4927,15.017,114.6259,8572050000,,,,,,,
2015-06-19,10235512,13.9083,14.533,13.0529,13.9826,-0.4091,-2.84,4.62,383071547.55,,,161.2404,4.365,14.5902,111.3678,8328400000,,,,,,,
2015-06-23,16028976,13.8711,15.3809,12.7108,15.247,1.2644,9.04,7.24,620677938.22,,,175.8207,4.7597,15.9095,121.4383,9081500000,,,,,,,
2015-06-24,15749766,15.247,16.3627,15.247,16.2437,0.9967,6.54,7.11,674125661.21,,,187.3133,5.0708,16.9494,129.3762,9675120000,,,,,,,
2015-06-25,18788545,16.437,17.4709,15.6598,15.8383,-0.4054,-2.5,8.48,844715474.05,,,182.6391,4.9442,16.5265,126.1477,9433685000,,,,,,,
2015-06-26,30803535,14.8752,16.9205,14.2541,14.2541,-1.5842,-10,13.91,1280949236.76,,,164.3709,4.4497,14.8735,113.53,8490095000,,,,,,,
2015-06-29,18324851,14.8752,14.9495,12.8298,12.8298,-1.4243,-9.99,8.27,665635563.2,,,147.9467,4.0051,13.3873,102.1859,7641750000,,,,,,,
2015-06-30,18365653,11.5468,13.2463,11.5468,12.6476,-0.1822,-1.42,8.29,605815465.54,,,130.072,3.7388,13.4566,102.0795,7533215000,,,,,,,
2015-07-01,17293265,12.7406,13.6182,11.3832,11.3832,-1.2644,-10,7.81,603417195.87,,,117.0686,3.365,12.1114,91.8745,6780115000,,,,,,,
2015-07-02,17874831,11.1601,11.3051,10.2453,10.2453,-1.1379,-10,8.07,499071477.03,,,105.3656,3.0286,10.9006,82.6901,6102325000,,,,,,,
2015-07-15,31061814,11.1638,11.1638,9.2226,9.2226,-1.0227,-9.98,14.02,835640846.74,,,98.7047,2.8372,10.2115,77.4627,5716556240,,,,,,,
2015-07-16,22372961,8.3003,9.5127,8.3003,8.8507,-0.3719,-4.03,10.1,528782863.15,,,94.7247,2.7228,9.7998,74.3392,5486049940,,,,,,,
2015-07-17,15870966,8.9251,9.7358,8.9251,9.7358,0.8851,10,7.17,403227889.4,,,104.1971,2.9951,10.7797,81.7731,6034654934,,,,,,,
2015-07-20,17239015,9.9292,10.5725,9.7655,10.2639,0.5281,5.42,7.78,471132275.58,,,109.8488,3.1575,11.3644,86.2085,6361973880,,,,,,,
2015-07-21,22298373,10.0407,11.2902,9.7804,11.2902,1.0263,10,10.07,643538990.91,,,120.8337,3.4733,12.5009,94.8293,6998171268,,,,,,,
2015-07-22,21946000,11.2791,11.822,10.9258,11.6026,0.3124,2.77,9.91,670043590.17,,,124.1769,3.5694,12.8468,97.4531,7191796560,,,,,,,
2015-07-23,13755355,11.5282,11.9633,11.2121,11.7142,0.1116,0.96,6.21,430751531,,,125.3709,3.6037,12.9703,98.3901,7260948450,,,,,,,
2015-07-24,17134760,11.7142,12.2311,11.3795,11.4911,-0.2231,-1.9,7.74,548365779.67,,,122.9829,3.535,12.7232,96.516,7122644670,,,,,,,
2015-07-27,16821687,11.2307,11.8443,10.342,10.342,-1.1491,-10,7.59,505785341.3,,,110.6846,3.1815,11.4509,86.8644,6410380203,,,,,,,
2015-07-28,18652500,9.4494,10.3196,9.3081,9.3156,-1.0264,-9.92,8.42,480771316.29,,,99.6997,2.8658,10.3145,78.2436,5774182815,,,,,,,
2015-07-29,14875704,9.6688,10.249,8.7615,10.1523,0.8367,8.98,6.72,378069066.61,,,108.6548,3.1232,11.2409,85.2714,6292821990,,,,,,,
2015-07-30,13465364,9.9664,10.368,9.4085,9.5015,-0.6508,-6.41,6.08,363264166.54,,,101.6897,2.923,10.5203,79.8053,5889435965,,,,,,,
2015-07-31,12484280,9.2226,9.8548,9.1036,9.3602,-0.1413,-1.49,5.64,319107088.34,,,100.1773,2.8795,10.3639,78.6184,5801843571,,,,,,,
2015-08-03,12988790,9.2561,9.2561,8.4231,8.4231,-0.9371,-10.01,5.86,301981561.72,,,90.1476,2.5912,9.3263,70.7472,5220967695,,,,,,,
2015-08-04,13975222,8.5123,9.2523,8.4231,9.2449,0.8218,9.76,6.31,330841211.84,,,98.9435,2.844,10.2362,77.6501,5730386618,,,,,,,
2015-08-05,13288935,9.2449,9.4271,8.8061,8.873,-0.3719,-4.02,6,326520149.63,,,94.9635,2.7296,9.8245,74.5266,5499880318,,,,,,,
2015-08-06,9434542,8.4788,8.8805,8.397,8.5941,-0.2789,-3.14,4.26,219309006.78,,,91.9785,2.6438,9.5157,72.184,5327000593,,,,,,,
2015-08-07,12458919,8.7094,9.2784,8.7094,9.1891,0.595,6.92,5.62,303485502.85,,,98.3465,2.8269,10.1745,77.1816,5695810673,,,,,,,
2015-08-10,15219254,9.4048,10.1077,9.297,10.0073,0.8182,8.9,6.87,399005436.6,,,107.1026,3.0786,11.0803,84.0533,6202924533,,,,,,,
2015-08-11,13731823,9.9664,10.2267,9.8362,9.9998,-0.0075,-0.07,6.2,369883831.72,,,107.023,3.0763,11.0721,83.9908,6198314407,,,,,,,
2015-08-12,11772971,9.8548,10.2267,9.6688,9.6763,-0.3235,-3.24,5.32,315492047.15,,,103.5603,2.9768,10.7139,81.2734,5997773926,,,,,,,
2015-08-13,10761944,9.6242,10.0407,9.5498,10.0407,0.3644,3.77,4.86,284266955.52,,,107.4608,3.0889,11.1174,84.3344,6223670100,,,,,,,
2015-08-14,14243131,10.0779,10.4795,10.0779,10.1783,0.1376,1.37,6.43,393015393.98,,,108.9334,3.1312,11.2697,85.4901,6308957431,,,,,,,
2015-08-17,9121827,10.1523,10.2973,9.8436,10.1486,-0.0297,-0.29,4.12,246980833.35,,,108.615,3.122,11.2368,85.2402,6290516927,,,,,,,
2015-08-18,16803354,10.1486,10.5242,9.1333,9.1333,-1.0153,-10,7.59,448599364.9,,,97.7495,2.8097,10.1127,76.7131,5661234728,,,,,,,
2015-08-19,12403991,8.7763,9.5238,8.4268,9.4011,0.2678,2.93,5.6,297127060.34,,,100.6151,2.8921,10.4092,78.962,5827199264,,,,,,,
2015-08-20,7822380,9.2263,9.4383,8.8396,8.9474,-0.4537,-4.83,3.53,193042394.71,,,95.7595,2.7525,9.9068,75.1513,5545981578,,,,,,,
2015-08-21,9004112,8.7652,8.9028,8.2557,8.278,-0.6694,-7.48,4.07,207306385.04,,,88.5954,2.5466,9.1657,69.529,5131070238,,,,,,,
2015-08-24,5382339,7.8838,7.8838,7.4487,7.4487,-0.8293,-10.02,2.43,108728621.17,,,79.72,2.2915,8.2475,62.5636,4617041189,,,,,,,
2015-08-25,10166974,6.705,6.8426,6.705,6.705,-0.7437,-9.98,4.59,183642196.92,,,71.7599,2.0627,7.4239,56.3166,4156028589,,,,,,,
2015-08-26,16853417,6.7496,7.0174,6.043,6.1955,-0.5095,-7.6,7.61,298217178.78,,,66.3073,1.9059,6.8598,52.0374,3840234958,,,,,,,
2015-08-27,16177275,6.4633,6.8165,6.3257,6.8165,0.621,10.02,7.3,285530915.96,,,72.9539,2.097,7.5475,57.2537,4225180479,,,,,,,
2015-08-28,15319754,6.9839,7.4301,6.8872,7.4301,0.6136,9,6.92,293043507.63,,,79.521,2.2858,8.2269,62.4074,4605515874,,,,,,,
2015-08-31,12774349,7.2516,7.2516,6.6975,6.7087,-0.7214,-9.71,5.77,240542291.26,,,71.7997,2.0638,7.4281,56.3479,4158333652,,,,,,,
2015-09-01,14050744,6.6008,6.6008,6.0393,6.0393,-0.6694,-9.98,6.34,236080447.45,,,64.6357,1.8579,6.6869,50.7256,3743422312,,,,,,,
2015-09-02,25060356,5.7269,6.6418,5.5893,6.4149,0.3756,6.22,11.31,432371925.14,,,68.6555,1.9734,7.1028,53.8803,3976233675,,,,,,,
2015-09-07,22522721,6.5748,7.0583,6.5674,6.9541,0.5392,8.41,10.17,414416055.56,,,74.4265,2.1393,7.6998,58.4094,4310467810,,,,,,,
2015-09-08,16812854,6.8091,7.5417,6.731,7.3297,0.3756,5.4,7.59,317166913.72,,,78.4464,2.2549,8.1157,61.5641,4543279173,,,,,,,
2015-09-09,29718841,7.274,7.6235,7.1401,7.5231,0.1934,2.64,13.42,589971906.2,,,80.516,2.3144,8.3298,63.1883,4663142449,,,,,,,
2015-09-10,14679809,7.3111,7.4301,7.1959,7.2442,-0.2789,-3.71,6.63,288614213.84,,,77.531,2.2286,8.021,60.8457,4490262724,,,,,,,
2015-09-11,13415022,7.1735,7.4673,7.1438,7.445,0.2008,2.77,6.06,265511532.55,,,79.6802,2.2903,8.2433,62.5324,4614736126,,,,,,,
2015-09-14,13361019,7.512,7.564,6.7013,6.7013,-0.7437,-9.99,6.03,252533529.37,,,71.7201,2.0615,7.4198,56.2854,4153723526,,,,,,,
2015-09-15,14115624,6.3889,6.8984,6.3852,6.6492,-0.0521,-0.78,6.37,251241985.46,,,71.1629,2.0455,7.3622,55.8481,4121452644,,,,,,,
2015-09-16,14728200,6.8946,7.3149,6.7347,7.3149,0.6657,10.01,6.65,277681620.32,,,78.2872,2.2503,8.0992,61.4392,4534058921,,,,,,,
2015-09-17,26417429,7.2182,7.8466,7.1475,7.3186,0.0037,0.05,11.93,533561269.9,,,78.327,2.2514,8.1033,61.4704,4536363984,,,,,,,
2015-09-18,20509776,7.3967,7.7946,7.1029,7.6867,0.3681,5.03,9.26,412567505.69,,,82.2672,2.3647,8.511,64.5627,4764565221,,,,,,,
2015-09-21,20041648,7.5566,8.1813,7.5157,8.0772,0.3905,5.08,9.05,426198201.99,,,86.4462,2.4848,8.9433,67.8423,5006596836,,,,,,,
2015-09-22,22979406,8.0437,8.397,7.7462,8.2631,0.1859,2.3,10.37,500434313.76,,,88.4362,2.542,9.1492,69.4041,5121849986,,,,,,,
2015-09-23,19527261,8.0363,8.5012,8.0363,8.3152,0.0521,0.63,8.82,434075002.47,,,88.9934,2.558,9.2068,69.8414,5154120868,,,,,,,
2015-09-24,16921490,8.3859,8.5309,8.1256,8.2446,-0.0706,-0.85,7.64,378202541.68,,,88.2372,2.5363,9.1286,69.2479,5110324671,,,,,,,
2015-09-25,17189730,8.1851,8.2148,7.5194,7.7946,-0.45,-5.46,7.76,364734546.04,,,83.4214,2.3979,8.6304,65.4685,4831412048,,,,,,,
2015-09-28,15569677,7.8838,8.5012,7.828,8.4045,0.6099,7.82,7.03,342463568.91,,,89.9486,2.5855,9.3057,70.591,5209442380,,,,,,,
2015-09-29,15272107,8.1962,8.4231,7.988,8.3003,-0.1042,-1.24,6.89,337585445.58,,,88.8342,2.5535,9.1904,69.7164,5144900616,,,,,,,
2015-09-30,13761118,8.3524,8.5049,7.9917,8.0698,-0.2305,-2.78,6.21,303574217.94,,,77.7212,2.4475,8.8654,41.9815,5001986710,,,,,,,
2015-10-08,16049132,8.4602,8.7354,8.2594,8.5904,0.5206,6.45,7.25,367822161.44,,,82.7355,2.6054,9.4374,44.6899,5324695530,,,,,,,
2015-10-09,22253160,8.6016,9.4457,8.5941,9.3639,0.7735,9,10.05,541897563.67,,,90.1853,2.84,10.2871,48.714,5804148634,,,,,,,
2015-10-12,28265058,9.4941,9.9478,9.2523,9.6688,0.3049,3.26,12.76,727773820.88,,,93.1222,2.9325,10.6222,50.3004,5993163800,,,,,,,
2015-10-13,35805907,9.4085,9.6949,9.2449,9.5722,-0.0966,-1,7.35,417111611.72,,,92.191,2.9031,10.5159,49.7974,5933232162,,,,,,,
2015-10-14,40425813,9.5722,10.0385,9.204,9.3267,-0.2455,-2.56,8.3,476633827.87,,,89.8271,2.8287,10.2463,48.5205,5781098004,,,,,,,
2015-10-15,34665030,9.0076,9.5803,9.0076,9.5803,0.2536,2.72,7.11,398854152.63,,,92.2698,2.9056,10.5249,49.8399,5938303300.6,,,,,,,
2015-10-16,37764644,9.6949,9.7685,9.1713,9.4985,-0.0818,-0.85,7.75,434758454.92,,,91.4818,2.8808,10.435,49.4143,5887591914.6,,,,,,,
2015-10-19,32015155,9.4085,9.4167,9.0649,9.3022,-0.1963,-2.07,6.57,361971621.39,,,89.5907,2.8212,10.2193,48.3928,5765884588.2,,,,,,,
2015-10-20,46988666,9.3022,9.8994,9.294,9.6376,0.3354,3.61,9.64,554910282.51,,,92.8214,2.923,10.5878,50.1379,5973801270.8,,,,,,,
2015-10-21,42641559,9.5722,9.7112,8.6722,8.6722,-0.9654,-10.02,8.75,478351309.5,,,83.5235,2.6302,9.5273,45.1156,5375406916,,,,,,,
2015-10-22,29351214,8.6395,9.0404,8.6068,8.9913,0.3191,3.68,6.02,317520371.39,,,86.5965,2.727,9.8778,46.7755,5573181321.4,,,,,,,
2015-10-23,40275596,9.0813,9.7358,8.9995,9.4985,0.5072,5.64,8.27,458991793.61,,,91.4818,2.8808,10.435,49.4143,5887591914.6,,,,,,,
2015-10-26,47639817,9.6703,10.0958,9.5722,9.9812,0.4827,5.08,9.78,573109663.67,,,96.1308,3.0272,10.9653,51.9255,6186789092,,,,,,,
2015-10-27,34756685,9.8667,9.9403,9.1467,9.7931,-0.1881,-1.88,7.13,408473268.26,,,94.3185,2.9701,10.7586,50.9465,6070152904.2,,,,,,,
2015-10-28,37483434,9.6949,10.1449,9.6049,9.6949,-0.0982,-1,7.69,453086046.3,,,93.3729,2.9403,10.6508,50.4358,6009299241,,,,,,,
2015-10-29,26294245,9.8831,9.9485,9.4085,9.5476,-0.1473,-1.52,5.4,309805549.9,,,91.9546,2.8957,10.489,49.6697,5918018746.2,,,,,,,
2015-10-30,22992884,9.474,9.7031,9.1795,9.3758,-0.1718,-1.8,4.72,265058195.71,,,90.2999,2.8436,10.3002,48.7759,5811524835.6,,,,,,,
2015-11-02,18606852,9.0813,9.474,8.9177,8.9995,-0.3763,-4.01,3.82,208672654.14,,,86.6753,2.7294,9.8868,46.818,5578252460,,,,,,,
2015-11-03,16263876,9.0731,9.1467,8.7949,8.8931,-0.1064,-1.18,3.34,178307720.51,,,85.651,2.6972,9.7699,46.2647,5512327658.2,,,,,,,
2015-11-04,21353823,8.9667,9.5231,8.9667,9.5231,0.63,7.08,4.38,242900810.62,,,91.7182,2.8882,10.462,49.542,5902805330.4,,,,,,,
2015-11-05,28305087,9.5722,9.6949,9.2858,9.6212,0.0981,1.03,5.81,328725311.71,,,92.6638,2.918,10.5699,50.0527,5963658993.6,,,,,,,
2015-11-06,22531577,9.6949,10.5866,9.6949,10.5866,0.9654,10.03,4.62,284447658.81,,,101.9617,3.2108,11.6304,55.075,6562053348.4,,,,,,,
2015-11-09,80031636,11.2902,11.642,10.6439,10.9303,0.3437,3.25,16.42,1085935468.73,,,105.2711,3.315,12.0079,56.8626,6775041169.6,,,,,,,
2015-11-10,47801574,10.6521,11.2657,10.5948,10.9303,0,0,9.81,639094421.43,,,105.2711,3.315,12.0079,56.8626,6775041169.6,,,,,,,
2015-11-11,41837129,10.8239,11.4293,10.783,11.1839,0.2536,2.32,8.59,567071750.18,,,107.7138,3.3919,12.2866,58.182,6932246466.2,,,,,,,
2015-11-12,42550516,11.1184,11.2002,10.6357,10.8484,-0.3355,-3,8.73,565214607.71,,,104.4831,3.2902,11.9181,56.437,6724329783.6,,,,,,,
2015-11-13,49234954,10.6848,11.5193,10.6357,11.0039,0.1555,1.43,10.1,664774914.57,,,105.9803,3.3374,12.0888,57.2457,6820681417,,,,,,,
2015-11-16,52310089,10.8566,12.1084,10.7585,12.1084,1.1045,10.04,10.73,745536895.31,,,116.6177,3.6723,13.3022,62.9915,7505285128,,,,,,,
2015-11-17,82241476,12.8611,13.0492,11.7975,11.9857,-0.1227,-1.01,16.88,1251674332.1,,,115.4357,3.6351,13.1674,62.3531,7429218049,,,,,,,
2015-11-18,32196126,11.822,12.1002,11.4784,11.7157,-0.27,-2.25,6.61,463633957.37,,,112.8355,3.5532,12.8708,60.9486,7261870475.2,,,,,,,
2015-11-19,47195002,11.8138,12.5174,11.8138,12.1902,0.4745,4.05,9.69,703788726.95,,,117.4056,3.6971,13.3921,63.4172,7555996514,,,,,,,
2015-11-20,48461314,12.1166,12.5993,11.8629,12.4929,0.3027,2.48,9.94,722631088.23,,,120.3211,3.789,13.7246,64.9919,7743628642.2,,,,,,,
2015-11-23,38989720,12.4929,12.5174,11.7811,11.8384,-0.6545,-5.24,8,580754989.11,,,114.0174,3.5905,13.0056,61.587,7337937554.2,,,,,,,
2015-11-24,26052879,11.9857,12.1084,11.462,11.9857,0.1473,1.24,5.35,378077180.74,,,115.4357,3.6351,13.1674,62.3531,7429218049,,,,,,,
2015-11-25,27374687,11.8629,12.2311,11.8466,12.1329,0.1472,1.23,5.62,402912056.79,,,116.8541,3.6798,13.3292,63.1192,7520498543.8,,,,,,,
2015-11-26,27083682,12.1493,12.2147,11.6584,11.6829,-0.45,-3.71,5.56,392732165.14,,,112.5203,3.5433,12.8348,60.7783,7241585920.8,,,,,,,
2015-11-27,27523454,11.5848,11.8875,10.5212,10.693,-0.9899,-8.47,5.65,379440713.79,,,102.986,3.2431,11.7473,55.6283,6627978150.2,,,,,,,
2015-11-30,27747869,10.7175,10.8566,9.7603,10.6603,-0.0327,-0.31,5.69,352715633.46,,,102.6708,3.2331,11.7113,55.4581,6607693595.8,,,,,,,
2015-12-01,18281088,10.6357,10.7748,10.3167,10.5948,-0.0655,-0.61,3.75,235800276.45,,,102.0405,3.2133,11.6394,55.1176,6567124487,,,,,,,
2015-12-02,15010548,10.5212,10.6112,9.834,10.3903,-0.2045,-1.93,3.08,188456390.51,,,100.0706,3.1513,11.4147,54.0535,6440346022,,,,,,,
2015-12-03,15644887,10.5048,10.8075,10.4312,10.7421,0.3518,3.39,3.21,204024156.83,,,103.4588,3.258,11.8012,55.8837,6658404981.8,,,,,,,
2015-12-04,20251269,10.7421,11.1021,10.5539,10.7503,0.0082,0.08,4.16,268289319.98,,,103.5376,3.2604,11.8102,55.9263,6663476120.4,,,,,,,
2015-12-07,13739916,10.7257,10.9221,10.603,10.8157,0.0654,0.61,2.82,180713078.68,,,104.1679,3.2803,11.8821,56.2668,6704045229.2,,,,,,,
2015-12-08,15692835,10.7012,10.7585,10.3494,10.3985,-0.4172,-3.86,3.22,201310073.3,,,100.1494,3.1537,11.4237,54.0961,6445417160.6,,,,,,,
2015-12-09,10687519,10.3903,10.4148,10.0794,10.1776,-0.2209,-2.12,2.19,133885887.28,,,98.0219,3.0867,11.181,52.9469,6308496418.4,,,,,,,
2015-12-10,12214751,10.1285,10.4721,10.1285,10.2758,0.0982,0.96,2.51,154611307.08,,,98.9674,3.1165,11.2889,53.4577,6369350081.6,,,,,,,
2015-12-11,11147321,10.3576,10.5294,10.2594,10.3085,0.0327,0.32,2.29,141765262.45,,,99.2826,3.1264,11.3249,53.6279,6389634636,,,,,,,
2015-12-14,13319791,10.1939,10.6276,9.9403,10.5948,0.2863,2.78,2.73,166878977.26,,,102.0405,3.2133,11.6394,55.1176,6567124487,,,,,,,
2015-12-15,12452263,10.603,10.7912,10.5539,10.6439,0.0491,0.46,2.56,162591308.62,,,102.5132,3.2282,11.6934,55.373,6597551318.6,,,,,,,
2015-12-16,14274216,10.7175,10.9057,10.6357,10.7175,0.0736,0.69,2.93,187884606.3,,,103.2224,3.2505,11.7742,55.756,6643191566,,,,,,,
2015-12-17,25443718,10.7994,11.413,10.7994,11.3966,0.6791,6.34,5.22,346442333.23,,,109.7624,3.4565,12.5203,59.2887,7064096069.8,,,,,,,
2015-12-18,18593629,11.323,11.4948,11.0857,11.2166,-0.18,-1.58,3.82,255724799.86,,,108.0289,3.4019,12.3225,58.3523,6952531020.6,,,,,,,
2015-12-21,13904844,11.1675,11.3393,11.0693,11.2657,0.0491,0.44,2.85,190597798.01,,,108.5017,3.4168,12.3764,58.6077,6982957852.2,,,,,,,
2015-12-22,16415621,11.3557,11.5193,11.1593,11.413,0.1473,1.31,3.37,227334631.36,,,109.92,3.4614,12.5382,59.3738,7074238347,,,,,,,
2015-12-23,28567937,11.3721,11.8057,11.3148,11.6175,0.2045,1.79,5.86,404182158.9,,,111.8899,3.5235,12.7629,60.4378,7201016812,,,,,,,
2015-12-24,16279104,11.462,11.5275,11.1757,11.4539,-0.1636,-1.41,3.34,225064965,,,110.314,3.4738,12.5832,59.5866,7099594040,,,,,,,
2015-12-25,11244507,11.4048,11.5684,11.3475,11.4866,0.0327,0.29,2.31,157464052.06,,,110.6292,3.4838,12.6191,59.7568,7119878594.4,,,,,,,
2015-12-28,14786873,11.503,11.5684,10.873,10.8894,-0.5972,-5.2,3.03,203989914.29,,,104.8771,3.3026,11.963,56.6498,6749685476.6,,,,,,,
2015-12-29,11096191,10.8975,11.0448,10.603,11.0366,0.1472,1.35,2.28,146573437.31,,,106.2954,3.3473,12.1248,57.4159,6840965971.4,,,,,,,
2015-12-30,11645152,11.0448,11.3557,10.9712,11.323,0.2864,2.6,2.39,159041113.3,,,109.0533,3.4341,12.4394,58.9056,7018455822.4,,,,,,,
2015-12-31,12483617,11.2902,11.3148,10.8484,10.8894,-0.4336,-3.83,2.56,168646705.74,,,87.3258,3.3911,10.8017,53.0792,6749685476.6,,,,,,,
2016-01-04,12515620,10.8403,10.8648,9.8012,9.8012,-1.0882,-9.99,2.57,156480637.59,,,78.5998,3.0522,9.7224,47.7752,6075224042.8,,,,,,,
2016-01-05,18027329,9.0649,9.7767,8.8195,9.2449,-0.5563,-5.68,3.7,204835753.36,,,74.1384,2.879,9.1705,45.0634,5730386618,,,,,,,
2016-01-06,12535769,9.4167,9.5394,9.1386,9.4494,0.2045,2.21,2.57,143424358.98,,,75.7786,2.9426,9.3734,46.0604,5857165083,,,,,,,
2016-01-07,3313610,9.2449,9.2449,8.5086,8.5086,-0.9408,-9.96,0.68,35530229.3,,,68.2335,2.6497,8.4401,41.4743,5273984144,,,,,,,
2016-01-08,19833790,8.8358,8.9177,7.6986,8.3204,-0.1882,-2.21,4.07,201781621.67,,,66.7245,2.5911,8.2535,40.5571,5157347956.2,,,,,,,
2016-01-11,14993210,7.9686,8.165,7.4859,7.4859,-0.8345,-10.03,3.08,142214018.44,,,60.0324,2.3312,7.4257,36.4894,4640091819,,,,,,,
2016-01-12,14514241,7.535,7.6495,7.1996,7.5105,0.0246,0.33,2.98,132217465.89,,,60.2292,2.3388,7.45,36.6091,4655305234.8,,,,,,,
2016-01-13,11934237,7.5759,7.6414,6.8805,6.8969,-0.6136,-8.17,2.45,107614297.29,,,55.3085,2.1478,6.8414,33.6181,4274969839.8,,,,,,,
2016-01-14,16419265,6.6432,7.4859,6.5614,7.4859,0.589,8.54,3.37,141523629.78,,,60.0324,2.3312,7.4257,36.4894,4640091819,,,,,,,
2016-01-15,14776886,7.3877,7.4777,6.8969,7.0359,-0.45,-6.01,3.03,130988015.82,,,56.4239,2.1911,6.9793,34.2961,4361179196,,,,,,,
2016-01-18,27752113,6.8314,7.7395,6.8314,7.7395,0.7036,10,5.7,254498678.59,,,62.0663,2.4102,7.6773,37.7257,4797297115.6,,,,,,,
2016-01-19,35225384,7.8214,8.0586,7.5105,8.0586,0.3191,4.12,7.23,333836458.88,,,64.625,2.5095,7.9938,39.281,4995071521,,,,,,,
2016-01-20,22100344,7.8541,8.0177,7.7068,7.9195,-0.1391,-1.73,4.54,213077973.57,,,63.5097,2.4662,7.8558,38.603,4908862164.8,,,,,,,
2016-01-21,21260623,7.7314,8.1077,7.2814,7.2814,-0.6381,-8.06,4.36,202742534.94,,,58.3922,2.2675,7.2228,35.4924,4513313354,,,,,,,
2016-01-22,18619136,7.535,7.7232,7.265,7.6086,0.3272,4.49,3.82,170132988.45,,,61.0165,2.3694,7.5474,37.0876,4716158898,,,,,,,
2016-01-25,14756821,7.7723,7.8295,7.535,7.6577,0.0491,0.65,3.03,139003292.56,,,61.4102,2.3847,7.5961,37.3269,4746585729.6,,,,,,,
2016-01-26,16532243,7.5105,7.5841,6.9541,6.9787,-0.679,-8.87,3.39,147906909.91,,,55.9646,2.1732,6.9225,34.0169,4325681225.8,,,,,,,
2016-01-27,17760415,7.0769,7.3959,6.586,7.2405,0.2618,3.75,3.64,151617252.88,,,58.0641,2.2548,7.1822,35.2931,4487957661,,,,,,,
2016-01-28,13359892,7.0523,7.265,6.8069,6.8641,-0.3764,-5.2,2.74,115264476.59,,,55.0461,2.1376,6.8089,33.4586,4254685285.4,,,,,,,
2016-01-29,25643855,6.8805,7.5514,6.8641,7.4696,0.6055,8.82,5.26,230894431.8,,,59.9012,2.3261,7.4095,36.4097,4629949541.8,,,,,,,
2016-02-01,19586294,7.3714,7.5105,7.1996,7.4532,-0.0164,-0.22,4.02,176286435.22,,,59.77,2.321,7.3932,36.3299,4619807264.6,,,,,,,
2016-02-02,24031925,7.4614,7.9932,7.445,7.8541,0.4009,5.38,4.93,228206578.39,,,62.9848,2.4458,7.7909,38.284,4868293056,,,,,,,
2016-02-03,20011216,7.7559,8.0177,7.5677,7.8868,0.0327,0.42,4.11,189405842.22,,,63.2472,2.456,7.8233,38.4435,4888577610.4,,,,,,,
2016-02-04,21399803,7.9195,8.0832,7.8377,7.9686,0.0818,1.04,4.39,208234449.14,,,63.9033,2.4815,7.9045,38.8423,4939288996.4,,,,,,,
2016-02-05,13857007,7.9768,8.0177,7.7723,7.7886,-0.18,-2.26,2.84,133211973.15,,,62.4599,2.4255,7.726,37.965,4827723947.2,,,,,,,
2016-02-15,11452515,7.3632,7.8704,7.2978,7.7804,-0.0082,-0.11,2.35,106406223.37,,,62.3943,2.4229,7.7178,37.9251,4822652808.6,,,,,,,
2016-02-16,21103064,7.8459,8.2877,7.7804,8.1813,0.4009,5.15,4.33,208808228.72,,,65.6092,2.5477,8.1155,39.8792,5071138600,,,,,,,
2016-02-17,21964869,8.1159,8.4104,8.0259,8.3613,0.18,2.2,4.51,219291375.94,,,67.0526,2.6038,8.294,40.7565,5182703649.2,,,,,,,
2016-02-18,21147206,8.4513,8.5086,8.2059,8.2713,-0.09,-1.08,4.34,215376708.38,,,66.3309,2.5758,8.2048,40.3178,5126921124.6,,,,,,,
2016-02-19,15240774,8.2059,8.3859,8.1568,8.2959,0.0246,0.3,3.13,153726726.49,,,66.5277,2.5834,8.2291,40.4375,5142134540.4,,,,,,,
2016-02-22,18129867,8.4268,8.4513,8.2877,8.4513,0.1554,1.87,3.72,185528722.74,,,67.7743,2.6318,8.3833,41.1952,5238486173.8,,,,,,,
2016-02-23,18009687,8.4677,8.5086,8.1486,8.3041,-0.1472,-1.74,3.7,183031824.77,,,66.5933,2.586,8.2372,40.4773,5147205679,,,,,,,
2016-02-24,20925067,8.2386,8.394,7.895,8.3286,0.0245,0.3,4.29,209158530.86,,,66.7901,2.5936,8.2616,40.597,5162419094.8,,,,,,,
2016-02-25,20972019,8.2877,8.2877,7.4941,7.4941,-0.8345,-10.02,4.3,200704561.65,,,60.098,2.3337,7.4338,36.5293,4645162957.6,,,,,,,
2016-02-26,12189197,7.5514,7.6495,7.2078,7.4041,-0.09,-1.2,2.5,111204951.93,,,59.3763,2.3057,7.3445,36.0906,4589380433,,,,,,,
2016-02-29,14479363,7.265,7.3141,6.6678,6.6678,-0.7363,-9.94,2.97,120560773.28,,,53.4715,2.0764,6.6141,32.5015,4132977959,,,,,,,
2016-03-01,14662587,6.7169,7.0032,6.4633,6.8641,0.1963,2.94,3.01,120798705.14,,,55.0461,2.1376,6.8089,33.4586,4254685285.4,,,,,,,
2016-03-02,16760485,6.7905,7.2487,6.7251,7.1914,0.3273,4.77,3.44,143481508.11,,,57.6705,2.2395,7.1335,35.0538,4457530829.4,,,,,,,
2016-03-03,15265222,7.1996,7.445,7.1259,7.175,-0.0164,-0.23,3.13,135943066.02,,,57.5393,2.2344,7.1173,34.974,4447388552.2,,,,,,,
2016-03-04,14923494,7.1014,7.1668,6.6351,6.7087,-0.4663,-6.5,3.06,126103971.31,,,53.7995,2.0892,6.6547,32.7009,4158333652,,,,,,,
2016-03-07,15028138,6.8232,7.1996,6.8151,6.9705,0.2618,3.9,3.08,128840734.48,,,55.899,2.1707,6.9144,33.977,4320610087.2,,,,,,,
2016-03-08,16863954,6.946,7.2241,6.6105,7.1587,0.1882,2.7,3.46,142786143.88,,,57.408,2.2293,7.1011,34.8943,4437246275,,,,,,,
2016-03-09,13131765,6.946,7.2241,6.8805,6.9869,-0.1718,-2.4,2.69,113062100.57,,,56.0302,2.1758,6.9306,34.0568,4330752364.4,,,,,,,
2016-03-10,12354021,7.0114,7.1996,6.9214,6.9705,-0.0164,-0.23,2.54,106772595.33,,,55.899,2.1707,6.9144,33.977,4320610087.2,,,,,,,
2016-03-11,8087190,6.7905,6.9869,6.7823,6.9132,-0.0573,-0.82,1.66,68019510.52,,,55.4398,2.1528,6.8576,33.6979,4285112117,,,,,,,
2016-03-14,16790534,7.0359,7.4041,7.0278,7.2241,0.3109,4.5,3.45,148476793.54,,,57.9329,2.2497,7.166,35.2133,4477815383.8,,,,,,,
2016-03-15,9962284,7.1996,7.3059,7.1096,7.1423,-0.0818,-1.13,2.04,87624590.14,,,57.2768,2.2242,7.0848,34.8145,4427103997.8,,,,,,,
2016-03-16,11667390,7.265,7.355,6.9541,7.0441,-0.0982,-1.37,2.39,101749509.25,,,56.4895,2.1936,6.9874,34.336,4366250334.6,,,,,,,
2016-03-17,40220508,7.085,7.7477,7.085,7.6495,0.6054,8.59,8.25,371194543.82,,,61.3446,2.3821,7.588,37.287,4741514591,,,,,,,
2016-03-18,37446154,7.6659,8.0013,7.6005,7.8623,0.2128,2.78,7.68,356589240.11,,,63.0504,2.4484,7.799,38.3239,4873364194.6,,,,,,,
2016-03-21,32532428,7.9195,8.0586,7.7804,8.0341,0.1718,2.19,6.68,315270714.31,,,64.4282,2.5019,7.9694,39.1613,4979858105.2,,,,,,,
2016-03-22,25655414,7.9277,8.1977,7.8623,8.0341,0,0,5.26,252968957.05,,,64.4282,2.5019,7.9694,39.1613,4979858105.2,,,,,,,
2016-03-23,22733311,8.0177,8.2959,7.9604,8.2631,0.229,2.85,4.67,226307808.97,,,66.2653,2.5732,8.1967,40.2779,5121849986,,,,,,,
2016-03-24,21223108,8.1159,8.2059,7.8786,7.9032,-0.3599,-4.36,4.36,209222575.7,,,63.3785,2.4611,7.8396,38.5233,4898719887.6,,,,,,,
2016-03-25,13065161,7.8214,8.0504,7.8132,8.0341,0.1309,1.66,2.68,126488142.33,,,64.4282,2.5019,7.9694,39.1613,4979858105.2,,,,,,,
2016-03-28,18534360,8.0913,8.3286,7.8786,7.9359,-0.0982,-1.22,3.8,184280898.64,,,63.6409,2.4713,7.872,38.6828,4919004442,,,,,,,
2016-03-29,13638134,7.9523,7.9686,7.5923,7.6905,-0.2454,-3.09,2.8,129017784.75,,,61.6726,2.3949,7.6286,37.4864,4766870284,,,,,,,
2016-03-30,16725184,7.7641,8.1568,7.7641,8.1486,0.4581,5.96,3.43,162743128.75,,,65.3467,2.5376,8.083,39.7196,5050854045.6,,,,,,,
2016-03-31,16673163,8.1813,8.2468,8.0504,8.0832,-0.0654,-0.8,3.42,165972204.53,,,63.9888,2.4902,7.8188,35.3269,5010284936.8,,,,,,,
2016-04-01,15072944,8.075,8.075,7.7804,7.9359,-0.1473,-1.82,3.09,145488236.76,,,62.823,2.4449,7.6763,34.6833,4919004442,,,,,,,
2016-04-05,19551238,7.9441,8.255,7.8541,8.2304,0.2945,3.71,4.01,193521127.95,,,65.1546,2.5356,7.9612,35.9705,5101565431.6,,,,,,,
2016-04-06,29931538,8.1977,8.5904,8.1404,8.345,0.1146,1.39,6.14,305801554.84,,,66.0613,2.5709,8.072,36.4711,5172561372,,,,,,,
2016-04-07,18925676,8.3695,8.3859,8.0832,8.0913,-0.2537,-3.04,3.88,190095580.09,,,64.0535,2.4928,7.8267,35.3626,5015356075.4,,,,,,,
2016-04-08,14525353,8.0013,8.0095,7.8377,7.9768,-0.1145,-1.42,2.98,140901816.23,,,63.1468,2.4575,7.7159,34.8621,4944360135,,,,,,,
2016-04-11,15543677,8.0586,8.255,8.0586,8.1486,0.1718,2.15,3.19,155444102.65,,,64.5069,2.5104,7.8821,35.6129,5050854045.6,,,,,,,
2016-04-12,12190697,8.0832,8.1404,7.9195,8.0668,-0.0818,-1,2.5,119367241.21,,,63.8592,2.4852,7.803,35.2554,5000142659.6,,,,,,,
2016-04-13,20953983,8.0668,8.394,8.0586,8.1895,0.1227,1.52,4.3,211413687.41,,,64.8307,2.5129,7.9217,35.7917,5076209738.6,,,,,,,
2016-04-14,21660627,8.2468,8.4186,8.1732,8.4186,0.2291,2.8,4.45,219366650.48,,,66.6442,2.5832,8.1433,36.7929,5218201619.4,,,,,,,
2016-04-15,15512242,8.4677,8.5004,8.2713,8.3286,-0.09,-1.07,3.18,158471647.43,,,66.0946,2.5619,8.0761,36.4895,5175169544.8,,,,,,,
2016-04-18,11971482,8.1813,8.2304,8.0586,8.1568,-0.1718,-2.06,2.46,118946316.83,,,64.7312,2.5091,7.9095,35.7367,5068412609.2,,,,,,,
2016-04-19,11169934,8.2468,8.2877,8.1077,8.2304,0.0736,0.9,2.29,111930432.41,,,65.3155,2.5317,7.9809,36.0593,5114165581.6,,,,,,,
2016-04-20,24947827,8.2713,8.3286,7.5596,7.7068,-0.5236,-6.36,5.12,242093139.82,,,61.1602,2.3707,7.4732,33.7653,4788811111.2,,,,,,,
2016-04-21,16018965,7.6823,7.7477,7.4696,7.4859,-0.2209,-2.87,3.29,149718524.84,,,59.4072,2.3027,7.259,32.7975,4651552194,,,,,,,
2016-04-22,8729154,7.445,7.6905,7.3877,7.625,0.1391,1.86,1.79,80685886.2,,,60.511,2.3455,7.3938,33.4069,4737974475.2,,,,,,,
2016-04-25,8508666,7.6005,7.6005,7.3714,7.5023,-0.1227,-1.61,1.75,77593130.43,,,59.5371,2.3077,7.2748,32.8692,4661719521.2,,,,,,,
2016-04-26,8605161,7.5023,7.6577,7.4368,7.6495,0.1472,1.96,1.77,79262057.78,,,60.7057,2.353,7.4176,33.5144,4753225466,,,,,,,
2016-04-27,7505851,7.625,7.6986,7.5432,7.5514,-0.0981,-1.28,1.54,69905091.85,,,59.9266,2.3228,7.3224,33.0843,4692221502.8,,,,,,,
2016-04-28,8829777,7.5923,7.5923,7.2814,7.5432,-0.0082,-0.11,1.81,80428218.45,,,59.8617,2.3203,7.3145,33.0484,4687137839.2,,,,,,,
2016-04-29,5227925,7.5186,7.5432,7.4041,7.4614,-0.0818,-1.08,1.07,47817514.59,,,59.2124,2.2952,7.2352,32.69,4636301203.2,,,,,,,
2016-05-03,10136770,7.445,7.7314,7.445,7.7314,0.27,3.62,2.08,94753217.01,,,61.355,2.3782,7.497,33.8728,4804062102,,,,,,,
2016-05-04,10400325,7.6414,7.8786,7.6332,7.7723,0.0409,0.53,2.13,98641835.33,,,61.6796,2.3908,7.5366,34.052,4829480420,,,,,,,
2016-05-05,7899866,7.7723,7.8377,7.6905,7.8132,0.0409,0.53,1.62,75060211.16,,,62.0043,2.4034,7.5763,34.2313,4854898738,,,,,,,
2016-05-06,14306848,7.7968,7.8623,7.3796,7.3959,-0.4173,-5.34,2.94,132615413.05,,,58.693,2.275,7.1717,32.4032,4595631894.4,,,,,,,
2016-05-09,8874991,7.3141,7.3141,7.0359,7.0769,-0.319,-4.31,1.82,77326225.41,,,56.1609,2.1769,6.8623,31.0053,4397369014,,,,,,,
2016-05-10,5762114,7.0605,7.1914,7.0605,7.1178,0.0409,0.58,1.18,50217740.91,,,56.4856,2.1895,6.902,31.1845,4422787332,,,,,,,
2016-05-11,6960623,7.1668,7.2568,7.0278,7.0687,-0.0491,-0.69,1.43,60766384.49,,,56.096,2.1744,6.8544,30.9694,4392285350.4,,,,,,,
2016-05-12,8581123,6.9705,7.0605,6.8641,6.9869,-0.0818,-1.16,1.76,72975151.84,,,55.4467,2.1492,6.775,30.611,4341448714.4,,,,,,,
2016-05-13,4612217,6.9949,7.077,6.8964,7.0195,0.0326,0.47,0.95,39456828.87,,,55.5117,2.168,6.783,30.6468,4346532378,,,,,,,
2016-05-16,6792222,7.0359,7.2084,6.9621,7.1837,0.1642,2.34,1.39,58975575.97,,,56.8102,2.2188,6.9416,31.3637,4448205650,,,,,,,
2016-05-17,7500349,7.2166,7.2494,7.1016,7.1427,-0.041,-0.57,1.54,65558538.15,,,56.4856,2.2061,6.902,31.1845,4422787332,,,,,,,
2016-05-18,6957385,7.1263,7.1263,6.9292,7.0359,-0.1068,-1.5,1.43,59547266.08,,,55.6415,2.1731,6.7988,30.7185,4356699705.2,,,,,,,
2016-05-19,7468648,7.0524,7.274,7.0359,7.1345,0.0986,1.4,1.53,65330936.34,,,56.4206,2.2035,6.894,31.1487,4417703668.4,,,,,,,
2016-05-20,7933976,7.0195,7.3397,7.0113,7.3151,0.1806,2.53,1.63,69872955.41,,,57.849,2.2593,7.0686,31.9372,4529544267.6,,,,,,,
2016-05-23,6778136,7.2987,7.3808,7.2248,7.3151,0,0,1.39,60326190.65,,,57.849,2.2593,7.0686,31.9372,4529544267.6,,,,,,,
2016-05-24,4894332,7.2822,7.3069,7.1016,7.1755,-0.1396,-1.91,1,42748589.34,,,56.7453,2.2162,6.9337,31.3279,4443121986.4,,,,,,,
2016-05-25,6764013,7.2412,7.3561,7.1673,7.2248,0.0493,0.69,1.39,59731104.5,,,57.1348,2.2314,6.9813,31.543,4473623968,,,,,,,
2016-05-26,18102757,7.1016,7.5942,6.9867,7.586,0.3612,5,3.71,162044022.54,,,59.9916,2.343,7.3304,33.1201,4697305166.4,,,,,,,
2016-05-27,26125433,7.5121,8.0129,7.4382,7.9144,0.3284,4.33,5.28,247543287.55,,,62.5886,2.4444,7.6477,34.5539,4900651710.4,,,,,,,
2016-05-30,26414167,7.7748,7.9144,7.5614,7.5778,-0.3366,-4.25,5.34,248037879.66,,,59.9266,2.3405,7.3224,33.0843,4692221502.8,,,,,,,
2016-05-31,24567978,7.5121,7.939,7.5121,7.939,0.3612,4.77,4.96,232803413.85,,,62.7834,2.452,7.6715,34.6614,4915902701.2,,,,,,,
2016-06-01,17859430,7.939,7.9719,7.8159,7.9062,-0.0328,-0.41,3.61,171762876.33,,,62.5237,2.4419,7.6398,34.518,4895568046.8,,,,,,,
2016-06-02,14521461,7.8487,7.9883,7.7748,7.9062,0,0,2.93,139510557.64,,,62.5237,2.4419,7.6398,34.518,4895568046.8,,,,,,,
2016-06-03,13151022,7.8734,7.9637,7.7748,7.8159,-0.0903,-1.14,2.66,125819925.27,,,61.8095,2.414,7.5525,34.1237,4839647747.2,,,,,,,
2016-06-06,12911318,7.8405,7.9226,7.7502,7.9226,0.1067,1.37,2.61,123220825.79,,,62.6535,2.447,7.6556,34.5897,4905735374,,,,,,,
2016-06-07,10771651,7.9883,7.9883,7.7584,7.8159,-0.1067,-1.35,2.18,102774684.7,,,61.8095,2.414,7.5525,34.1237,4839647747.2,,,,,,,
2016-06-08,11163630,7.7995,7.898,7.7174,7.8487,0.0328,0.42,2.26,106274638.31,,,62.0692,2.4242,7.5842,34.2671,4859982401.6,,,,,,,
2016-06-13,14086731,7.7502,7.7502,7.1016,7.1098,-0.7389,-9.41,2.85,129451659.39,,,56.2259,2.1959,6.8702,31.0411,4402452677.6,,,,,,,
2016-06-14,11476833,7.1427,7.2658,7.0606,7.2084,0.0986,1.39,2.32,100403234.68,,,57.005,2.2264,6.9654,31.4713,4463456640.8,,,,,,,
2016-06-15,9912393,7.077,7.5203,7.077,7.43,0.2216,3.07,2,89111998.86,,,58.758,2.2948,7.1796,32.4391,4600715558,,,,,,,
2016-06-16,10653502,7.43,7.5039,7.2905,7.4875,0.0575,0.77,2.15,96249709.85,,,59.2124,2.3126,7.2352,32.69,4636301203.2,,,,,,,
2016-06-17,8738826,7.4957,7.6927,7.4136,7.4957,0.0082,0.11,1.77,80427009.3,,,59.2774,2.3151,7.2431,32.7258,4641384866.8,,,,,,,
2016-06-20,8577354,7.4793,7.5121,7.3069,7.5121,0.0164,0.22,1.73,77644004.06,,,59.4072,2.3202,7.259,32.7975,4651552194,,,,,,,
2016-06-21,10865964,7.5696,7.6106,7.3726,7.4875,-0.0246,-0.33,2.2,98953985.01,,,59.2124,2.3126,7.2352,32.69,4636301203.2,,,,,,,
2016-06-22,27441345,7.4629,8.1279,7.4136,8.0458,0.5583,7.46,5.54,260339933.09,,,63.6274,2.485,7.7746,35.1274,4981990328,,,,,,,
2016-06-23,19950313,8.0047,8.1443,7.8159,7.9637,-0.0821,-1.02,4.03,193503803.29,,,62.9782,2.4597,7.6953,34.7689,4931153692,,,,,,,
2016-06-24,25701361,7.939,8.1279,7.586,7.9637,0,0,5.19,248913366.27,,,62.9782,2.4597,7.6953,34.7689,4931153692,,,,,,,
2016-06-27,31436890,7.8816,8.4645,7.8569,8.3413,0.3776,4.74,6.35,315222304.71,,,65.9647,2.5763,8.0602,36.4178,5165002217.6,,,,,,,
2016-06-28,40767012,8.2592,8.719,8.1525,8.6533,0.312,3.74,8.24,421396999.57,,,68.4319,2.6727,8.3617,37.7799,5358181434.4,,,,,,,
2016-06-29,22969943,8.604,8.6451,8.4234,8.5055,-0.1478,-1.71,4.64,238371422.91,,,67.2633,2.627,8.2189,37.1347,5266675489.6,,,,,,,
2016-06-30,16169774,8.5548,8.6861,8.4563,8.5302,0.0247,0.29,3.27,168356465.42,,,63.6492,2.5496,8.1068,28.101,5281926480.4,,,,,,,
2016-07-01,22128595,8.5384,8.6861,8.3577,8.5302,0,0,4.47,229858377.67,,,63.6492,2.5496,8.1068,28.101,5281926480.4,,,,,,,
2016-07-04,27590734,8.3906,8.9407,8.366,8.8421,0.3119,3.66,5.57,292773844.82,,,65.9771,2.6429,8.4033,29.1287,5475105697.2,,,,,,,
2016-07-05,43339456,8.8011,9.1541,8.7108,8.8668,0.0247,0.28,8.76,470448182.81,,,66.1609,2.6503,8.4267,29.2099,5490356688,,,,,,,
2016-07-06,27678903,8.7765,9.1049,8.7026,8.8503,-0.0165,-0.19,5.59,300896217.34,,,66.0384,2.6454,8.4111,29.1558,5480189360.8,,,,,,,
2016-07-07,22432690,8.7272,8.9078,8.5794,8.8421,-0.0082,-0.09,4.53,237759700.6,,,65.9771,2.6429,8.4033,29.1287,5475105697.2,,,,,,,
2016-07-08,29936399,8.7682,9.0802,8.7354,8.9653,0.1232,1.39,6.05,326521259.07,,,66.896,2.6797,8.5203,29.5344,5551360651.2,,,,,,,
2016-07-11,24495248,8.8668,8.9817,8.4973,8.5219,-0.4434,-4.95,4.95,261423302.98,,,63.588,2.5472,8.099,28.0739,5276842816.8,,,,,,,
2016-07-12,22555292,8.4645,8.9407,8.4152,8.9078,0.3859,4.53,4.56,236964580.02,,,66.4672,2.6625,8.4657,29.3451,5515775006,,,,,,,
2016-07-13,35455150,8.8914,9.3512,8.8339,9.2362,0.3284,3.69,7.16,394760286.32,,,68.9176,2.7607,8.7778,30.427,5719121550,,,,,,,
2016-07-14,22888769,9.1213,9.2773,9.0063,9.1952,-0.041,-0.44,4.62,254656353.54,,,68.6113,2.7484,8.7388,30.2917,5693703232,,,,,,,
2016-07-15,12577464,9.1952,9.2444,9.0145,9.0145,-0.1807,-1.97,2.54,139165051.01,,,67.2636,2.6944,8.5672,29.6967,5581862632.8,,,,,,,
2016-07-18,37741155,8.9899,9.5236,8.8175,9.3265,0.312,3.46,7.62,426487081.96,,,69.5915,2.7877,8.8637,30.7245,5775041849.6,,,,,,,
2016-07-19,30086760,9.2773,9.581,9.1952,9.3512,0.0247,0.26,6.08,344182038.48,,,69.7752,2.795,8.8871,30.8056,5790292840.4,,,,,,,
2016-07-20,37976950,9.2937,9.6878,9.1131,9.6467,0.2955,3.16,7.67,436938708.96,,,71.9806,2.8834,9.168,31.7793,5973304730,,,,,,,
2016-07-21,67912549,9.5646,10.049,9.3922,9.6385,-0.0082,-0.09,13.72,805786398.11,,,71.9193,2.8809,9.1602,31.7522,5968221066.4,,,,,,,
2016-07-22,39205994,9.5646,9.8191,9.4168,9.5646,-0.0739,-0.77,7.92,460649179.41,,,71.368,2.8588,9.0899,31.5088,5922468094,,,,,,,
2016-07-25,22097826,9.4743,9.6631,9.3429,9.6467,0.0821,0.86,4.46,256334878.03,,,71.9201,2.881,9.1603,31.7526,5968287245,,,,,,,
2016-07-26,27624692,9.6057,9.9669,9.5482,9.6713,0.0246,0.26,5.58,328532039.83,,,72.1038,2.8883,9.1836,31.8336,5983525425.2,,,,,,,
2016-07-27,37219895,9.581,9.6796,8.8011,9.2116,-0.4597,-4.75,7.52,420392185.27,,,68.6761,2.751,8.7471,30.3203,5699079394.8,,,,,,,
2016-07-28,28371176,9.1131,9.4004,9.0228,9.3594,0.1478,1.6,5.73,318769350.17,,,69.7778,2.7951,8.8874,30.8068,5790508476,,,,,,,
2016-07-29,40224885,9.2116,9.6713,9.1541,9.6221,0.2627,2.81,8.13,463076244.13,,,71.7365,2.8736,9.1369,31.6715,5953049064.8,,,,,,,
2016-08-01,23801688,9.4333,9.6467,9.1131,9.425,-0.1971,-2.05,4.81,270042757.05,,,70.2675,2.8148,8.9498,31.0229,5831143623.2,,,,,,,
2016-08-02,46241056,9.3512,9.8273,9.3347,9.7617,0.3367,3.57,9.34,542149839.96,,,72.7771,2.9153,9.2694,32.1309,6039398752.6,,,,,,,
2016-08-03,33495622,9.5236,9.6467,9.3183,9.3265,-0.4352,-4.46,6.77,385737622.48,,,69.533,2.7853,8.8562,30.6987,5770190902.4,,,,,,,
2016-08-04,27695131,9.3594,9.3594,8.9653,9.0556,-0.2709,-2.9,5.59,306893157.65,,,67.5131,2.7044,8.5989,29.8069,5602570920.2,,,,,,,
2016-08-05,18038735,9.072,9.1459,8.9407,9.1131,0.0575,0.63,3.64,199030181.59,,,67.9416,2.7216,8.6535,29.996,5638126674,,,,,,,
2016-08-08,18189790,9.0966,9.3101,8.9489,9.2937,0.1806,1.98,3.67,202482132.43,,,69.2882,2.7755,8.825,30.5906,5749873328.8,,,,,,,
2016-08-09,30831711,9.2773,9.4989,9.2116,9.2362,-0.0575,-0.62,6.23,351500753.39,,,68.8597,2.7584,8.7705,30.4014,5714317575,,,,,,,
2016-08-10,18859185,9.1377,9.3512,9.1049,9.1541,-0.0821,-0.89,3.81,211485589.4,,,68.2476,2.7339,8.6925,30.1312,5663523641,,,,,,,
2016-08-11,16697997,9.1295,9.2362,8.9571,8.9571,-0.197,-2.15,3.37,185554046.89,,,66.7786,2.675,8.5054,29.4826,5541618199.4,,,,,,,
2016-08-12,16202722,8.9324,9.072,8.7682,9.031,0.0739,0.83,3.27,176209112.6,,,67.3295,2.6971,8.5756,29.7258,5587332740,,,,,,,
2016-08-15,22791307,9.0228,9.187,8.8503,9.072,0.041,0.45,4.6,251648701.57,,,67.6355,2.7093,8.6145,29.8609,5612729707,,,,,,,
2016-08-16,13102524,9.0802,9.1787,9.072,9.0884,0.0164,0.18,2.65,145393369.6,,,67.758,2.7142,8.6301,29.915,5622888493.8,,,,,,,
2016-08-17,12895843,9.0392,9.1131,8.9489,9.0884,0,0,2.61,142143349.86,,,67.758,2.7142,8.6301,29.915,5622888493.8,,,,,,,
2016-08-18,11595965,9.0802,9.1049,8.9489,8.9653,-0.1231,-1.35,2.34,127085693.87,,,66.8398,2.6775,8.5132,29.5096,5546697592.8,,,,,,,
2016-08-19,12185782,8.9489,9.1049,8.8257,9.0063,0.041,0.46,2.46,133074061.3,,,67.1459,2.6897,8.5522,29.6447,5572094559.8,,,,,,,
2016-08-22,10052645,8.9735,9.1459,8.9489,8.9489,-0.0574,-0.64,2.03,110752994.07,,,66.7174,2.6726,8.4976,29.4556,5536538806,,,,,,,
2016-08-23,8579157,8.9324,9.0063,8.8093,8.8832,-0.0657,-0.73,1.73,93200102.94,,,66.2277,2.6529,8.4352,29.2394,5495903658.8,,,,,,,
2016-08-24,9769582,8.9324,9.1049,8.8832,9.0063,0.1231,1.39,1.97,107337697.12,,,67.1459,2.6897,8.5522,29.6447,5572094559.8,,,,,,,
2016-08-25,14849374,8.9489,9.1459,8.7929,9.1377,0.1314,1.46,3,162253361.63,,,68.1252,2.7289,8.6769,30.0771,5653364854.2,,,,,,,
2016-08-26,25889759,9.0884,9.4333,9.0802,9.1705,0.0328,0.36,5.23,292830022.18,,,68.37,2.7388,8.7081,30.1852,5673682427.8,,,,,,,
2016-08-29,12585263,9.1377,9.3429,9.1213,9.2608,0.0903,0.98,2.54,141722286.72,,,69.0433,2.7657,8.7938,30.4825,5729555755.2,,,,,,,
2016-08-30,15616327,9.2691,9.3922,9.1787,9.3676,0.1068,1.15,3.15,177101186.89,,,69.8391,2.7976,8.8952,30.8338,5795587869.4,,,,,,,
2016-08-31,10205600,9.3594,9.4004,9.1787,9.228,-0.1396,-1.49,2.06,114995449.89,,,68.7985,2.7559,8.7627,30.3744,5709238181.6,,,,,,,
2016-09-01,10871116,9.1952,9.2773,9.031,9.072,-0.156,-1.69,2.2,120939834.06,,,67.6355,2.7093,8.6145,29.8609,5612729707,,,,,,,
2016-09-02,8843021,9.0474,9.0802,8.8996,8.9735,-0.0985,-1.09,1.79,96680609.68,,,66.901,2.6799,8.521,29.5366,5551776986.2,,,,,,,
2016-09-05,6730303,9.0063,9.0638,8.9489,9.0228,0.0493,0.55,1.36,73848419.55,,,67.2683,2.6946,8.5678,29.6988,5582253346.6,,,,,,,
2016-09-06,10998966,9.0145,9.2444,8.9571,9.2362,0.2134,2.37,2.22,122124276.73,,,68.8597,2.7584,8.7705,30.4014,5714317575,,,,,,,
2016-09-07,10877888,9.2608,9.3265,9.1623,9.1787,-0.0575,-0.62,2.2,122296358.98,,,68.4313,2.7412,8.7159,30.2122,5678761821.2,,,,,,,
2016-09-08,9068546,9.1459,9.2855,9.1459,9.228,0.0493,0.54,1.83,101931430.77,,,68.7985,2.7559,8.7627,30.3744,5709238181.6,,,,,,,
2016-09-09,12580844,9.228,9.2691,8.9981,8.9981,-0.2299,-2.49,2.54,139577032.4,,,67.0847,2.6873,8.5444,29.6177,5567015166.4,,,,,,,
2016-09-12,14950512,8.7847,8.9571,8.719,8.8586,-0.1395,-1.55,3.02,160938831.3,,,66.0441,2.6456,8.4118,29.1583,5480665478.6,,,,,,,
2016-09-13,9005660,8.916,8.9324,8.7026,8.8668,0.0082,0.09,1.82,96452917.19,,,66.1053,2.648,8.4196,29.1853,5485744872,,,,,,,
2016-09-14,10394829,8.8011,9.0392,8.7108,8.9899,0.1231,1.39,2.1,112689630.72,,,67.0235,2.6848,8.5366,29.5907,5561935773,,,,,,,
2016-09-19,16725294,8.9571,9.1952,8.9489,9.0802,0.0903,1,3.38,184598020.69,,,67.6968,2.7118,8.6223,29.888,5617809100.4,,,,,,,
2016-09-20,8587019,9.0392,9.0966,8.8914,8.9407,-0.1395,-1.54,1.73,93937668.61,,,66.6562,2.6701,8.4898,29.4286,5531459412.6,,,,,,,
2016-09-21,4143930,8.8996,8.9981,8.8914,8.9242,-0.0165,-0.18,0.84,45210208.25,,,66.5338,2.6652,8.4742,29.3745,5521300625.8,,,,,,,
2016-09-22,4837890,9.0228,9.031,8.8832,8.9078,-0.0164,-0.18,0.98,52768457.45,,,66.4114,2.6603,8.4586,29.3205,5511141839,,,,,,,
2016-09-23,5967007,8.916,8.9653,8.8503,8.916,0.0082,0.09,1.21,64829762.03,,,66.4726,2.6627,8.4664,29.3475,5516221232.4,,,,,,,
2016-09-26,8703381,8.8832,8.8914,8.5466,8.563,-0.353,-3.96,1.76,92732384.47,,,63.8406,2.5573,8.1312,28.1855,5297807316.2,,,,,,,
2016-09-27,7770050,8.563,8.6287,8.3331,8.5055,-0.0575,-0.67,1.57,80031304.78,,,63.4121,2.5402,8.0766,27.9963,5262251562.4,,,,,,,
2016-09-28,3959666,8.4809,8.5055,8.366,8.366,-0.1395,-1.64,0.8,40606773.6,,,62.3716,2.4985,7.9441,27.5369,5175901874.6,,,,,,,
2016-09-29,5029536,8.407,8.5137,8.3577,8.366,0,0,1.02,51679590.18,,,62.3716,2.4985,7.9441,27.5369,5175901874.6,,,,,,,
2016-09-30,3457590,8.3906,8.4398,8.3577,8.407,0.041,0.49,0.7,35353939.5,,,59.2279,2.4754,7.6686,22.7804,5201298841.6,,,,,,,
2016-10-10,6046869,8.4563,8.6205,8.4563,8.5958,0.1888,2.25,1.22,63044619.09,,,60.5582,2.531,7.8409,23.2921,5318124889.8,,,,,,,
2016-10-11,9025903,8.6287,8.8914,8.5876,8.8586,0.2628,3.06,1.82,95854820.48,,,62.4091,2.6084,8.0805,24.004,5480665478.6,,,,,,,
2016-10-12,8396291,8.8503,8.9078,8.7436,8.7929,-0.0657,-0.74,1.7,90251737.39,,,61.9464,2.5891,8.0206,23.826,5440030331.4,,,,,,,
2016-10-13,6298325,8.7765,8.8093,8.6697,8.7354,-0.0575,-0.65,1.27,66990819.6,,,61.5415,2.5721,7.9682,23.6703,5404474577.6,,,,,,,
2016-10-14,18198601,8.7518,8.9407,8.5876,8.9407,0.2053,2.35,3.68,195228363.65,,,62.9875,2.6326,8.1554,24.2264,5531459412.6,,,,,,,
2016-10-17,13750094,8.8257,8.8996,8.6697,8.6944,-0.2463,-2.75,2.78,147715826.3,,,61.2523,2.56,7.9307,23.559,5379077610.6,,,,,,,
2016-10-18,8524666,8.6205,8.7847,8.6205,8.7765,0.0821,0.94,1.72,90434477.26,,,61.8307,2.5842,8.0056,23.7815,5429871544.6,,,,,,,
2016-10-19,5655556,8.7765,8.8339,8.6779,8.7108,-0.0657,-0.75,1.14,60181007.24,,,61.368,2.5649,7.9457,23.6035,5389236397.4,,,,,,,
2016-10-20,18704896,8.719,9.1049,8.6697,9.031,0.3202,3.68,3.78,203712812.24,,,63.6237,2.6592,8.2378,24.4711,5587332740,,,,,,,
2016-10-21,12792988,8.9571,9.0063,8.719,8.8257,-0.2053,-2.27,2.58,138037190.38,,,62.1777,2.5987,8.0506,23.915,5460347905,,,,,,,
2016-10-24,7088144,8.8257,8.9653,8.8175,8.875,0.0493,0.56,1.43,76823750.9,,,62.5248,2.6132,8.0955,24.0485,5490824265.4,,,,,,,
2016-10-25,5972931,8.8668,8.9242,8.8339,8.8996,0.0246,0.28,1.21,64667167.2,,,62.6983,2.6205,8.118,24.1152,5506062445.6,,,,,,,
2016-10-26,32227308,8.875,9.1787,8.8668,9.1131,0.2135,2.4,6.51,354557164.32,,,64.2021,2.6833,8.3127,24.6936,5638126674,,,,,,,
2016-10-27,10555666,9.0392,9.072,8.9078,8.9571,-0.156,-1.71,2.13,115432148.34,,,63.1032,2.6374,8.1704,24.2709,5541618199.4,,,,,,,
2016-10-28,8975444,8.916,8.9981,8.7765,8.7847,-0.1724,-1.92,1.81,96844935.44,,,61.8885,2.5866,8.0131,23.8038,5434950938,,,,,,,
2016-10-31,5593266,8.7518,8.7765,8.6861,8.76,-0.0247,-0.28,1.13,59445177.71,,,61.715,2.5794,7.9907,23.737,5419712757.8,,,,,,,
2016-11-01,6287505,8.76,8.8503,8.7436,8.8257,0.0657,0.75,1.27,67428825.3,,,62.1777,2.5987,8.0506,23.915,5460347905,,,,,,,
2016-11-02,10047465,8.7847,8.8093,8.6287,8.6287,-0.197,-2.23,2.03,106459306.5,,,60.7896,2.5407,7.8708,23.3811,5338442463.4,,,,,,,
2016-11-03,7204577,8.604,8.7518,8.5958,8.6861,0.0574,0.67,1.46,76324279.15,,,61.1944,2.5576,7.9233,23.5368,5373998217.2,,,,,,,
2016-11-04,19880671,8.6861,9.0884,8.6615,9.0145,0.3284,3.78,4.02,215368243.44,,,63.508,2.6543,8.2228,24.4267,5577173953.2,,,,,,,
2016-11-07,38432141,8.9735,9.5236,8.9735,9.2526,0.2381,2.64,7.76,432674984.96,,,65.1854,2.7244,8.44,25.0718,5724476361.8,,,,,,,
2016-11-08,18009823,9.0966,9.2608,9.0638,9.1377,-0.1149,-1.24,3.64,200584572.23,,,64.3756,2.6906,8.3352,24.7604,5653364854.2,,,,,,,
2016-11-09,14749087,9.1049,9.1952,8.9324,9.0145,-0.1232,-1.35,2.98,162930429.81,,,63.508,2.6543,8.2228,24.4267,5577173953.2,,,,,,,
2016-11-10,12069773,9.1131,9.2116,9.0802,9.1049,0.0904,1,2.44,134311095.69,,,64.1443,2.6809,8.3052,24.6714,5633047280.6,,,,,,,
2016-11-11,13245037,9.1459,9.228,9.031,9.1952,0.0903,0.99,2.68,147619410.68,,,64.7805,2.7075,8.3876,24.9161,5688920608,,,,,,,
2016-11-14,14275919,9.187,9.3101,9.0474,9.1787,-0.0165,-0.18,2.88,159490950.75,,,64.6648,2.7027,8.3726,24.8716,5678761821.2,,,,,,,
2016-11-15,13934086,9.1787,9.3183,9.1131,9.2937,0.115,1.25,2.81,156535979.75,,,65.4746,2.7365,8.4774,25.183,5749873328.8,,,,,,,
2016-11-16,27499371,9.3101,9.7617,9.2444,9.3676,0.0739,0.8,5.56,319186845.46,,,65.9951,2.7583,8.5448,25.3833,5795587869.4,,,,,,,
2016-11-17,13125923,9.3019,9.3758,9.1787,9.2034,-0.1642,-1.75,2.65,147544631.58,,,64.8383,2.7099,8.3951,24.9383,5694000001.4,,,,,,,
2016-11-18,9476098,9.1952,9.2691,9.0638,9.1049,-0.0985,-1.07,1.91,105925863.36,,,64.1443,2.6809,8.3052,24.6714,5633047280.6,,,,,,,
2016-11-21,7883165,9.1049,9.2116,9.0802,9.1541,0.0492,0.54,1.59,87727459.43,,,64.4913,2.6954,8.3501,24.8048,5663523641,,,,,,,
2016-11-22,11366455,9.1623,9.2116,9.0884,9.2116,0.0575,0.63,2.3,126833380.55,,,64.8962,2.7123,8.4026,24.9606,5699079394.8,,,,,,,
2016-11-23,13845125,9.2444,9.3347,9.0638,9.072,-0.1396,-1.52,2.8,154839865.52,,,63.9129,2.6712,8.2752,24.5824,5612729707,,,,,,,
2016-11-24,11169701,9.0474,9.1295,8.7847,8.8914,-0.1806,-1.99,2.26,122395855.47,,,62.6404,2.6181,8.1105,24.093,5500983052.2,,,,,,,
2016-11-25,9784669,8.875,8.9653,8.6205,8.8996,0.0082,0.09,1.98,105035869.17,,,62.6983,2.6205,8.118,24.1152,5506062445.6,,,,,,,
2016-11-28,6114898,8.8996,8.9242,8.7847,8.8175,-0.0821,-0.92,1.24,65814885.47,,,62.1199,2.5963,8.0431,23.8927,5455268511.6,,,,,,,
2016-11-29,6475599,8.7518,8.8668,8.7354,8.7436,-0.0739,-0.84,1.31,69328550.41,,,61.5993,2.5746,7.9757,23.6925,5409553971,,,,,,,
2016-11-30,7487287,8.7518,8.8503,8.7108,8.76,0.0164,0.19,1.51,80017013.96,,,61.715,2.5794,7.9907,23.737,5419712757.8,,,,,,,
2016-12-01,5711127,8.7518,8.8175,8.7272,8.8175,0.0575,0.66,1.15,61019198.62,,,62.1199,2.5963,8.0431,23.8927,5455268511.6,,,,,,,
2016-12-02,8574000,8.8257,8.8257,8.4563,8.4645,-0.353,-4,1.73,90323017.7,,,59.6328,2.4924,7.7211,22.9361,5236854595.4,,,,,,,
2016-12-05,8265443,8.4398,8.5219,8.3577,8.3742,-0.0903,-1.07,1.67,84995321.38,,,58.9965,2.4658,7.6387,22.6914,5180981268,,,,,,,
2016-12-06,6620334,8.4152,8.4809,8.3742,8.3906,0.0164,0.2,1.34,67980705.63,,,59.1122,2.4706,7.6537,22.7359,5191140054.8,,,,,,,
2016-12-07,7526589,8.3906,8.4809,8.3413,8.4809,0.0903,1.08,1.52,77037936.51,,,59.7485,2.4972,7.736,22.9806,5247013382.2,,,,,,,
2016-12-08,9282108,8.4809,8.4973,8.251,8.2674,-0.2135,-2.52,1.88,94514905.76,,,58.2446,2.4343,7.5413,22.4022,5114949153.8,,,,,,,
2016-12-09,6056791,8.2921,8.3742,8.2264,8.3167,0.0493,0.6,1.22,61369903.31,,,58.5917,2.4488,7.5863,22.5357,5145425514.2,,,,,,,
2016-12-12,11234718,8.3085,8.3331,7.5696,7.5942,-0.7225,-8.69,2.27,108373915.39,,,53.5018,2.2361,6.9272,20.578,4698438895,,,,,,,
2016-12-13,6109571,7.5614,7.701,7.5532,7.6435,0.0493,0.65,1.23,56761065.81,,,53.8488,2.2506,6.9722,20.7115,4728915255.4,,,,,,,
2016-12-14,5445573,7.6435,7.6845,7.5614,7.5778,-0.0657,-0.86,1.1,50479540.98,,,53.3861,2.2313,6.9123,20.5335,4688280108.2,,,,,,,
2016-12-15,6431115,7.5532,7.7995,7.5532,7.6599,0.0821,1.08,1.3,60296874.92,,,53.9645,2.2555,6.9871,20.756,4739074042.2,,,,,,,
2016-12-16,4609310,7.701,7.8159,7.6517,7.7831,0.1232,1.61,0.93,43567835.2,,,54.8321,2.2917,7.0995,21.0897,4815264943.2,,,,,,,
2016-12-19,4284415,7.7995,7.8077,7.6763,7.7256,-0.0575,-0.74,0.87,40268778.26,,,54.4272,2.2748,7.0471,20.934,4779709189.4,,,,,,,
2016-12-20,4077482,7.6927,7.8077,7.6763,7.7831,0.0575,0.74,0.82,38468512.46,,,54.8321,2.2917,7.0995,21.0897,4815264943.2,,,,,,,
2016-12-21,5430234,7.7831,7.9062,7.7831,7.8734,0.0903,1.16,1.1,52041709.14,,,55.4683,2.3183,7.1819,21.3344,4871138270.6,,,,,,,
2016-12-22,3479586,7.8652,7.8652,7.7748,7.8323,-0.0411,-0.52,0.7,33108088.52,,,55.1791,2.3062,7.1444,21.2232,4845741303.6,,,,,,,
2016-12-23,4660119,7.7995,7.8569,7.6271,7.6517,-0.1806,-2.31,0.94,43711679.2,,,53.9066,2.253,6.9797,20.7337,4733994648.8,,,,,,,
2016-12-26,4840608,7.6189,7.8323,7.545,7.8159,0.1642,2.15,0.98,45378632.3,,,55.0634,2.3014,7.1294,21.1787,4835582516.8,,,,,,,
2016-12-27,2906230,7.7913,7.8405,7.7666,7.7995,-0.0164,-0.21,0.59,27597816.62,,,54.9478,2.2965,7.1145,21.1342,4825423730,,,,,,,
2016-12-28,2601960,7.8077,7.8159,7.742,7.7584,-0.0411,-0.53,0.53,24643157.67,,,54.6586,2.2845,7.077,21.0229,4800026763,,,,,,,
2016-12-29,2930400,7.7256,7.8323,7.7256,7.7584,0,0,0.59,27775703.77,,,54.6586,2.2845,7.077,21.0229,4800026763,,,,,,,
2016-12-30,2835900,7.7748,7.8405,7.7584,7.7995,0.0411,0.53,0.79,26959027.8,,,54.9478,2.2965,7.1145,21.1342,4825423730,,,,,,,
2017-01-03,6441917,7.8816,8.0211,7.8405,7.9883,0.1888,2.42,1.3,62490872.72,,,48.9289,2.3294,7.005,19.5294,4942249778.2,,,,,,,
2017-01-04,5453341,7.9965,8.1032,7.9473,8.0704,0.0821,1.03,1.1,53461961.17,,,49.4318,2.3534,7.077,19.7301,4993043712.2,,,,,,,
2017-01-05,7039869,8.1032,8.1853,8.0129,8.1279,0.0575,0.71,1.42,69498075.77,,,49.7838,2.3701,7.1274,19.8706,5028599466,,,,,,,
2017-01-06,5358312,8.1032,8.1525,8.0129,8.0704,-0.0575,-0.71,1.08,52634503.21,,,49.4318,2.3534,7.077,19.7301,4993043712.2,,,,,,,
2017-01-09,4496564,8.0458,8.1689,7.9965,8.1525,0.0821,1.02,0.91,44446720.31,,,49.9346,2.3773,7.149,19.9308,5043837646.2,,,,,,,
2017-01-10,4696932,8.1525,8.1525,8.0047,8.0047,-0.1478,-1.81,0.95,46127986.55,,,49.0295,2.3342,7.0194,19.5695,4952408565,,,,,,,
2017-01-11,5263487,8.0211,8.1525,7.9226,8.0458,0.0411,0.51,1.06,51534075.62,,,49.2809,2.3462,7.0554,19.6699,4977805532,,,,,,,
2017-01-12,3434961,8.0458,8.1279,7.9308,7.9883,-0.0575,-0.71,0.69,33605728.95,,,48.9289,2.3294,7.005,19.5294,4942249778.2,,,,,,,
2017-01-13,4290748,7.9555,7.9965,7.8241,7.8405,-0.1478,-1.85,0.87,41288550.31,,,48.0238,2.2863,6.8754,19.1681,4850820697,,,,,,,
2017-01-16,8624286,7.8077,7.8487,7.0606,7.2576,-0.5829,-7.43,1.74,78231480.21,,,44.4534,2.1163,6.3642,17.743,4490183765.6,,,,,,,
2017-01-17,9310001,7.233,7.4464,7.0442,7.4218,0.1642,2.26,1.88,81966147.45,,,45.4591,2.1642,6.5082,18.1445,4591771633.6,,,,,,,
2017-01-18,4180405,7.4218,7.4218,7.2822,7.3151,-0.1067,-1.44,0.84,37365639,,,44.8054,2.1331,6.4146,17.8835,4525739519.4,,,,,,,
2017-01-19,21089837,7.2905,8.0458,7.1837,7.7666,0.4515,6.17,4.26,200361337.88,,,47.5712,2.2648,6.8106,18.9875,4805106156.4,,,,,,,
2017-01-20,26674219,7.9965,8.4152,7.8159,8.2018,0.4352,5.6,5.39,264798145.14,,,50.2364,2.3917,7.1922,20.0512,5074314006.6,,,,,,,
2017-01-23,14686202,7.9719,8.1114,7.9473,7.9965,-0.2053,-2.5,2.97,143318966.27,,,48.9792,2.3318,7.0122,19.5495,4947329171.6,,,,,,,
2017-01-24,8864997,7.9719,8.1032,7.8898,7.939,-0.0575,-0.72,1.79,86213046.16,,,48.6272,2.3151,6.9618,19.409,4911773417.8,,,,,,,
2017-01-25,6080916,7.9555,8.0786,7.8816,8.054,0.115,1.45,1.23,59201580.09,,,49.3312,2.3486,7.0626,19.69,4982884925.4,,,,,,,
2017-01-26,3636247,8.0458,8.0704,7.9883,8.0211,-0.0329,-0.41,0.73,35557688.18,,,49.1301,2.339,7.0338,19.6097,4962567351.8,,,,,,,
2017-02-03,5005738,8.0868,8.0868,7.8487,7.8569,-0.1642,-2.05,1.01,48284191.66,,,48.1243,2.2911,6.8898,19.2082,4860979483.8,,,,,,,
2017-02-06,5866008,7.8816,7.9226,7.742,7.9226,0.0657,0.84,1.19,56052684.28,,,48.5266,2.3103,6.9474,19.3688,4901614631,,,,,,,
2017-02-07,6436583,7.9308,7.9308,7.7584,7.8077,-0.1149,-1.45,1.3,61354511.84,,,47.8226,2.2767,6.8466,19.0878,4830503123.4,,,,,,,
2017-02-08,7862138,7.8241,7.9965,7.7584,7.9719,0.1642,2.1,1.59,75334431.7,,,48.8283,2.3246,6.9906,19.4892,4932090991.4,,,,,,,
2017-02-09,8417838,7.9637,8.0211,7.9144,7.9965,0.0246,0.31,1.7,81683040.94,,,48.9792,2.3318,7.0122,19.5495,4947329171.6,,,,,,,
2017-02-10,7708892,7.9719,8.0376,7.9637,7.9719,-0.0246,-0.31,1.56,75088608.52,,,48.8283,2.3246,6.9906,19.4892,4932090991.4,,,,,,,
2017-02-13,6067989,7.9801,8.0786,7.9226,8.0129,0.041,0.51,1.23,59103706.57,,,49.0798,2.3366,7.0266,19.5896,4957487958.4,,,,,,,
2017-02-14,7067700,8.0458,8.1525,8.0129,8.0293,0.0164,0.2,1.43,69438022.13,,,49.1803,2.3414,7.041,19.6297,4967646745.2,,,,,,,
2017-02-15,7822176,8.0376,8.0376,7.8323,7.8569,-0.1724,-2.15,1.58,75647611.51,,,48.1243,2.2911,6.8898,19.2082,4860979483.8,,,,,,,
2017-02-16,4089709,7.8405,7.9226,7.8077,7.898,0.0411,0.52,0.83,39240570.89,,,48.3758,2.3031,6.9258,19.3086,4886376450.8,,,,,,,
2017-02-17,16635341,7.9637,8.366,7.9226,8.0458,0.1478,1.87,3.36,164793479.87,,,49.2809,2.3462,7.0554,19.6699,4977805532,,,,,,,
2017-02-20,11956795,7.9965,8.2428,7.9719,8.2018,0.156,1.94,2.42,118783652.94,,,50.2364,2.3917,7.1922,20.0512,5074314006.6,,,,,,,
2017-02-21,9443705,8.2756,8.2921,8.1443,8.2264,0.0246,0.3,1.91,94534666.93,,,50.3872,2.3988,7.2138,20.1115,5089552186.8,,,,,,,
2017-02-22,7985671,8.2018,8.2674,8.1607,8.2428,0.0164,0.2,1.61,79906774.05,,,50.4878,2.4036,7.2282,20.1516,5099710973.6,,,,,,,
2017-02-23,6652727,8.2428,8.251,8.1197,8.21,-0.0328,-0.4,1.34,66131662.71,,,50.2867,2.3941,7.1994,20.0713,5079393400,,,,,,,
2017-02-24,10279661,8.1771,8.3495,8.1279,8.3003,0.0903,1.1,2.08,103023305.59,,,50.8398,2.4204,7.2786,20.2921,5135266727.4,,,,,,,
2017-02-27,10148153,8.3331,8.366,8.251,8.2756,-0.0247,-0.3,2.05,102685655.03,,,50.6889,2.4132,7.257,20.2319,5120028547.2,,,,,,,
2017-02-28,10847793,8.2839,8.3988,8.2182,8.3988,0.1232,1.49,2.19,109954574.47,,,51.4432,2.4491,7.365,20.533,5196219448.2,,,,,,,
2017-03-01,12550167,8.3742,8.5712,8.3331,8.4973,0.0985,1.17,2.54,129103946.48,,,52.0467,2.4778,7.4514,20.7738,5257172169,,,,,,,
2017-03-02,12398287,8.4645,8.5876,8.3742,8.4973,0,0,2.5,128089873.22,,,52.0467,2.4778,7.4514,20.7738,5257172169,,,,,,,
2017-03-03,9872662,8.4727,8.563,8.3577,8.5548,0.0575,0.68,1.99,101934016.58,,,52.3987,2.4946,7.5017,20.9143,5292727922.8,,,,,,,
2017-03-06,18782403,8.5302,8.9324,8.5055,8.7436,0.1888,2.21,3.79,199753155.16,,,53.5553,2.5497,7.6673,21.3759,5409553971,,,,,,,
2017-03-07,14841384,8.7518,8.8914,8.6369,8.7929,0.0493,0.56,3,158465614.53,,,53.857,2.564,7.7105,21.4964,5440030331.4,,,,,,,
2017-03-08,10663953,8.7682,8.7765,8.4891,8.5302,-0.2627,-2.99,2.15,112170268.72,,,52.2478,2.4874,7.4801,20.8541,5277489742.6,,,,,,,
2017-03-09,8673404,8.5548,8.6123,8.4481,8.5055,-0.0247,-0.29,1.75,90089096.58,,,52.097,2.4802,7.4586,20.7939,5262251562.4,,,,,,,
2017-03-10,6019386,8.4563,8.5384,8.3988,8.4563,-0.0492,-0.58,1.22,62000248.86,,,51.7953,2.4659,7.4154,20.6735,5231775202,,,,,,,
2017-03-13,11364891,8.4891,8.7682,8.4727,8.7026,0.2463,2.91,2.3,119664209.98,,,53.3039,2.5377,7.6313,21.2756,5384157004,,,,,,,
2017-03-14,7497471,8.6944,8.7108,8.5384,8.5794,-0.1232,-1.42,1.51,78815093.07,,,52.5496,2.5018,7.5233,20.9745,5307966103,,,,,,,
2017-03-15,5720343,8.5384,8.6451,8.4645,8.4973,-0.0821,-0.96,1.16,59501550.29,,,52.0467,2.4778,7.4514,20.7738,5257172169,,,,,,,
2017-03-16,9129082,8.5384,8.7354,8.5137,8.6861,0.1888,2.22,1.84,96279664.18,,,53.2033,2.5329,7.6169,21.2355,5373998217.2,,,,,,,
2017-03-17,13347365,8.6861,8.8668,8.5794,8.6779,-0.0082,-0.09,2.7,142282792.67,,,53.153,2.5305,7.6097,21.2154,5368918823.8,,,,,,,
2017-03-20,6309741,8.6369,8.6779,8.5384,8.6697,-0.0082,-0.09,1.27,66156014.06,,,53.1027,2.5281,7.6025,21.1953,5363839430.4,,,,,,,
2017-03-21,7203263,8.6779,8.6861,8.5219,8.5384,-0.1313,-1.51,1.46,75252417.93,,,52.2981,2.4898,7.4873,20.8742,5282569136,,,,,,,
2017-03-22,10848759,8.4809,8.4891,8.2018,8.2756,-0.2628,-3.08,2.19,110264734.72,,,50.6889,2.4132,7.257,20.2319,5120028547.2,,,,,,,
2017-03-23,6277007,8.2674,8.3742,8.1771,8.3085,0.0329,0.4,1.27,63374040.71,,,50.8901,2.4228,7.2858,20.3122,5140346120.8,,,,,,,
2017-03-24,7184667,8.2921,8.3331,8.2182,8.3167,0.0082,0.1,1.45,72453713.59,,,50.9404,2.4252,7.293,20.3322,5145425514.2,,,,,,,
2017-03-27,9231713,8.3167,8.3413,8.1771,8.2018,-0.1149,-1.38,1.86,92535101.47,,,50.2364,2.3917,7.1922,20.0512,5074314006.6,,,,,,,
2017-03-28,6028083,8.2018,8.251,8.1525,8.2264,0.0246,0.3,1.22,60198787.76,,,50.3872,2.3988,7.2138,20.1115,5089552186.8,,,,,,,
2017-03-29,5236976,8.2264,8.251,8.1197,8.1197,-0.1067,-1.3,1.06,52286991.92,,,49.7335,2.3677,7.1202,19.8505,5023520072.6,,,,,,,
2017-03-30,8502524,8.1279,8.1279,7.7995,7.8077,-0.312,-3.84,1.72,82065907.37,,,47.8226,2.2767,6.8466,19.0878,4830503123.4,,,,,,,
2017-03-31,4156496,7.8159,7.9062,7.7995,7.8487,0.041,0.53,1.15,39738461.49,,,45.6694,2.262,6.4512,19.301,4855900090.4,,,,,,,
2017-04-05,5565632,7.8569,8.0376,7.8569,8.0211,0.1724,2.2,1.12,54073090.7,,,46.6726,2.3117,6.5929,19.7249,4962567351.8,,,,,,,
2017-04-06,3532541,8.0211,8.0622,7.9801,8.0047,-0.0164,-0.2,0.71,34472249.4,,,46.577,2.307,6.5794,19.6846,4952408565,,,,,,,
2017-04-07,5983157,8.0047,8.1032,7.9801,8.0458,0.0411,0.51,1.21,58755246.87,,,46.8159,2.3188,6.6131,19.7855,4977805532,,,,,,,
2017-04-10,4518932,8.0211,8.0622,7.9965,8.0376,-0.0082,-0.1,0.91,44166266.16,,,46.7681,2.3165,6.6064,19.7653,4972726138.6,,,,,,,
2017-04-11,6106093,8.0129,8.0376,7.8405,8.0047,-0.0329,-0.41,1.23,59244560.14,,,46.577,2.307,6.5794,19.6846,4952408565,,,,,,,
2017-04-12,9590723,8.1771,8.2428,8.0129,8.0211,0.0164,0.2,1.94,95366952.63,,,46.6726,2.3117,6.5929,19.7249,4962567351.8,,,,,,,
2017-04-13,5125975,8.0047,8.0786,7.9473,8.0047,-0.0164,-0.2,1.03,50003381.08,,,46.577,2.307,6.5794,19.6846,4952408565,,,,,,,
2017-04-14,6465553,8.0129,8.0211,7.7338,7.7502,-0.2545,-3.18,1.3,61732053.03,,,45.0961,2.2336,6.3702,19.0587,4794947369.6,,,,,,,
2017-04-17,4985762,7.7174,7.7831,7.5614,7.6106,-0.1396,-1.8,1.01,46567932.59,,,44.284,2.1934,6.2555,18.7155,4708597681.8,,,,,,,
2017-04-18,3103431,7.6435,7.6927,7.5696,7.6024,-0.0082,-0.11,0.63,28842410.66,,,44.2362,2.1911,6.2487,18.6953,4703518288.4,,,,,,,
2017-04-19,5332913,7.5696,7.6024,7.3315,7.4793,-0.1231,-1.62,1.08,48270771.71,,,43.5197,2.1556,6.1475,18.3924,4627327387.4,,,,,,,
2017-04-20,3196205,7.4875,7.5285,7.3726,7.4382,-0.0411,-0.55,0.65,29032197.85,,,43.2808,2.1437,6.1138,18.2915,4601930420.4,,,,,,,
2017-04-21,2517510,7.4793,7.5368,7.4382,7.4793,0.0411,0.55,0.51,22951052.66,,,43.5197,2.1556,6.1475,18.3924,4627327387.4,,,,,,,
2017-04-24,3596955,7.5121,7.5203,7.3151,7.3233,-0.156,-2.09,0.73,32317787.04,,,42.612,2.1106,6.0193,18.0088,4530818912.8,,,,,,,
2017-04-25,3058614,7.3479,7.4711,7.3397,7.389,0.0657,0.9,0.62,27593231.75,,,42.9942,2.1295,6.0733,18.1704,4571454060,,,,,,,
2017-04-26,2217459,7.3808,7.4464,7.3479,7.4054,0.0164,0.22,0.45,19983792,,,43.0897,2.1343,6.0868,18.2107,4581612846.8,,,,,,,
2017-04-27,4750829,7.4054,7.4875,7.2412,7.4793,0.0739,1,0.96,42720972.58,,,43.5197,2.1556,6.1475,18.3924,4627327387.4,,,,,,,
2017-04-28,2760162,7.4793,7.4957,7.4136,7.4793,0,0,0.76,25053216.51,,,43.5197,2.1556,6.1475,18.3924,4627327387.4,,,,,,,
2017-05-02,2562700,7.4875,7.5368,7.4054,7.4547,-0.0246,-0.33,0.52,23320446.4,,,43.3764,2.1485,6.1272,18.3319,4612089207.2,,,,,,,
2017-05-03,3083927,7.4547,7.5121,7.3726,7.4382,-0.0165,-0.22,0.62,27923103.09,,,43.2808,2.1437,6.1138,18.2915,4601930420.4,,,,,,,
2017-05-04,3078470,7.43,7.4957,7.3561,7.4382,0,0,0.62,27908972.38,,,43.2808,2.1437,6.1138,18.2915,4601930420.4,,,,,,,
2017-05-05,2710900,7.3972,7.4629,7.3561,7.4136,-0.0246,-0.33,0.55,24476742.72,,,43.1375,2.1366,6.0935,18.2309,4586692240.2,,,,,,,
2017-05-08,3115940,7.3233,7.4711,7.2412,7.2412,-0.1724,-2.33,0.63,28046467.3,,,42.1343,2.0869,5.9518,17.807,4480024978.8,,,,,,,
2017-05-09,2615922,7.233,7.3479,7.1837,7.3397,0.0985,1.36,0.53,23162513.46,,,42.7076,2.1153,6.0328,18.0492,4540977699.6,,,,,,,
2017-05-10,3314119,7.3317,7.4059,7.2329,7.2411,-0.0986,-1.34,0.67,29334263.99,,,41.991,2.0947,5.9316,17.7464,4464786798.6,,,,,,,
2017-05-11,4180027,7.2493,7.2905,7.0763,7.2741,0.033,0.46,0.84,36466984.77,,,42.1821,2.1042,5.9585,17.8271,4485104372.2,,,,,,,
2017-05-12,2297248,7.2493,7.2741,7.0846,7.167,-0.1071,-1.47,0.46,20004590.48,,,41.561,2.0733,5.8708,17.5647,4419072258,,,,,,,
2017-05-15,1881492,7.167,7.2329,7.1422,7.1834,0.0164,0.23,0.38,16381783.64,,,41.6566,2.078,5.8843,17.6051,4429231044.8,,,,,,,
2017-05-16,3713705,7.1834,7.3894,7.1752,7.3564,0.173,2.41,0.75,32849715.2,,,42.6598,2.1281,6.026,18.029,4535898306.2,,,,,,,
2017-05-17,2570059,7.3729,7.4141,7.3317,7.3564,0,0,0.52,23002543.43,,,42.6598,2.1281,6.026,18.029,4535898306.2,,,,,,,
2017-05-18,2174200,7.3235,7.3647,7.2658,7.2658,-0.0906,-1.23,0.44,19318329.32,,,42.1343,2.1019,5.9518,17.807,4480024978.8,,,,,,,
2017-05-19,1741641,7.307,7.307,7.2081,7.2329,-0.0329,-0.45,0.35,15353157.62,,,41.9432,2.0923,5.9248,17.7262,4459707405.2,,,,,,,
2017-05-22,3016741,7.2329,7.2658,7.0269,7.0681,-0.1648,-2.28,0.61,26191374.34,,,40.9878,2.0447,5.7898,17.3224,4358119537.2,,,,,,,
2017-05-23,4488619,7.0846,7.1093,6.6892,6.7056,-0.3625,-5.13,0.91,37317697.67,,,38.8858,1.9398,5.4929,16.4341,4134626227.6,,,,,,,
2017-05-24,3209620,6.7221,6.7715,6.5903,6.7304,0.0248,0.37,0.65,26056017,,,39.0292,1.947,5.5132,16.4947,4149864407.8,,,,,,,
2017-05-25,3208063,6.7386,6.8457,6.6562,6.8292,0.0988,1.47,0.65,26265586.93,,,39.6024,1.9756,5.5942,16.7369,4210817128.6,,,,,,,
2017-05-26,1675541,6.821,6.8539,6.7221,6.7715,-0.0577,-0.84,0.46,13847148.25,,,39.2484,1.9579,5.5441,16.5873,4173179659.8,,,,,,,
2017-05-31,1951920,6.9116,6.9116,6.7633,6.7633,-0.0082,-0.12,0.39,16188936.55,,,39.2007,1.9555,5.5374,16.5671,4168102798.9,,,,,,,
2017-06-01,2230762,6.7715,6.7715,6.5656,6.5821,-0.1812,-2.68,0.45,18031799.84,,,38.1502,1.9031,5.389,16.1232,4056411859.1,,,,,,,
2017-06-02,3038782,6.5821,6.7221,6.4997,6.6892,0.1071,1.63,0.61,24330772.1,,,38.771,1.9341,5.4767,16.3855,4122411050.8,,,,,,,
2017-06-05,2226887,6.7139,6.7798,6.6644,6.7221,0.0329,0.49,0.45,18185323.26,,,38.962,1.9436,5.5037,16.4662,4142718494.4,,,,,,,
2017-06-06,2200649,6.7221,6.7715,6.6727,6.7386,0.0165,0.25,0.44,17950247.28,,,39.0575,1.9484,5.5172,16.5066,4152872216.2,,,,,,,
2017-06-07,3433686,6.7386,6.9116,6.7139,6.8951,0.1565,2.32,0.69,28527818.56,,,39.9647,1.9936,5.6453,16.89,4249332573.3,,,,,,,
2017-06-08,2498202,6.9033,6.9116,6.821,6.8539,-0.0412,-0.6,0.5,20819409.2,,,39.7259,1.9817,5.6116,16.7891,4223948268.8,,,,,,,
2017-06-09,2938562,6.8374,6.8539,6.7386,6.7963,-0.0576,-0.84,0.59,24193586,,,39.3917,1.965,5.5644,16.6479,4188410242.5,,,,,,,
2017-06-12,3508720,6.6727,6.7715,6.5821,6.5821,-0.2142,-3.15,0.71,28320497.4,,,38.1502,1.9031,5.389,16.1232,4056411859.1,,,,,,,
2017-06-13,3291920,6.5738,6.7139,6.5656,6.6892,0.1071,1.63,0.66,26597339.8,,,38.771,1.9341,5.4767,16.3855,4122411050.8,,,,,,,
2017-06-14,2916816,6.6892,6.7221,6.648,6.6974,0.0082,0.12,0.58,23671611.94,,,38.8187,1.9365,5.4834,16.4057,4127487911.7,,,,,,,
2017-06-15,4485506,6.6974,6.8622,6.648,6.8374,0.14,2.09,0.9,37040914.38,,,39.6304,1.977,5.5981,16.7488,4213794547,,,,,,,
2017-06-16,2794435,6.8292,6.8622,6.7715,6.8127,-0.0247,-0.36,0.56,23084508.05,,,39.4872,1.9698,5.5779,16.6882,4198563964.3,,,,,,,
2017-06-19,2689095,6.8127,6.8786,6.788,6.8622,0.0495,0.73,0.54,22322104.1,,,39.7737,1.9841,5.6183,16.8093,4229025129.7,,,,,,,
2017-06-20,3003549,6.8704,6.9281,6.8127,6.821,-0.0412,-0.6,0.6,25042864.23,,,39.5349,1.9722,5.5846,16.7084,4203640825.2,,,,,,,
2017-06-21,2721919,6.8457,6.8704,6.7963,6.8374,0.0164,0.24,0.54,22556401.44,,,39.6304,1.977,5.5981,16.7488,4213794547,,,,,,,
2017-06-22,5428943,6.8292,6.9528,6.788,6.788,-0.0494,-0.72,1.08,45358879.06,,,39.3439,1.9627,5.5576,16.6277,4183333381.6,,,,,,,
2017-06-23,3355276,6.8374,6.8374,6.615,6.7551,-0.0329,-0.48,0.67,27415803.54,,,39.1529,1.9531,5.5307,16.547,4163025938,,,,,,,
2017-06-26,3494337,6.7551,6.9116,6.7139,6.8951,0.14,2.07,0.7,28950661.97,,,39.9647,1.9936,5.6453,16.89,4249332573.3,,,,,,,
2017-06-27,2732382,6.9198,6.9198,6.8374,6.8786,-0.0165,-0.24,0.55,22817119.02,,,39.8692,1.9889,5.6318,16.8497,4239178851.5,,,,,,,
2017-06-28,2604310,6.8622,6.8622,6.7386,6.7551,-0.1235,-1.8,0.52,21451339.32,,,39.1529,1.9531,5.5307,16.547,4163025938,,,,,,,
2017-06-29,2317429,6.7551,6.8704,6.7551,6.8127,0.0576,0.85,0.46,19167910.4,,,39.4872,1.9698,5.5779,16.6882,4198563964.3,,,,,,,
2017-06-30,2224987,6.788,6.8622,6.7386,6.8457,0.033,0.48,0.44,18365625.52,,,35.1296,1.9132,5.3875,16.8112,4218871407.9,,,,,,,
2017-07-03,8114039,6.8622,7.0599,6.8374,7.0352,0.1895,2.77,1.62,68625943.82,,,36.1019,1.9662,5.5366,17.2765,4335639208.6,,,,,,,
2017-07-04,4618316,7.0022,7.0352,6.9033,6.9445,-0.0907,-1.29,0.92,39008508.39,,,35.6369,1.9408,5.4653,17.0539,4279793738.7,,,,,,,
2017-07-05,3721235,6.9445,6.994,6.9033,6.9775,0.033,0.48,0.74,31433847.25,,,35.806,1.95,5.4912,17.1348,4300101182.3,,,,,,,
2017-07-06,3849140,6.9775,6.994,6.9033,6.9528,-0.0247,-0.35,0.77,32472909.76,,,35.6792,1.9431,5.4717,17.0742,4284870599.6,,,,,,,
2017-07-07,3460562,6.961,6.9857,6.9198,6.9692,0.0164,0.24,0.69,29208591.2,,,35.7637,1.9477,5.4847,17.1146,4295024321.4,,,,,,,
2017-07-10,3393229,6.961,6.961,6.8704,6.8869,-0.0823,-1.18,0.68,28446519.46,,,35.341,1.9247,5.4199,16.9123,4244255712.4,,,,,,,
2017-07-11,3932300,6.8786,6.8951,6.7551,6.7963,-0.0906,-1.32,0.78,32677959.2,,,34.876,1.8994,5.3486,16.6898,4188410242.5,,,,,,,
2017-07-12,4104359,6.7963,6.8045,6.6068,6.7304,-0.0659,-0.97,0.82,33374315.36,,,34.5378,1.881,5.2967,16.5279,4147795355.3,,,,,,,
2017-07-13,2783250,6.7139,6.7551,6.6727,6.7056,-0.0248,-0.37,0.56,22669428.26,,,34.411,1.8741,5.2772,16.4673,4132564772.6,,,,,,,
2017-07-14,3467520,6.8127,6.8457,6.7221,6.7386,0.033,0.49,0.69,28551991.62,,,34.5801,1.8833,5.3032,16.5482,4152872216.2,,,,,,,
2017-07-17,5838990,6.7468,6.7551,6.3432,6.4008,-0.3378,-5.01,1.17,46151849,,,32.8468,1.7889,5.0374,15.7187,3944720919.3,,,,,,,
2017-07-18,4480120,6.4255,6.5656,6.3185,6.5079,0.1071,1.67,0.89,35134258.2,,,33.3964,1.8188,5.1217,15.9817,4010720111,,,,,,,
2017-07-19,2679813,6.4997,6.5821,6.4255,6.5738,0.0659,1.01,0.53,21265926.96,,,33.7346,1.8372,5.1735,16.1436,4051334998.2,,,,,,,
2017-07-20,2824460,6.5491,6.6974,6.5409,6.5903,0.0165,0.25,0.56,22770919.42,,,33.8191,1.8418,5.1865,16.184,4061488720,,,,,,,
2017-07-21,3216110,6.6233,6.788,6.6068,6.6809,0.0906,1.37,0.64,26201777.3,,,34.2841,1.8672,5.2578,16.4066,4117334189.9,,,,,,,
2017-07-24,2660007,6.615,6.7551,6.615,6.7221,0.0412,0.62,0.53,21639655.48,,,34.4955,1.8787,5.2902,16.5077,4142718494.4,,,,,,,
2017-07-25,3079025,6.7221,6.8292,6.7056,6.7715,0.0494,0.73,0.61,25305872.6,,,34.7492,1.8925,5.3291,16.6291,4173179659.8,,,,,,,
2017-07-26,2021880,6.7715,6.7715,6.6644,6.7139,-0.0576,-0.85,0.4,16454744.2,,,34.4532,1.8764,5.2837,16.4875,4137641633.5,,,,,,,
2017-07-27,7105208,6.7139,6.9445,6.6727,6.9281,0.2142,3.19,1.42,59221534.05,,,35.5524,1.9362,5.4523,17.0135,4269640016.9,,,,,,,
2017-07-28,3792500,6.9281,6.9445,6.8374,6.8374,-0.0907,-1.31,0.76,31711043.6,,,35.0874,1.9109,5.381,16.7909,4213794547,,,,,,,
2017-07-31,3164940,6.8622,6.8951,6.7963,6.8539,0.0165,0.24,0.63,26280901.8,,,35.1719,1.9155,5.3939,16.8314,4223948268.8,,,,,,,
2017-08-01,2665987,6.8622,6.8869,6.7963,6.8374,-0.0165,-0.24,0.53,22154161.98,,,35.0874,1.9109,5.381,16.7909,4213794547,,,,,,,
2017-08-02,5164300,6.8704,6.9775,6.821,6.8457,0.0083,0.12,1.03,43249958.28,,,35.1296,1.9132,5.3875,16.8112,4218871407.9,,,,,,,
2017-08-03,5577756,6.7963,6.9363,6.7798,6.8869,0.0412,0.6,1.11,46571708.02,,,35.341,1.9247,5.4199,16.9123,4244255712.4,,,,,,,
2017-08-04,4031246,6.8539,6.9033,6.8127,6.8374,-0.0495,-0.72,0.8,33552439.18,,,35.0874,1.9109,5.381,16.7909,4213794547,,,,,,,
2017-08-07,5009500,6.8704,6.9692,6.8045,6.9692,0.1318,1.93,1,42116407.9,,,35.7637,1.9477,5.4847,17.1146,4295024321.4,,,,,,,
2017-08-08,6958098,6.9775,7.1011,6.9528,7.0928,0.1236,1.77,1.39,59333420.35,,,36.3978,1.9823,5.582,17.4181,4371177234.9,,,,,,,
2017-08-09,14597562,7.1752,7.4306,7.1752,7.2246,0.1318,1.86,2.91,129396330.66,,,37.0742,2.0191,5.6857,17.7417,4452407009.3,,,,,,,
2017-08-10,9628400,7.1834,7.3729,7.1258,7.2988,0.0742,1.03,1.92,84935896.7,,,37.4547,2.0398,5.744,17.9238,4498098757.4,,,,,,,
2017-08-11,7126050,7.2081,7.2905,7.1422,7.1834,-0.1154,-1.58,1.42,62417442.2,,,36.8629,2.0076,5.6533,17.6406,4427022704.8,,,,,,,
2017-08-14,7940340,7.1917,7.3317,7.1917,7.3152,0.1318,1.83,1.58,70129819.3,,,37.5392,2.0444,5.757,17.9643,4508252479.2,,,,,,,
2017-08-15,6486886,7.2988,7.3976,7.2493,7.3235,0.0083,0.11,1.29,57585574.5,,,37.5815,2.0467,5.7635,17.9845,4513329340.1,,,,,,,
2017-08-16,6376172,7.3564,7.3647,7.2658,7.2741,-0.0494,-0.67,1.27,56550740.75,,,37.3,2.0314,5.7203,17.8498,4479521498.74,,,,,,,
2017-08-17,11024079,7.2329,7.5706,7.2081,7.4882,0.2141,2.94,2.2,99017905.8,,,38.3983,2.0912,5.8887,18.3754,4611421339.02,,,,,,,
2017-08-18,5695069,7.4388,7.4553,7.3482,7.3564,-0.1318,-1.76,1.14,51158553.62,,,37.7224,2.0544,5.7851,18.0519,4530252206.54,,,,,,,
2017-08-21,4695819,7.3647,7.4306,7.307,7.3894,0.033,0.45,0.94,41988991.95,,,37.8914,2.0636,5.811,18.1328,4550544489.66,,,,,,,
2017-08-22,4317347,7.3647,7.3894,7.2246,7.2329,-0.1565,-2.12,0.86,38212811.03,,,37.0888,2.0199,5.6879,17.7487,4454156144.84,,,,,,,
2017-08-23,2792917,7.2493,7.307,7.1999,7.2164,-0.0165,-0.23,0.56,24590859.43,,,37.0043,2.0153,5.675,17.7083,4444010003.28,,,,,,,
2017-08-24,3452820,7.1999,7.2823,7.0846,7.1011,-0.1153,-1.6,0.69,30136981.36,,,36.4129,1.9831,5.5843,17.4253,4372987012.36,,,,,,,
2017-08-25,3599140,7.0846,7.2658,7.0846,7.2493,0.1482,2.09,0.72,31512198.4,,,37.1733,2.0245,5.7009,17.7891,4464302286.4,,,,,,,
2017-08-28,3963118,7.2576,7.3894,7.2246,7.3564,0.1071,1.48,0.79,35308925.06,,,37.7224,2.0544,5.7851,18.0519,4530252206.54,,,,,,,
2017-08-29,2957300,7.3235,7.3976,7.2493,7.2741,-0.0823,-1.12,0.59,26262877.8,,,37.3,2.0314,5.7203,17.8498,4479521498.74,,,,,,,
2017-08-30,2765900,7.2493,7.3482,7.2493,7.2741,0,0,0.55,24523935.22,,,37.3,2.0314,5.7203,17.8498,4479521498.74,,,,,,,
2017-08-31,2804925,7.2823,7.3317,7.2741,7.307,0.0329,0.45,0.56,24881437.27,,,37.469,2.0406,5.7462,17.9306,4499813781.86,,,,,,,
2017-09-01,4468997,7.2741,7.3976,7.2741,7.3482,0.0412,0.56,0.89,39913780.78,,,37.6802,2.0521,5.7786,18.0317,4525179135.76,,,,,,,
2017-09-04,5985639,7.3564,7.5047,7.2988,7.447,0.0988,1.34,1.19,53930831.14,,,38.1871,2.0797,5.8564,18.2743,4586055985.12,,,,,,,
2017-09-05,3954377,7.4553,7.4965,7.3729,7.4059,-0.0411,-0.55,0.79,35657994.16,,,37.9759,2.0682,5.824,18.1732,4560690631.22,,,,,,,
2017-09-06,3574321,7.4141,7.4306,7.3152,7.4306,0.0247,0.33,0.71,31978263.32,,,38.1026,2.0751,5.8434,18.2339,4575909843.56,,,,,,,
2017-09-07,4407576,7.4306,7.4718,7.3317,7.34,-0.0906,-1.22,0.88,39613070.86,,,37.6379,2.0498,5.7721,18.0115,4520106064.98,,,,,,,
2017-09-08,2965780,7.3317,7.4059,7.2823,7.3235,-0.0165,-0.22,0.59,26417827.4,,,37.5535,2.0452,5.7592,17.9711,4509959923.42,,,,,,,
2017-09-11,3671060,7.3317,7.3647,7.2988,7.34,0.0165,0.23,0.73,32658398,,,37.6379,2.0498,5.7721,18.0115,4520106064.98,,,,,,,
2017-09-12,3930689,7.3564,7.3811,7.2493,7.2823,-0.0577,-0.79,0.78,34875855.21,,,37.3422,2.0337,5.7268,17.87,4484594569.52,,,,,,,
2017-09-13,3056634,7.307,7.3317,7.2576,7.3235,0.0412,0.57,0.61,27084985.04,,,37.5535,2.0452,5.7592,17.9711,4509959923.42,,,,,,,
2017-09-14,6439343,7.3235,7.4635,7.2905,7.4635,0.14,1.91,1.29,57807804.05,,,38.2716,2.0843,5.8693,18.3147,4596202126.68,,,,,,,
2017-09-15,6319125,7.4388,7.4882,7.2658,7.2988,-0.1647,-2.21,1.26,56299780.15,,,37.4267,2.0383,5.7397,17.9104,4494740711.08,,,,,,,
2017-09-18,2717080,7.2823,7.3317,7.1917,7.2741,-0.0247,-0.34,0.54,23914655.47,,,37.3,2.0314,5.7203,17.8498,4479521498.74,,,,,,,
2017-09-19,3212737,7.2905,7.2905,7.167,7.1752,-0.0989,-1.36,0.64,28175868.49,,,36.7931,2.0038,5.6426,17.6072,4418644649.38,,,,,,,
2017-09-20,2048919,7.1999,7.2741,7.1834,7.2493,0.0741,1.03,0.41,17999619.7,,,37.1733,2.0245,5.7009,17.7891,4464302286.4,,,,,,,
2017-09-21,2427446,7.2823,7.2823,7.167,7.1834,-0.0659,-0.91,0.48,21274965.4,,,36.8353,2.0061,5.649,17.6274,4423717720.16,,,,,,,
2017-09-22,2284967,7.167,7.1999,7.1175,7.167,-0.0164,-0.23,0.46,19843842.1,,,36.7509,2.0015,5.6361,17.587,4413571578.6,,,,,,,
2017-09-25,1918066,7.1752,7.1999,7.1093,7.1093,-0.0577,-0.81,0.38,16694857.14,,,36.4552,1.9854,5.5907,17.4455,4378060083.14,,,,,,,
2017-09-26,1786083,7.1011,7.1587,7.0681,7.1011,-0.0082,-0.12,0.36,15391233.8,,,36.4129,1.9831,5.5843,17.4253,4372987012.36,,,,,,,
2017-09-27,3312507,7.1258,7.2905,7.1175,7.2576,0.1565,2.2,0.66,29089299.48,,,37.2155,2.0268,5.7074,17.8094,4469375357.18,,,,,,,
2017-09-28,2065078,7.2658,7.307,7.1999,7.2081,-0.0495,-0.68,0.41,18175399.78,,,36.9621,2.013,5.6685,17.6881,4438936932.5,,,,,,,
2017-09-29,1615568,7.1917,7.2741,7.1917,7.2741,0.066,0.92,0.32,14215073.67,,,37.3,2.0314,5.7203,17.8498,4479521498.74,,,,,,,
2017-10-09,2983552,7.34,7.3811,7.2576,7.2905,0.0164,0.23,0.6,26461995.88,,,35.4695,2.0044,5.7355,20.1,4489667640.3,,,,,,,
2017-10-10,10789390,7.2658,7.6365,7.2658,7.5459,0.2554,3.5,2.15,98095723.31,,,36.7119,2.0747,5.9364,20.8041,4646932834.48,,,,,,,
2017-10-11,5518301,7.4718,7.5624,7.447,7.5459,0,0,1.1,50184805.04,,,36.7119,2.0747,5.9364,20.8041,4646932834.48,,,,,,,
2017-10-12,6005563,7.5129,7.5953,7.34,7.4388,-0.1071,-1.42,1.2,54285092.13,,,36.1909,2.0452,5.8522,20.5088,4580982914.34,,,,,,,
2017-10-13,2584120,7.3976,7.4553,7.3729,7.4059,-0.0329,-0.44,0.52,23263686.2,,,36.0306,2.0361,5.8262,20.418,4560690631.22,,,,,,,
2017-10-16,5012500,7.4306,7.4388,7.2081,7.2246,-0.1813,-2.45,1,44357158.98,,,35.1489,1.9863,5.6837,19.9183,4449083074.06,,,,,,,
2017-10-17,1909920,7.2329,7.2576,7.1587,7.1752,-0.0494,-0.68,0.38,16685837.8,,,34.9084,1.9727,5.6448,19.7821,4418644649.38,,,,,,,
2017-10-18,3571255,7.2164,7.2493,7.0599,7.0763,-0.0989,-1.38,0.71,31043289.39,,,34.4275,1.9456,5.567,19.5095,4357767800.02,,,,,,,
2017-10-19,2618940,7.0763,7.1258,6.9528,6.9692,-0.1071,-1.51,0.52,22325998.8,,,33.9064,1.9161,5.4828,19.2143,4291817879.88,,,,,,,
2017-10-20,1689943,6.9857,7.0599,6.9363,7.0352,0.066,0.95,0.34,14384973.79,,,34.2271,1.9342,5.5346,19.396,4332402446.12,,,,,,,
2017-10-23,1622420,7.0599,7.0846,7.0187,7.0599,0.0247,0.35,0.32,13889572.6,,,34.3473,1.941,5.554,19.4641,4347621658.46,,,,,,,
2017-10-24,2097540,7.0599,7.0599,6.9281,7.0022,-0.0577,-0.82,0.42,17817084.68,,,34.0668,1.9252,5.5087,19.3051,4312110163,,,,,,,
2017-10-25,1842166,7.0434,7.1093,7.0022,7.0681,0.0659,0.94,0.37,15772933.68,,,34.3874,1.9433,5.5605,19.4868,4352694729.24,,,,,,,
2017-10-26,2199006,7.0681,7.1011,7.0269,7.0928,0.0247,0.35,0.44,18865463.64,,,34.5076,1.9501,5.58,19.5549,4367913941.58,,,,,,,
2017-10-27,2050620,7.0846,7.1093,7.0022,7.0352,-0.0576,-0.81,0.41,17556725.4,,,34.2271,1.9342,5.5346,19.396,4332402446.12,,,,,,,
2017-10-30,4645821,7.0187,7.0516,6.6068,6.7798,-0.2554,-3.63,0.93,38244965.58,,,32.9846,1.864,5.3337,18.6919,4175137251.94,,,,,,,
2017-10-31,3244160,6.7633,6.8457,6.7139,6.8457,0.0659,0.97,0.65,26655822.74,,,33.3053,1.8821,5.3855,18.8736,4215721818.18,,,,,,,
2017-11-01,1980240,6.8127,6.8622,6.7633,6.7715,-0.0742,-1.08,0.4,16349957.6,,,32.9446,1.8618,5.3272,18.6692,4170064181.16,,,,,,,
2017-11-02,3148622,6.7798,6.8127,6.6397,6.6727,-0.0988,-1.46,0.63,25574435.04,,,32.4636,1.8346,5.2495,18.3966,4109187331.8,,,,,,,
2017-11-03,2512582,6.6809,6.6974,6.5985,6.6397,-0.033,-0.49,0.5,20269239.88,,,32.3033,1.8255,5.2235,18.3058,4088895048.68,,,,,,,
2017-11-06,3278880,6.6562,6.7056,6.5985,6.648,0.0083,0.13,0.65,26505046.2,,,32.3434,1.8278,5.23,18.3285,4093968119.46,,,,,,,
2017-11-07,2720258,6.6562,6.6974,6.6397,6.6892,0.0412,0.62,0.54,22009216.28,,,32.5438,1.8391,5.2624,18.4421,4119333473.36,,,,,,,
2017-11-08,3442410,6.6974,6.788,6.6727,6.7304,0.0412,0.62,0.69,28191975.9,,,32.7442,1.8504,5.2948,18.5556,4144698827.26,,,,,,,
2017-11-09,2929707,6.7633,6.7798,6.6727,6.7386,0.0082,0.12,0.58,23864421.41,,,32.7842,1.8527,5.3013,18.5783,4149771898.04,,,,,,,
2017-11-10,3013073,6.7221,6.7386,6.6644,6.7056,-0.033,-0.49,0.6,24510591.47,,,32.6239,1.8436,5.2754,18.4875,4129479614.92,,,,,,,
2017-11-13,5353983,6.7056,6.8374,6.6892,6.8045,0.0989,1.47,1.07,44018142.47,,,33.1049,1.8708,5.3531,18.76,4190356464.28,,,,,,,
2017-11-14,9018927,6.8457,7.0516,6.821,6.9033,0.0988,1.45,2.05,76103268.96,,,33.5858,1.898,5.4309,19.0326,4251233313.64,,,,,,,
2017-11-15,6248197,6.821,6.994,6.8127,6.9692,0.0659,0.95,1.25,52499009.75,,,33.9064,1.9161,5.4828,19.2143,4291817879.88,,,,,,,
2017-11-16,4816922,6.9692,7.0187,6.9033,6.9445,-0.0247,-0.35,0.96,40668459.11,,,33.7862,1.9093,5.4633,19.1461,4276598667.54,,,,,,,
2017-11-17,6506039,6.9857,6.9857,6.6727,6.7221,-0.2224,-3.2,1.3,53550557.35,,,32.7041,1.8482,5.2883,18.5329,4139625756.48,,,,,,,
2017-11-20,4064121,6.6892,6.7139,6.5326,6.6644,-0.0577,-0.86,0.81,32630367.5,,,32.4235,1.8323,5.243,18.3739,4104114261.02,,,,,,,
2017-11-21,5050464,6.6809,6.6809,6.4667,6.5244,-0.14,-2.1,1.01,40236772.24,,,31.7422,1.7938,5.1328,17.9878,4017872057.76,,,,,,,
2017-11-22,4048023,6.5326,6.5656,6.4585,6.5079,-0.0165,-0.25,0.81,31973043.35,,,31.6621,1.7893,5.1198,17.9424,4007725916.2,,,,,,,
2017-11-23,3820819,6.5244,6.5326,6.3514,6.3761,-0.1318,-2.03,0.76,29956625.14,,,31.0208,1.753,5.0161,17.579,3926556783.72,,,,,,,
2017-11-24,3005430,6.3844,6.5326,6.3761,6.4997,0.1236,1.94,0.6,23567637.06,,,31.622,1.787,5.1134,17.9197,4002652845.42,,,,,,,
2017-11-27,2707547,6.442,6.5738,6.4173,6.5244,0.0247,0.38,0.54,21380021.57,,,31.7422,1.7938,5.1328,17.9878,4017872057.76,,,,,,,
2017-11-28,2503900,6.5574,6.5738,6.4832,6.5574,0.033,0.51,0.5,19866009.97,,,31.9025,1.8029,5.1587,18.0787,4038164340.88,,,,,,,
2017-11-29,3523725,6.5656,6.5656,6.4173,6.4915,-0.0659,-1,0.7,27710556.03,,,31.5819,1.7847,5.1069,17.897,3997579774.64,,,,,,,
2017-11-30,2338267,6.4915,6.4915,6.3926,6.4338,-0.0577,-0.89,0.47,18306503.2,,,31.3013,1.7689,5.0615,17.738,3962068279.18,,,,,,,
2017-12-01,2662411,6.442,6.5162,6.4008,6.5162,0.0824,1.28,0.53,20967326.77,,,31.7021,1.7915,5.1263,17.9651,4012798986.98,,,,,,,
2017-12-04,2294586,6.4997,6.5491,6.4173,6.4667,-0.0495,-0.76,0.46,18084635.8,,,31.4617,1.7779,5.0874,17.8288,3982360562.3,,,,,,,
2017-12-05,4350320,6.4667,6.475,6.2031,6.2361,-0.2306,-3.57,0.87,33547322.4,,,30.3395,1.7145,4.906,17.1929,3840314580.46,,,,,,,
2017-12-06,4944906,6.2278,6.2937,6.0384,6.2361,0,0,0.99,37015885.79,,,30.3395,1.7145,4.906,17.1929,3840314580.46,,,,,,,
2017-12-07,3546846,6.2031,6.2361,6.1455,6.1702,-0.0659,-1.06,0.71,26672090.34,,,30.0188,1.6964,4.8541,17.0112,3799730014.22,,,,,,,
2017-12-08,2894526,6.1702,6.2443,6.1455,6.2031,0.0329,0.53,0.58,21821769.88,,,30.1791,1.7055,4.88,17.1021,3820022297.34,,,,,,,
2017-12-11,3460405,6.1949,6.3102,6.1949,6.2937,0.0906,1.46,0.69,26347032.48,,,30.62,1.7304,4.9513,17.3519,3875826075.92,,,,,,,
2017-12-12,2496128,6.2773,6.2855,6.1537,6.1619,-0.1318,-2.09,0.5,18841015.58,,,29.9788,1.6941,4.8476,16.9885,3794656943.44,,,,,,,
2017-12-13,3968040,6.1537,6.1702,6.1043,6.1702,0.0083,0.13,0.79,29537857.8,,,30.0188,1.6964,4.8541,17.0112,3799730014.22,,,,,,,
2017-12-14,2325660,6.1372,6.1702,6.1125,6.1702,0,0,0.46,17343006.72,,,30.0188,1.6964,4.8541,17.0112,3799730014.22,,,,,,,
2017-12-15,4504501,6.1619,6.2443,6.129,6.2114,0.0412,0.67,0.28,34005061.84,,,30.2192,1.7077,4.8865,17.1248,3825095368.12,,,,,,,
2017-12-18,2770891,6.2196,6.2196,6.0548,6.1125,-0.0989,-1.59,0.63,20562072.35,,,29.7383,1.6806,4.8088,16.8522,3764218518.76,,,,,,,
2017-12-19,2342300,6.1207,6.1949,6.1125,6.1619,0.0494,0.81,0.53,17500000,,,29.9788,1.6941,4.8476,16.9885,3794656943.44,,,,,,,
2017-12-20,2760300,6.129,6.1702,6.0219,6.0219,-0.14,-2.27,0.63,20394898.04,,,29.2974,1.6556,4.7375,16.6024,3708414740.18,,,,,,,
2017-12-21,2952125,6.0548,6.1125,5.9478,6.0631,0.0412,0.68,0.67,21600806.6,,,29.4978,1.667,4.7699,16.716,3733780094.08,,,,,,,
2017-12-22,1296220,6.0384,6.0796,6.0219,6.0466,-0.0165,-0.27,0.29,9523300.4,,,29.4177,1.6624,4.7569,16.6705,3723633952.52,,,,,,,
2017-12-25,2419833,6.0548,6.0548,5.9066,5.956,-0.0906,-1.5,0.55,17493296.5,,,28.9768,1.6375,4.6856,16.4207,3667830173.94,,,,,,,
2017-12-26,1871553,5.923,6.0219,5.7665,5.9889,0.0329,0.55,0.42,13532786.1,,,29.1371,1.6466,4.7115,16.5115,3688122457.06,,,,,,,
2017-12-27,1679335,5.9725,6.0054,5.9066,5.9395,-0.0494,-0.82,0.38,12142810.83,,,28.8966,1.633,4.6727,16.3753,3657684032.38,,,,,,,
2017-12-28,2047721,5.9395,6.0219,5.923,5.9972,0.0577,0.97,0.46,14891537.81,,,29.1772,1.6489,4.718,16.5343,3693195527.84,,,,,,,
2017-12-29,2661483,5.9972,6.1372,5.9725,6.1372,0.14,2.33,0.6,19552374.09,,,29.8585,1.6874,4.8282,16.9204,3779437731.1,,,,,,,
2018-01-02,4684006,6.1372,6.269,6.0796,6.2278,0.0906,1.48,1.06,35244878.42,,,26.6761,1.686,4.7553,18.5195,3835241509.68,,,,,,,
2018-01-03,4339308,6.2278,6.2526,6.1784,6.2196,-0.0082,-0.13,0.98,32744146.07,,,26.6408,1.6838,4.749,18.495,3830168438.9,,,,,,,
2018-01-04,1935193,6.1867,6.2443,6.1867,6.1949,-0.0247,-0.4,0.44,14590321.03,,,26.5349,1.6771,4.7302,18.4215,3814949226.56,,,,,,,
2018-01-05,1815046,6.2361,6.2361,6.1784,6.1949,0,0,0.41,13659032.86,,,26.5349,1.6771,4.7302,18.4215,3814949226.56,,,,,,,
2018-01-08,2074395,6.2196,6.2278,6.1372,6.2031,0.0082,0.13,0.47,15565395.3,,,26.5702,1.6793,4.7364,18.446,3820022297.34,,,,,,,
2018-01-09,2176823,6.2114,6.2526,6.1867,6.2031,0,0,0.49,16426018.41,,,26.5702,1.6793,4.7364,18.446,3820022297.34,,,,,,,
2018-01-10,1965520,6.2031,6.2196,6.096,6.1372,-0.0659,-1.06,0.45,14680011.6,,,26.2879,1.6615,4.6861,18.25,3779437731.1,,,,,,,
2018-01-11,2681984,6.1537,6.2443,6.1207,6.2361,0.0989,1.61,0.61,20153848.06,,,26.7113,1.6883,4.7616,18.544,3840314580.46,,,,,,,
2018-01-12,2389116,6.2361,6.2443,6.1125,6.1207,-0.1154,-1.85,0.54,17895568.32,,,26.2173,1.657,4.6735,18.201,3769291589.54,,,,,,,
2018-01-15,4067320,6.1207,6.2278,5.9395,6.0713,-0.0494,-0.81,0.91,29973967.8,,,26.0056,1.6436,4.6358,18.054,3738853164.86,,,,,,,
2018-01-16,3444105,6.0301,6.2443,6.0219,6.1619,0.0906,1.49,0.78,25739881.39,,,26.3938,1.6682,4.705,18.3235,3794656943.44,,,,,,,
2018-01-17,3225492,6.1372,6.2526,6.0713,6.2361,0.0742,1.2,0.72,24180554.95,,,26.7113,1.6883,4.7616,18.544,3840314580.46,,,,,,,
2018-01-18,3374002,6.2031,6.3349,6.1784,6.2608,0.0247,0.4,0.76,25708607.02,,,26.8172,1.6949,4.7805,18.6175,3855533792.8,,,,,,,
2018-01-19,2281222,6.3267,6.3267,6.2114,6.2361,-0.0247,-0.39,0.51,17287326.65,,,26.7113,1.6883,4.7616,18.544,3840314580.46,,,,,,,
2018-01-22,6584573,6.2443,6.4585,6.1619,6.4503,0.2142,3.43,1.48,50879875.92,,,27.6288,1.7462,4.9251,19.1809,3972214420.74,,,,,,,
2018-01-23,4211353,6.4091,6.475,6.3514,6.4585,0.0082,0.13,0.95,32800451.81,,,27.6641,1.7485,4.9314,19.2054,3977287491.52,,,,,,,
2018-01-24,3920211,6.4255,6.5162,6.3761,6.5079,0.0494,0.76,0.88,30821779.79,,,27.8758,1.7618,4.9692,19.3524,4007725916.2,,,,,,,
2018-01-25,4983623,6.4667,6.6562,6.4338,6.4997,-0.0082,-0.13,1.11,39599817.46,,,27.8405,1.7596,4.9629,19.3279,4002652845.42,,,,,,,
2018-01-26,3880022,6.4585,6.5656,6.3844,6.4997,0,0,0.88,30513389.37,,,27.8405,1.7596,4.9629,19.3279,4002652845.42,,,,,,,
2018-01-29,3076366,6.4997,6.4997,6.3514,6.3844,-0.1153,-1.77,0.69,23924508.63,,,27.3465,1.7284,4.8748,18.9849,3931629854.5,,,,,,,
2018-01-30,1856200,6.3679,6.4667,6.3596,6.4173,0.0329,0.52,0.42,14438956.5,,,27.4876,1.7373,4.9,19.0829,3951922137.62,,,,,,,
2018-01-31,3579832,6.4008,6.4008,6.1784,6.1784,-0.2389,-3.72,0.79,27233731.68,,,26.4643,1.6726,4.7176,18.3725,3804803085,,,,,,,
2018-02-01,3365494,6.2196,6.2278,5.8489,5.8818,-0.2966,-4.8,0.74,24714051.7,,,25.1941,1.5924,4.4911,17.4906,3622172536.92,,,,,,,
2018-02-02,3280384,5.6677,5.9313,5.6677,5.8324,-0.0494,-0.84,0.74,23142332.24,,,24.9823,1.579,4.4534,17.3436,3591734112.24,,,,,,,
2018-02-05,2072177,5.7665,5.8736,5.7418,5.8159,-0.0165,-0.28,0.46,14674363.81,,,24.9118,1.5745,4.4408,17.2946,3581587970.68,,,,,,,
2018-02-06,3665604,5.7665,5.7912,5.4617,5.5111,-0.3048,-5.24,0.83,25164429.96,,,23.6062,1.492,4.2081,16.3883,3393884351.82,,,,,,,
2018-02-07,2834508,5.6182,5.7171,5.5276,5.6265,0.1154,2.09,0.64,19265731.21,,,24.1002,1.5232,4.2961,16.7312,3464907342.74,,,,,,,
2018-02-08,2886773,5.5935,5.8736,5.5935,5.8736,0.2471,4.39,0.63,20241005.88,,,25.1588,1.5901,4.4848,17.4661,3617099466.14,,,,,,,
2018-02-09,5185086,5.75,5.9066,5.6429,5.8242,-0.0494,-0.84,1.17,36688561.2,,,24.9471,1.5767,4.4471,17.3191,3586661041.46,,,,,,,
2018-02-12,5991745,5.8736,5.8983,5.6841,5.8159,-0.0083,-0.14,1.3,42043240.19,,,24.9118,1.5745,4.4408,17.2946,3581587970.68,,,,,,,
2018-02-13,2779420,5.8407,5.8407,5.7418,5.7418,-0.0741,-1.27,0.6,19570902.4,,,24.5942,1.5544,4.3842,17.0742,3535930333.66,,,,,,,
2018-02-14,1919322,5.7171,5.7748,5.7006,5.7171,-0.0247,-0.43,0.41,13353134.17,,,24.4883,1.5478,4.3653,17.0007,3520711121.32,,,,,,,
2018-02-22,1565549,5.7748,5.7912,5.7171,5.7748,0.0577,1.01,0.34,10945543.51,,,24.7353,1.5634,4.4094,17.1722,3556222616.78,,,,,,,
2018-02-23,1858714,5.7912,5.8077,5.7253,5.783,0.0082,0.14,0.41,13001267.22,,,24.7706,1.5656,4.4156,17.1967,3561295687.56,,,,,,,
2018-02-26,3252179,5.7995,5.9313,5.7995,5.9148,0.1318,2.28,0.71,23198738.15,,,25.3352,1.6013,4.5163,17.5886,3642464820.04,,,,,,,
2018-02-27,4213069,5.9313,6.0301,5.8901,5.9725,0.0577,0.98,0.92,30477558.67,,,25.5822,1.6169,4.5603,17.7601,3677976315.5,,,,,,,
2018-02-28,3796246,5.9148,6.0219,5.8736,5.9642,-0.0083,-0.14,0.82,27473387.68,,,25.5469,1.6147,4.554,17.7356,3672903244.72,,,,,,,
2018-03-01,6675824,5.923,6.2361,5.8818,6.1537,0.1895,3.18,1.46,49160022.59,,,26.3585,1.666,4.6987,18.299,3789583872.66,,,,,,,
2018-03-02,5556766,6.129,6.2443,6.0631,6.1537,0,0,1.21,41478256.09,,,26.3585,1.666,4.6987,18.299,3789583872.66,,,,,,,
2018-03-05,4585594,6.1619,6.3267,6.1372,6.2031,0.0494,0.8,0.98,34501656.33,,,26.5702,1.6793,4.7364,18.446,3820022297.34,,,,,,,
2018-03-06,4671641,6.2031,6.2114,6.096,6.1702,-0.0329,-0.53,1.02,34890638.48,,,26.4291,1.6704,4.7113,18.348,3799730014.22,,,,,,,
2018-03-07,3957817,6.1455,6.1537,6.0301,6.0713,-0.0989,-1.6,0.87,29275240.34,,,26.0056,1.6436,4.6358,18.054,3738853164.86,,,,,,,
2018-03-08,4132027,6.0466,6.1537,6.0137,6.1455,0.0742,1.22,0.89,30577861.7,,,26.3232,1.6637,4.6924,18.2745,3784510801.88,,,,,,,
2018-03-09,7899830,6.1784,6.3514,6.1619,6.3349,0.1894,3.08,1.71,60002161.92,,,27.1348,1.715,4.8371,18.8379,3901191429.82,,,,,,,
2018-03-12,8372260,6.302,6.5409,6.302,6.4255,0.0906,1.43,1.83,65588076.88,,,27.5229,1.7395,4.9063,19.1074,3956995208.4,,,,,,,
2018-03-13,9700622,6.4091,6.615,6.3844,6.4667,0.0412,0.64,2.11,76819857.21,,,27.6994,1.7507,4.9377,19.2299,3982360562.3,,,,,,,
2018-03-14,5333667,6.475,6.5326,6.3926,6.4008,-0.0659,-1.02,1.15,41737455.78,,,27.4171,1.7329,4.8874,19.0339,3941775996.06,,,,,,,
2018-03-15,4616982,6.3514,6.4255,6.2773,6.4091,0.0083,0.13,0.99,35580771.48,,,27.4523,1.7351,4.8937,19.0584,3946849066.84,,,,,,,
2018-03-16,3952006,6.4255,6.4585,6.3514,6.4091,0,0,0.85,30770717.38,,,27.4523,1.7351,4.8937,19.0584,3946849066.84,,,,,,,
2018-03-19,5093034,6.4091,6.4832,6.3185,6.442,0.0329,0.51,1.1,39686297.67,,,27.5935,1.744,4.9189,19.1564,3967141349.96,,,,,,,
2018-03-20,3573692,6.3926,6.4255,6.2773,6.3926,-0.0494,-0.77,0.78,27578494.48,,,27.3818,1.7306,4.8811,19.0094,3936702925.28,,,,,,,
2018-03-21,5783462,6.3844,6.442,6.1784,6.1784,-0.2142,-3.35,1.22,44491251.48,,,26.4643,1.6726,4.7176,18.3725,3804803085,,,,,,,
2018-03-22,3732059,6.2031,6.302,6.1702,6.2526,0.0742,1.2,0.82,28299704.66,,,26.7819,1.6927,4.7742,18.593,3850460722.02,,,,,,,
2018-03-23,6259905,6.096,6.3267,5.7912,5.8489,-0.4037,-6.46,1.36,45746839.27,,,25.0529,1.5834,4.466,17.3926,3601880253.8,,,,,,,
2018-03-26,4519000,5.6924,5.9642,5.6924,5.9313,0.0824,1.41,0.99,32089638.01,,,25.4058,1.6057,4.5289,17.6376,3652610961.6,,,,,,,
2018-03-27,5356860,5.9889,6.1125,5.9478,6.0713,0.14,2.36,1.16,39238947.15,,,26.0056,1.6436,4.6358,18.054,3738853164.86,,,,,,,
2018-03-28,4081042,5.9313,6.0713,5.9148,6.0466,-0.0247,-0.41,0.88,29822026.63,,,25.8998,1.637,4.6169,17.9805,3723633952.52,,,,,,,
2018-03-29,5250225,6.1619,6.2855,6.0466,6.1372,0.0906,1.5,1.15,39385278.78,,,26.2879,1.6615,4.6861,18.25,3779437731.1,,,,,,,
2018-03-30,4719336,6.1207,6.2937,6.1207,6.2608,0.1236,2.01,1.02,35683185.24,,,26.8172,1.6949,4.7805,18.6175,3855533792.8,,,,,,,
2018-04-02,6114573,6.2773,6.442,6.1455,6.3679,0.1071,1.71,1.33,46941153.9,,,26.4927,1.7055,4.869,19.3902,3921483712.94,,,,,,,
2018-04-03,4606633,6.2526,6.2773,6.1537,6.2196,-0.1483,-2.33,1,34721512.89,,,25.8758,1.6658,4.7556,18.9386,3830168438.9,,,,,,,
2018-04-04,3327538,6.2443,6.2608,6.1372,6.1372,-0.0824,-1.32,0.72,25024565.89,,,25.533,1.6437,4.6926,18.6878,3779437731.1,,,,,,,
2018-04-09,2347805,6.0796,6.1784,5.9725,6.1125,-0.0247,-0.4,0.51,17381540.32,,,25.4302,1.6371,4.6737,18.6125,3764218518.76,,,,,,,
2018-04-10,2805438,6.1125,6.1702,6.0384,6.1372,0.0247,0.4,0.6,20762281.2,,,25.533,1.6437,4.6926,18.6878,3779437731.1,,,,,,,
2018-04-11,3477004,6.1949,6.2773,6.1537,6.1949,0.0577,0.94,0.75,26254684.88,,,25.773,1.6592,4.7367,18.8634,3814949226.56,,,,,,,
2018-04-12,3271640,6.1784,6.2361,6.1207,6.1207,-0.0742,-1.2,0.69,24537232.8,,,25.4645,1.6393,4.68,18.6376,3769291589.54,,,,,,,
2018-04-13,2528140,6.1784,6.2031,6.1125,6.1702,0.0495,0.81,0.55,18926981,,,25.6701,1.6526,4.7178,18.7881,3799730014.22,,,,,,,
2018-04-16,4785869,6.1619,6.2937,6.1372,6.2361,0.0659,1.07,1.04,36079200.06,,,25.9443,1.6702,4.7682,18.9888,3840314580.46,,,,,,,
2018-04-17,5824607,6.2937,6.2937,5.9148,5.9148,-0.3213,-5.15,1.25,43338593.17,,,24.6077,1.5842,4.5226,18.0105,3642464820.04,,,,,,,
2018-04-18,5475722,5.9148,6.0466,5.8324,6.0137,0.0989,1.67,1.19,39403559.18,,,25.019,1.6106,4.5981,18.3115,3703341669.4,,,,,,,
2018-04-19,4060755,5.9722,6.022,5.9058,5.9224,-0.0913,-1.52,0.89,29167732.35,,,24.4706,1.5929,4.4974,17.9102,3622172536.92,,,,,,,
2018-04-20,3312560,5.9141,5.9307,5.7731,5.7897,-0.1327,-2.24,0.72,23343285.12,,,23.9222,1.5572,4.3966,17.5088,3541003404.44,,,,,,,
2018-04-23,2013962,5.798,5.8395,5.7234,5.8146,0.0249,0.43,0.43,14031746.92,,,24.0251,1.5639,4.4155,17.5841,3556222616.78,,,,,,,
2018-04-24,2763606,5.8229,5.939,5.8063,5.9058,0.0912,1.57,0.6,19659149.59,,,24.4021,1.5885,4.4848,17.86,3612026395.36,,,,,,,
2018-04-25,2214107,5.8644,5.9473,5.8644,5.9058,0,0,0.48,15766686.8,,,24.4021,1.5885,4.4848,17.86,3612026395.36,,,,,,,
2018-04-26,3378963,5.9141,5.9722,5.8727,5.8975,-0.0083,-0.14,0.73,24140530.61,,,24.3678,1.5862,4.4785,17.8349,3606953324.58,,,,,,,
2018-04-27,1900807,5.8975,5.939,5.8312,5.8893,-0.0082,-0.14,0.41,13498784.66,,,24.3335,1.584,4.4722,17.8098,3601880253.8,,,,,,,
2018-05-02,2197916,5.8727,5.9141,5.798,5.8478,-0.0415,-0.7,0.48,15499529.38,,,24.1621,1.5728,4.4407,17.6844,3576514899.9,,,,,,,
2018-05-03,3509218,5.8561,5.8561,5.6404,5.8146,-0.0332,-0.57,0.77,24386333.76,,,24.0251,1.5639,4.4155,17.5841,3556222616.78,,,,,,,
2018-05-04,2156994,5.8063,5.8063,5.7068,5.7234,-0.0912,-1.57,0.46,14960110.76,,,23.6481,1.5394,4.3462,17.3082,3500418838.2,,,,,,,
2018-05-07,3691850,5.6985,5.9141,5.6985,5.8893,0.1659,2.9,0.8,25998087.35,,,24.3335,1.584,4.4722,17.8098,3601880253.8,,,,,,,
2018-05-08,3881290,5.8893,5.939,5.8395,5.939,0.0497,0.84,0.84,27516994.87,,,24.5312,1.5969,4.5085,17.9545,3631137278.48,,,,,,,
2018-05-09,8914816,6.3869,6.3869,5.9971,6.0386,0.0996,1.68,1.94,66254993.45,,,24.9423,1.6236,4.5841,18.2554,3691994327.84,,,,,,,
2018-05-10,4551205,5.9556,6.0386,5.9058,5.9722,-0.0664,-1.1,0.99,32708531.28,,,24.6682,1.6058,4.5337,18.0548,3651422961.6,,,,,,,
2018-05-11,3129840,5.9639,5.9971,5.8229,5.8229,-0.1493,-2.5,0.66,22289093.4,,,24.0515,1.5656,4.4203,17.6034,3560137387.56,,,,,,,
2018-05-14,1811100,5.8312,5.8561,5.7482,5.798,-0.0249,-0.43,0.39,12701983.1,,,23.9487,1.5589,4.4014,17.5282,3544923125.22,,,,,,,
2018-05-15,2531809,5.8146,5.8561,5.7399,5.8395,0.0415,0.72,0.55,17696382.23,,,24.12,1.5701,4.4329,17.6536,3570280229.12,,,,,,,
2018-05-16,2786760,5.8312,5.8312,5.7234,5.7399,-0.0996,-1.71,0.61,19390142,,,23.7089,1.5433,4.3574,17.3527,3509423179.76,,,,,,,
2018-05-17,1452730,5.7317,5.7814,5.7234,5.7648,0.0249,0.43,0.32,10065969.49,,,23.8117,1.55,4.3763,17.4279,3524637442.1,,,,,,,
2018-05-18,2005704,5.7399,5.8063,5.7234,5.7897,0.0249,0.43,0.44,13928182.6,,,23.9145,1.5567,4.3951,17.5031,3539851704.44,,,,,,,
2018-05-21,2743278,5.8229,5.881,5.7897,5.8395,0.0498,0.86,0.6,19303351.7,,,24.12,1.5701,4.4329,17.6536,3570280229.12,,,,,,,
2018-05-22,2763233,5.8312,5.8727,5.798,5.8644,0.0249,0.43,0.6,19427623.82,,,24.2228,1.5768,4.4518,17.7288,3585494491.46,,,,,,,
2018-05-23,2309341,5.8478,5.8478,5.7648,5.7731,-0.0913,-1.56,0.5,16159185.98,,,23.8459,1.5523,4.3826,17.453,3529708862.88,,,,,,,
2018-05-24,1586286,5.7482,5.798,5.7399,5.7814,0.0083,0.14,0.34,11036674.32,,,23.8802,1.5545,4.3889,17.4781,3534780283.66,,,,,,,
2018-05-25,1859881,5.7565,5.7814,5.7151,5.7234,-0.058,-1,0.4,12865831.29,,,23.6404,1.5389,4.3448,17.3025,3499280338.2,,,,,,,
2018-05-28,2023374,5.7234,5.7234,5.5658,5.6155,-0.1079,-1.89,0.44,13775977.95,,,23.195,1.5099,4.2629,16.9765,3433351868.06,,,,,,,
2018-05-29,1788715,5.6736,5.6736,5.5575,5.6155,0,0,0.38,12089634.92,,,23.195,1.5099,4.2629,16.9765,3433351868.06,,,,,,,
2018-05-30,3060245,5.5658,5.5658,5.4082,5.4082,-0.2073,-3.69,0.66,20248344.8,,,22.3384,1.4541,4.1055,16.3496,3306566348.56,,,,,,,
2018-05-31,3218054,5.4496,5.5823,5.3916,5.5658,0.1576,2.91,0.7,21323312.5,,,22.9894,1.4965,4.2251,16.8261,3402923343.38,,,,,,,
2018-06-01,2613427,5.5409,5.5989,5.4911,5.516,-0.0498,-0.89,0.56,17449294.2,,,22.7838,1.4831,4.1874,16.6756,3372494818.7,,,,,,,
2018-06-04,1159407,5.5575,5.5658,5.5077,5.5077,-0.0083,-0.15,0.25,7722296.55,,,22.7496,1.4809,4.1811,16.6505,3367423397.92,,,,,,,
2018-06-05,1623597,5.4994,5.5492,5.4994,5.5492,0.0415,0.75,0.34,10824543.15,,,22.9209,1.492,4.2125,16.7759,3392780501.82,,,,,,,
2018-06-06,1221942,5.5658,5.5658,5.4911,5.516,-0.0332,-0.6,0.26,8133395.97,,,22.7838,1.4831,4.1874,16.6756,3372494818.7,,,,,,,
2018-06-07,1721100,5.516,5.5409,5.4247,5.4413,-0.0747,-1.35,0.37,11348661.47,,,22.4755,1.463,4.1307,16.4499,3326852031.68,,,,,,,
2018-06-08,1956368,5.4579,5.4579,5.3086,5.3418,-0.0995,-1.83,0.42,12633130.19,,,22.0643,1.4363,4.0551,16.149,3265994982.32,,,,,,,
2018-06-11,1461449,5.3418,5.433,5.3086,5.3418,0,0,0.32,9449448.87,,,22.0643,1.4363,4.0551,16.149,3265994982.32,,,,,,,
2018-06-12,1033700,5.3418,5.375,5.2837,5.3667,0.0249,0.47,0.22,6665514,,,22.1671,1.443,4.074,16.2243,3281209244.66,,,,,,,
2018-06-13,1319084,5.3667,5.4165,5.2672,5.2754,-0.0913,-1.7,0.28,8458927.76,,,21.7902,1.4184,4.0047,15.9484,3225423616.08,,,,,,,
2018-06-14,2603400,5.3003,5.3086,5.1427,5.151,-0.1244,-2.36,0.56,16375172,,,21.2763,1.385,3.9103,15.5723,3149352304.38,,,,,,,
2018-06-15,2844938,5.151,5.2091,5.01,5.0515,-0.0995,-1.93,0.61,17353648,,,20.8652,1.3582,3.8347,15.2714,3088495255.02,,,,,,,
2018-06-19,5264802,5.0017,5.0017,4.5455,4.5455,-0.506,-10.02,1.13,29905647.16,,,18.7752,1.2222,3.4506,13.7417,2779138587.44,,,,,,,
2018-06-20,3194365,4.5621,4.7114,4.504,4.6865,0.141,3.1,0.69,17787239.75,,,19.3577,1.2601,3.5577,14.168,2865352740.7,,,,,,,
2018-06-21,2171164,4.645,4.7114,4.5289,4.5704,-0.1161,-2.48,0.47,12059679.03,,,18.878,1.2289,3.4695,13.8169,2794352849.78,,,,,,,
2018-06-22,1522845,4.5206,4.6782,4.504,4.6616,0.0912,2,0.33,8509252.88,,,19.2549,1.2534,3.5388,14.0928,2850138478.36,,,,,,,
2018-06-25,1556088,4.6865,4.7944,4.6285,4.645,-0.0166,-0.36,0.34,8777933.6,,,19.1864,1.2489,3.5262,14.0426,2839995636.8,,,,,,,
2018-06-26,2451760,4.5538,4.7529,4.5206,4.7031,0.0581,1.25,0.53,13825168.6,,,19.4262,1.2645,3.5703,14.2182,2875495582.26,,,,,,,
2018-06-27,2908961,4.7031,4.8109,4.6119,4.6119,-0.0912,-1.94,0.63,16441074.43,,,19.0493,1.24,3.501,13.9423,2819709953.68,,,,,,,
2018-06-28,3696913,4.5704,4.8441,4.5704,4.6865,0.0746,1.62,0.8,21052656.21,,,19.3577,1.2601,3.5577,14.168,2865352740.7,,,,,,,
2018-06-29,3728873,4.6948,4.8192,4.6699,4.7861,0.0996,2.13,0.81,21416177.5,,,19.7688,1.2869,3.6332,14.4689,2926209790.06,,,,,,,
2018-07-02,3940779,4.7612,4.8358,4.7031,4.7529,-0.0332,-0.69,0.84,22729507.78,,,18.3259,1.2316,3.3923,16.65,2905924106.94,,,,,,,
2018-07-03,2372488,4.7778,4.8275,4.7031,4.8026,0.0497,1.05,0.51,13653235.65,,,18.5178,1.2445,3.4278,16.8243,2936352631.62,,,,,,,
2018-07-04,2361484,4.7695,4.8109,4.6616,4.7031,-0.0995,-2.07,0.51,13460761.57,,,18.134,1.2187,3.3568,16.4756,2875495582.26,,,,,,,
2018-07-05,2000559,4.7695,4.7695,4.6119,4.6202,-0.0829,-1.76,0.43,11331387.06,,,17.8142,1.1972,3.2976,16.1851,2824781374.46,,,,,,,
2018-07-06,2160176,4.6202,4.7446,4.5206,4.6699,0.0497,1.08,0.46,12147599.52,,,18.0061,1.2101,3.3331,16.3594,2855209899.14,,,,,,,
2018-07-09,1876305,4.6865,4.7778,4.645,4.7612,0.0913,1.96,0.4,10735016.82,,,18.3579,1.2337,3.3982,16.679,2910995527.72,,,,,,,
2018-07-10,3304654,4.7446,4.8607,4.7446,4.8026,0.0414,0.87,0.71,19166173.14,,,18.5178,1.2445,3.4278,16.8243,2936352631.62,,,,,,,
2018-07-11,3076974,4.7446,4.8026,4.6119,4.6865,-0.1161,-2.42,0.67,17494458.72,,,18.0701,1.2144,3.3449,16.4175,2865352740.7,,,,,,,
2018-07-12,3814622,4.6948,4.8524,4.6865,4.8275,0.141,3.01,0.81,22121189.87,,,18.6138,1.2509,3.4456,16.9115,2951566893.96,,,,,,,
2018-07-13,2573679,4.8358,4.8607,4.8026,4.8109,-0.0166,-0.34,0.56,14979970.84,,,18.5498,1.2466,3.4337,16.8534,2941424052.4,,,,,,,
2018-07-16,2013229,4.8358,4.8773,4.7944,4.8524,0.0415,0.86,0.44,11752871.3,,,18.7097,1.2574,3.4633,16.9987,2966781156.3,,,,,,,
2018-07-17,1659830,4.8524,4.8773,4.8109,4.8607,0.0083,0.17,0.36,9692612.2,,,18.7417,1.2595,3.4693,17.0277,2971852577.08,,,,,,,
2018-07-18,2085702,4.869,4.9271,4.8358,4.8358,-0.0249,-0.51,0.44,12283450.2,,,18.6457,1.2531,3.4515,16.9406,2956638314.74,,,,,,,
2018-07-19,1777629,4.8109,4.8607,4.7778,4.7944,-0.0414,-0.86,0.38,10319983.51,,,18.4858,1.2423,3.4219,16.7953,2931281210.84,,,,,,,
2018-07-20,1848051,4.8026,4.869,4.7695,4.8524,0.058,1.21,0.4,10762476.86,,,18.7097,1.2574,3.4633,16.9987,2966781156.3,,,,,,,
2018-07-23,2024327,4.8109,4.9354,4.8109,4.9271,0.0747,1.54,0.44,11921971.3,,,18.9975,1.2767,3.5166,17.2602,3012423943.32,,,,,,,
2018-07-24,4001150,4.9685,4.9851,4.9022,4.9685,0.0414,0.84,0.86,23825721.59,,,19.1575,1.2875,3.5462,17.4055,3037781047.22,,,,,,,
2018-07-25,2472716,4.9437,5.0183,4.9271,4.9685,0,0,0.53,14848769.48,,,19.1575,1.2875,3.5462,17.4055,3037781047.22,,,,,,,
2018-07-26,2355972,4.9685,5.01,4.9271,5.01,0.0415,0.84,0.51,14151181.74,,,19.3174,1.2982,3.5758,17.5508,3063138151.12,,,,,,,
2018-07-27,2669196,5.0183,5.0432,4.9354,5.0266,0.0166,0.33,0.57,16059136.21,,,19.3813,1.3025,3.5877,17.6089,3073280992.68,,,,,,,
2018-07-30,3774467,5.0349,5.0349,4.8441,4.8524,-0.1742,-3.47,0.82,22308703.32,,,18.7097,1.2574,3.4633,16.9987,2966781156.3,,,,,,,
2018-07-31,3972090,4.8607,5.0349,4.8275,4.9602,0.1078,2.22,0.86,23665955.09,,,19.1164,1.2847,3.5386,17.3682,3031269833.8,,,,,,,
2018-08-01,19270496,4.9188,5.4579,4.9188,5.1013,0.1411,2.84,4.13,123311836.99,,,19.6598,1.3212,3.6392,17.8619,3117443056.5,,,,,,,
2018-08-02,15703369,4.952,5.0349,4.5953,4.7695,-0.3318,-6.5,3.41,90175089.18,,,18.3811,1.2353,3.4025,16.7002,2914682532.5,,,,,,,
2018-08-03,5285994,4.6865,4.7695,4.6285,4.6285,-0.141,-2.96,1.13,29860674.78,,,17.8377,1.1988,3.3019,16.2064,2828509309.8,,,,,,,
2018-08-06,2683103,4.6119,4.645,4.5372,4.5621,-0.0664,-1.43,0.58,14875128,,,17.582,1.1816,3.2546,15.9741,2787957205,,,,,,,
2018-08-07,3212028,4.5704,4.7197,4.5704,4.6948,0.1327,2.91,0.69,18032192.61,,,18.0934,1.216,3.3493,16.4388,2869061414.6,,,,,,,
2018-08-08,2484000,4.6948,4.728,4.6202,4.6202,-0.0746,-1.59,0.54,14001945,,,17.8057,1.1966,3.296,16.1774,2823440296.7,,,,,,,
2018-08-09,3977333,4.6119,4.7695,4.6119,4.7363,0.1161,2.51,0.87,22678343.38,,,18.2533,1.2267,3.3788,16.584,2894406480.1,,,,,,,
2018-08-10,2685165,4.7363,4.8192,4.728,4.7695,0.0332,0.7,0.58,15413856.65,,,18.3811,1.2353,3.4025,16.7002,2914682532.5,,,,,,,
2018-08-13,17615713,5.0266,5.2506,4.9437,5.2506,0.4811,10.09,3.84,108578666.54,,,20.2352,1.3599,3.7457,18.3847,3208685292.3,,,,,,,
2018-08-14,23198505,5.2589,5.4994,5.1676,5.1842,-0.0664,-1.26,5.05,148528698.98,,,19.9795,1.3427,3.6984,18.1523,3168133187.5,,,,,,,
2018-08-15,9586900,5.093,5.2091,5.0681,5.0847,-0.0995,-1.92,2.08,59205331.62,,,19.5959,1.3169,3.6274,17.8038,3107305030.3,,,,,,,
2018-08-16,11303259,5.0432,5.3086,5.0017,5.0598,-0.0249,-0.49,2.41,70334433.06,,,19.5,1.3105,3.6096,17.7167,3092097991,,,,,,,
2018-08-17,6248796,5.1344,5.1427,4.9354,4.952,-0.1078,-2.13,1.35,37909781.08,,,19.0844,1.2826,3.5327,17.3391,3026200820.7,,,,,,,
2018-08-20,13475770,4.6948,4.9105,4.4626,4.8939,-0.0581,-1.17,2.92,76253234.75,,,18.8607,1.2675,3.4913,17.1358,2990717729,,,,,,,
2018-08-21,6169174,4.7695,4.8773,4.7695,4.8358,-0.0581,-1.19,1.33,35897449.24,,,18.6369,1.2525,3.4499,16.9325,2955234637.3,,,,,,,
2018-08-22,6843767,4.7944,4.9934,4.7695,4.9188,0.083,1.72,1.48,40603479.94,,,18.9566,1.274,3.509,17.2229,3005924768.3,,,,,,,
2018-08-23,4350301,4.8856,5.0017,4.8773,4.9437,0.0249,0.51,0.94,25876777.25,,,19.0525,1.2804,3.5268,17.3101,3021131807.6,,,,,,,
2018-08-24,7924236,4.952,5.2091,4.9437,5.1261,0.1824,3.69,1.67,48554500.74,,,19.7557,1.3277,3.657,17.949,3132650095.8,,,,,,,
2018-08-27,10481137,5.1178,5.3916,5.1178,5.3003,0.1742,3.4,2.28,66986134.56,,,20.427,1.3728,3.7812,18.559,3239099370.9,,,,,,,
2018-08-28,5170034,5.292,5.375,5.2754,5.3086,0.0083,0.16,1.11,33108829.61,,,20.459,1.3749,3.7871,18.588,3244168384,,,,,,,
2018-08-29,4536959,5.3501,5.3501,5.2091,5.2589,-0.0497,-0.94,0.98,28788694.38,,,20.2672,1.3621,3.7516,18.4137,3213754305.4,,,,,,,
2018-08-30,2479584,5.3169,5.3335,5.2091,5.2174,-0.0415,-0.79,0.53,15661098.36,,,20.1074,1.3513,3.7221,18.2685,3188409239.9,,,,,,,
2018-08-31,3379044,5.234,5.2423,5.1178,5.151,-0.0664,-1.27,0.73,21074123.47,,,19.8516,1.3341,3.6747,18.0362,3147857135.1,,,,,,,
2018-09-03,4573621,5.151,5.3418,5.1344,5.3335,0.1825,3.54,0.99,28984906.54,,,20.5549,1.3814,3.8049,18.6751,3259375423.3,,,,,,,
2018-09-04,4142692,5.3418,5.3501,5.2672,5.3086,-0.0249,-0.47,0.89,26542012.76,,,20.459,1.3749,3.7871,18.588,3244168384,,,,,,,
2018-09-05,2738986,5.3086,5.3252,5.2091,5.2257,-0.0829,-1.56,0.6,17383569.96,,,20.1393,1.3535,3.728,18.2976,3193478253,,,,,,,
2018-09-06,2343200,5.2008,5.3252,5.1842,5.2754,0.0497,0.95,0.51,14835460,,,20.3311,1.3664,3.7635,18.4718,3223892331.6,,,,,,,
2018-09-07,3776691,5.2423,5.3667,5.2423,5.3501,0.0747,1.42,0.82,24291481.23,,,20.6189,1.3857,3.8167,18.7332,3269513449.5,,,,,,,
2018-09-10,2358729,5.3086,5.3501,5.2174,5.2672,-0.0829,-1.55,0.5,15006645.68,,,20.2992,1.3642,3.7576,18.4428,3218823318.5,,,,,,,
2018-09-11,6705322,5.234,5.4662,5.2257,5.4579,0.1907,3.62,1.43,43621550.96,,,21.0344,1.4136,3.8937,19.1108,3335410619.8,,,,,,,
2018-09-12,4949412,5.433,5.5492,5.4247,5.5409,0.083,1.52,1.07,32780708.36,,,21.3541,1.4351,3.9528,19.4012,3386100750.8,,,,,,,
2018-09-13,5646887,5.5326,5.6487,5.4496,5.6487,0.1078,1.95,1.21,38047001.85,,,21.7697,1.463,4.0298,19.7788,3451997921.1,,,,,,,
2018-09-14,4248882,5.6238,5.6985,5.5492,5.5575,-0.0912,-1.61,0.92,28740165.08,,,21.418,1.4394,3.9647,19.4593,3396238777,,,,,,,
2018-09-17,3864392,5.5575,5.7068,5.5326,5.6404,0.0829,1.49,0.83,26234486.93,,,21.7377,1.4609,4.0238,19.7498,3446928908,,,,,,,
2018-09-18,4412685,5.6238,5.7482,5.6238,5.7482,0.1078,1.91,0.95,30328094.8,,,22.1533,1.4888,4.1008,20.1273,3512826078.3,,,,,,,
2018-09-19,5938290,5.7565,5.9058,5.6902,5.8893,0.1411,2.45,1.28,41565299.36,,,22.6967,1.5253,4.2014,20.6211,3598999301,,,,,,,
2018-09-20,4330073,5.881,5.9141,5.7317,5.7731,-0.1162,-1.97,0.94,30169446.45,,,22.2492,1.4953,4.1185,20.2145,3528033117.6,,,,,,,
2018-09-21,3570188,5.8312,5.881,5.7565,5.7814,0.0083,0.14,0.78,24950493.44,,,22.2811,1.4974,4.1244,20.2435,3533102130.7,,,,,,,
2018-09-25,2060840,5.7565,5.8312,5.6902,5.7814,0,0,0.45,14340750.6,,,22.2811,1.4974,4.1244,20.2435,3533102130.7,,,,,,,
2018-09-26,5135006,5.7648,5.9722,5.7648,5.9473,0.1659,2.87,1.1,36449031.38,,,22.9205,1.5404,4.2428,20.8244,3634482392.7,,,,,,,
2018-09-27,2182900,5.9307,5.9556,5.8727,5.9141,-0.0332,-0.56,0.48,15553726.2,,,22.7926,1.5318,4.2191,20.7082,3614206340.3,,,,,,,
2018-09-28,2713792,5.9058,5.9971,5.8644,5.9888,0.0747,1.26,0.58,19446648.56,,,23.0803,1.5511,4.2724,20.9696,3659827458.2,,,,,,,
2018-10-08,4322373,5.881,5.9473,5.6902,5.8727,-0.1161,-1.94,0.93,30512283.29,,,20.2621,1.4883,4.0078,24.1804,3588861274.8,,,,,,,
2018-10-09,2206320,5.8561,5.8893,5.8063,5.8893,0.0166,0.28,0.47,15568138.4,,,20.3193,1.4925,4.0192,24.2487,3598999301,,,,,,,
2018-10-10,2476625,5.8893,5.9058,5.7731,5.7731,-0.1162,-1.97,0.53,17478271.2,,,19.9187,1.4631,3.9399,23.7705,3528033117.6,,,,,,,
2018-10-11,7280367,5.6736,5.7234,5.4496,5.4496,-0.3235,-5.6,1.57,48995961.91,,,18.8025,1.3811,3.7191,22.4386,3330341606.7,,,,,,,
2018-10-12,4649265,5.5243,5.6072,5.3086,5.5575,0.1079,1.98,1.01,30727593.3,,,19.1746,1.4084,3.7927,22.8825,3396238777,,,,,,,
2018-10-15,5168689,5.5823,5.9141,5.5575,5.7731,0.2156,3.88,1.13,36092161.03,,,19.9187,1.4631,3.9399,23.7705,3528033117.6,,,,,,,
2018-10-16,3695694,5.7814,5.7814,5.4911,5.5492,-0.2239,-3.88,0.8,25164288.14,,,19.146,1.4063,3.7871,22.8484,3391169763.9,,,,,,,
2018-10-17,3403966,5.6653,5.6653,5.3584,5.5243,-0.0249,-0.45,0.74,22570787.68,,,19.0601,1.4,3.7701,22.7459,3375962724.6,,,,,,,
2018-10-18,1974100,5.5243,5.5243,5.3335,5.3584,-0.1659,-3,0.43,12885603,,,18.4877,1.358,3.6569,22.0629,3274582462.6,,,,,,,
2018-10-19,2336511,5.3501,5.4911,5.2754,5.4662,0.1078,2.01,0.51,15329967.76,,,18.8598,1.3853,3.7305,22.5069,3340479632.9,,,,,,,
2018-10-22,4646234,5.4745,5.7482,5.4745,5.7151,0.2489,4.55,1.01,31569084.52,,,19.7183,1.4483,3.9003,23.5315,3492550025.9,,,,,,,
2018-10-23,3122178,5.6985,5.8395,5.6238,5.6321,-0.083,-1.45,0.67,21523667.04,,,19.4322,1.4273,3.8437,23.1899,3441859894.9,,,,,,,
2018-10-24,2961000,5.6404,5.798,5.5989,5.6404,0.0083,0.15,0.64,20276431.05,,,19.4608,1.4294,3.8493,23.2241,3446928908,,,,,,,
2018-10-25,2508928,5.4745,5.6736,5.433,5.6736,0.0332,0.59,0.54,16825058.57,,,19.5753,1.4378,3.872,23.3607,3467204960.4,,,,,,,
2018-10-26,1831172,5.6819,5.7234,5.5741,5.6155,-0.0581,-1.02,0.4,12461435.28,,,19.3749,1.4231,3.8324,23.1216,3431721868.7,,,,,,,
2018-10-29,2082969,5.6155,5.6653,5.4994,5.5326,-0.0829,-1.48,0.45,14073181.93,,,19.0887,1.4021,3.7758,22.7801,3381031737.7,,,,,,,
2018-10-30,7198984,5.5906,5.8312,5.5409,5.8063,0.2737,4.95,1.55,49762988.51,,,20.0332,1.4715,3.9626,23.9071,3548309170,,,,,,,
2018-10-31,3287681,5.8478,5.8561,5.7399,5.798,-0.0083,-0.14,0.71,22917953.86,,,20.0045,1.4694,3.9569,23.873,3543240156.9,,,,,,,
2018-11-01,4434031,5.8395,5.9224,5.7648,5.7814,-0.0166,-0.29,0.95,31228998.44,,,19.9473,1.4652,3.9456,23.8047,3533102130.7,,,,,,,
2018-11-02,5449215,5.8229,6.0303,5.8229,5.9639,0.1825,3.16,1.18,39040736.67,,,20.5769,1.5114,4.0701,24.556,3644620418.9,,,,,,,
2018-11-05,4907742,5.9722,6.1381,5.9141,6.0469,0.083,1.39,1.06,35729222.58,,,20.8631,1.5324,4.1267,24.8976,3695310549.9,,,,,,,
2018-11-06,3069498,6.0054,6.0551,5.9224,6.0469,0,0,0.66,22118727.64,,,20.8631,1.5324,4.1267,24.8976,3695310549.9,,,,,,,
2018-11-07,2937419,6.0469,6.1132,6.0054,6.0469,0,0,0.63,21436488.11,,,20.8631,1.5324,4.1267,24.8976,3695310549.9,,,,,,,
2018-11-08,3473300,6.0966,6.1215,5.8975,5.9224,-0.1245,-2.06,0.75,25106821.4,,,20.4338,1.5009,4.0418,24.3853,3619275353.4,,,,,,,
2018-11-09,3064964,5.939,6.08,5.8893,6.0634,0.141,2.38,0.66,22220242.44,,,20.9203,1.5366,4.138,24.9659,3705448576.1,,,,,,,
2018-11-12,3005324,6.0634,6.1298,6.022,6.1215,0.0581,0.96,0.65,22053591.08,,,21.1207,1.5513,4.1777,25.205,3740931667.8,,,,,,,
2018-11-13,4191726,6.1132,6.163,6.0386,6.1464,0.0249,0.41,0.9,30880994.47,,,21.2065,1.5577,4.1947,25.3074,3756138707.1,,,,,,,
2018-11-14,3346805,6.1796,6.2045,6.022,6.0386,-0.1078,-1.75,0.73,24656601.88,,,20.8345,1.5303,4.1211,24.8634,3690241536.8,,,,,,,
2018-11-15,3372346,6.08,6.1464,6.0386,6.1215,0.0829,1.37,0.71,24839801.44,,,21.1207,1.5513,4.1777,25.205,3740931667.8,,,,,,,
2018-11-16,4218356,6.1298,6.1381,5.9971,6.0054,-0.1161,-1.9,0.91,30851581.79,,,20.72,1.5219,4.0984,24.7268,3669965484.4,,,,,,,
2018-11-19,4035521,6.0386,6.0634,5.9058,5.9971,-0.0083,-0.14,0.88,29031342.45,,,20.6914,1.5198,4.0928,24.6927,3664896471.3,,,,,,,
2018-11-20,4957266,5.9556,6.0137,5.7897,5.8063,-0.1908,-3.18,1.08,35303384.62,,,20.0332,1.4715,3.9626,23.9071,3548309170,,,,,,,
2018-11-21,3338867,5.7814,5.8395,5.7399,5.8146,0.0083,0.14,0.72,23331366.32,,,20.0618,1.4736,3.9682,23.9413,3553378183.1,,,,,,,
2018-11-22,1694160,5.8727,5.8893,5.8146,5.8478,0.0332,0.57,0.37,11946896.8,,,20.1762,1.482,3.9909,24.0779,3573654235.5,,,,,,,
2018-11-23,4189999,5.8478,5.8893,5.6487,5.7317,-0.1161,-1.99,0.91,28957663.68,,,19.7756,1.4525,3.9116,23.5998,3502688052.1,,,,,,,
2018-11-26,2076214,5.7234,5.7482,5.6736,5.7151,-0.0166,-0.29,0.45,14277019.9,,,19.7183,1.4483,3.9003,23.5315,3492550025.9,,,,,,,
2018-11-27,2329238,5.8063,5.8063,5.7234,5.798,0.0829,1.45,0.5,16230150.49,,,20.0045,1.4694,3.9569,23.873,3543240156.9,,,,,,,
2018-11-28,2037691,5.8561,5.8561,5.7565,5.8063,0.0083,0.14,0.44,14265147.54,,,20.0332,1.4715,3.9626,23.9071,3548309170,,,,,,,
2018-11-29,2552453,5.8478,5.8893,5.7731,5.8312,0.0249,0.43,0.55,17914914.31,,,20.119,1.4778,3.9795,24.0096,3563516209.3,,,,,,,
2018-11-30,2431528,5.8395,5.9224,5.7731,5.9141,0.0829,1.42,0.52,17177350.11,,,20.4052,1.4988,4.0361,24.3511,3614206340.3,,,,,,,
2018-12-03,3261805,6.0054,6.0717,5.9473,6.0303,0.1162,1.96,0.71,23671990.27,,,20.8059,1.5282,4.1154,24.8293,3685172523.7,,,,,,,
2018-12-04,2054899,6.0386,6.0551,5.939,5.9722,-0.0581,-0.96,0.44,14833652.81,,,20.6055,1.5135,4.0758,24.5902,3649689432,,,,,,,
2018-12-05,2338300,5.9307,5.9307,5.8727,5.9058,-0.0664,-1.11,0.51,16615723,,,20.3766,1.4967,4.0305,24.317,3609137327.2,,,,,,,
2018-12-06,1642374,5.9307,5.9307,5.8312,5.8561,-0.0497,-0.84,0.35,11604380.47,,,20.2049,1.4841,3.9965,24.1121,3578723248.6,,,,,,,
2018-12-07,996181,5.881,5.881,5.8063,5.8644,0.0083,0.14,0.21,7015979.32,,,20.2335,1.4862,4.0022,24.1462,3583792261.7,,,,,,,
2018-12-10,2458320,5.8395,5.881,5.7234,5.8146,-0.0498,-0.85,0.53,17199337.4,,,20.0618,1.4736,3.9682,23.9413,3553378183.1,,,,,,,
2018-12-11,743091,5.798,5.8727,5.7897,5.8312,0.0166,0.29,0.16,5232925.69,,,20.119,1.4778,3.9795,24.0096,3563516209.3,,,,,,,
2018-12-12,2731880,5.881,6.0386,5.8395,5.9639,0.1327,2.28,0.59,19647234.34,,,20.5769,1.5114,4.0701,24.556,3644620418.9,,,,,,,
2018-12-13,1882400,5.9971,6.022,5.9141,5.9805,0.0166,0.28,0.41,13587161.07,,,20.6341,1.5156,4.0814,24.6244,3654758445.1,,,,,,,
2018-12-14,1612096,5.9805,6.0054,5.8975,5.9141,-0.0664,-1.11,0.35,11571777.13,,,20.4052,1.4988,4.0361,24.3511,3614206340.3,,,,,,,
2018-12-17,1996717,5.9224,5.9888,5.8561,5.9224,0.0083,0.14,0.43,14257173.62,,,20.4338,1.5009,4.0418,24.3853,3619275353.4,,,,,,,
2018-12-18,1279620,5.9224,5.9307,5.8561,5.8893,-0.0331,-0.56,0.28,9071264.14,,,20.3193,1.4925,4.0192,24.2487,3598999301,,,,,,,
2018-12-19,1409103,5.8975,5.9224,5.8478,5.8975,0.0082,0.14,0.3,10002730.25,,,20.348,1.4946,4.0248,24.2828,3604068314.1,,,,,,,
2018-12-20,2660484,5.8975,5.939,5.8478,5.939,0.0415,0.7,0.58,18925999.16,,,20.4911,1.5051,4.0531,24.4536,3629413379.6,,,,,,,
2018-12-21,2095180,5.939,5.9473,5.7814,5.798,-0.141,-2.37,0.45,14750640.6,,,20.0045,1.4694,3.9569,23.873,3543240156.9,,,,,,,
2018-12-24,2911840,5.7731,5.9805,5.7565,5.9307,0.1327,2.29,0.63,20702938.6,,,20.4624,1.503,4.0475,24.4194,3624344366.5,,,,,,,
2018-12-25,2319915,5.8893,5.939,5.7897,5.9141,-0.0166,-0.28,0.5,16414408.75,,,20.4052,1.4988,4.0361,24.3511,3614206340.3,,,,,,,
2018-12-26,2864775,5.9141,5.9888,5.9058,5.9805,0.0664,1.12,0.62,20567806.95,,,20.6341,1.5156,4.0814,24.6244,3654758445.1,,,,,,,
2018-12-27,1938000,6.022,6.0386,5.8727,5.8727,-0.1078,-1.8,0.42,13908483.37,,,20.2621,1.4883,4.0078,24.1804,3588861274.8,,,,,,,
2018-12-28,1990179,5.8644,5.9888,5.8644,5.9556,0.0829,1.41,0.42,14277013.29,,,20.5483,1.5093,4.0645,24.5219,3639551405.8,,,,,,,
2019-01-02,2028820,5.9473,5.9556,5.8063,5.8644,-0.0912,-1.53,0.44,14331768,,,18.7847,1.4838,4.0118,23.7374,3583792261.7,,,,,,,
2019-01-03,2550896,5.8312,5.8975,5.7731,5.8063,-0.0581,-0.99,0.56,17901740,,,18.5987,1.4691,3.9721,23.5024,3548309170,,,,,,,
2019-01-04,2777406,5.7814,5.881,5.7648,5.8727,0.0664,1.14,0.6,19546669,,,18.8113,1.4859,4.0175,23.771,3588861274.8,,,,,,,
2019-01-07,2290025,5.8727,5.9307,5.8644,5.9058,0.0331,0.56,0.5,16310424,,,18.9176,1.4943,4.0402,23.9053,3609137327.2,,,,,,,
2019-01-08,1935786,5.9141,5.9556,5.8146,5.8395,-0.0663,-1.12,0.42,13701883,,,18.705,1.4775,3.9948,23.6367,3568585222.4,,,,,,,
2019-01-09,2201868,5.8478,5.9141,5.8395,5.8478,0.0083,0.14,0.47,15597395,,,18.7316,1.4796,4.0005,23.6703,3573654235.5,,,,,,,
2019-01-10,2666220,5.8312,5.8561,5.7068,5.7399,-0.1079,-1.85,0.55,18598761,,,18.3862,1.4524,3.9267,23.2338,3507757065.2,,,,,,,
2019-01-11,2171391,5.7068,5.881,5.7068,5.8727,0.1328,2.31,0.46,15220048,,,18.8113,1.4859,4.0175,23.771,3588861274.8,,,,,,,
2019-01-14,1341887,5.8727,5.8727,5.7897,5.8063,-0.0664,-1.13,0.29,9418942,,,18.5987,1.4691,3.9721,23.5024,3548309170,,,,,,,
2019-01-15,2252615,5.8146,5.9141,5.7731,5.8727,0.0664,1.14,0.49,15918554,,,18.8113,1.4859,4.0175,23.771,3588861274.8,,,,,,,
2019-01-16,1309954,5.8975,5.9058,5.8312,5.8478,-0.0249,-0.42,0.28,9271436,,,18.7316,1.4796,4.0005,23.6703,3573654235.5,,,,,,,
2019-01-17,1521872,5.8893,5.8893,5.7731,5.7814,-0.0664,-1.14,0.33,10648168,,,18.519,1.4628,3.9551,23.4017,3533102130.7,,,,,,,
2019-01-18,1610580,5.8229,5.8644,5.7731,5.8478,0.0664,1.15,0.35,11294102,,,18.7316,1.4796,4.0005,23.6703,3573654235.5,,,,,,,
2019-01-21,1288400,5.8644,5.8644,5.7897,5.8146,-0.0332,-0.57,0.28,9052142,,,18.6253,1.4712,3.9778,23.536,3553378183.1,,,,,,,
2019-01-22,1287400,5.8229,5.8395,5.7731,5.798,-0.0166,-0.29,0.28,9007669,,,18.5722,1.467,3.9664,23.4688,3543240156.9,,,,,,,
2019-01-23,1748260,5.7814,5.7814,5.7068,5.7151,-0.0829,-1.43,0.37,12075161,,,18.3065,1.4461,3.9097,23.1331,3492550025.9,,,,,,,
2019-01-24,1894346,5.7151,5.8312,5.7068,5.7897,0.0746,1.31,0.41,13203089,,,18.5456,1.4649,3.9608,23.4352,3538171143.8,,,,,,,
2019-01-25,1324560,5.7648,5.8146,5.7399,5.7814,-0.0083,-0.14,0.29,9228390,,,18.519,1.4628,3.9551,23.4017,3533102130.7,,,,,,,
2019-01-28,2898222,5.7814,5.939,5.7814,5.8063,0.0249,0.43,0.63,20432551,,,18.5987,1.4691,3.9721,23.5024,3548309170,,,,,,,
2019-01-29,2094601,5.8063,5.8229,5.6321,5.7648,-0.0415,-0.71,0.45,14455396,,,18.4659,1.4586,3.9437,23.3345,3522964104.5,,,,,,,
2019-01-30,1210078,5.7234,5.7565,5.6653,5.6736,-0.0912,-1.58,0.26,8331120,,,18.1736,1.4356,3.8813,22.9652,3467204960.4,,,,,,,
2019-01-31,3165826,5.7068,5.7068,5.3916,5.4082,-0.2654,-4.68,0.68,21103091,,,17.3234,1.3684,3.6997,21.8908,3304996541.2,,,,,,,
2019-02-01,3776827,5.4911,5.657,5.4247,5.657,0.2488,4.6,0.77,25383555,,,18.1205,1.4314,3.87,22.898,3457066934.2,,,,,,,
2019-02-11,1880731,5.5989,5.7482,5.5906,5.7399,0.0829,1.47,0.41,12901256,,,18.3862,1.4524,3.9267,23.2338,3507757065.2,,,,,,,
2019-02-12,2365459,5.7317,5.8395,5.7151,5.798,0.0581,1.01,0.51,16476295,,,18.5722,1.467,3.9664,23.4688,3543240156.9,,,,,,,
2019-02-13,2674551,5.8312,5.881,5.7731,5.8727,0.0747,1.29,0.58,18840618,,,18.8113,1.4859,4.0175,23.771,3588861274.8,,,,,,,
2019-02-14,2044700,5.881,5.881,5.8312,5.8561,-0.0166,-0.28,0.44,14449830,,,18.7581,1.4817,4.0062,23.7038,3578723248.6,,,,,,,
2019-02-15,2980893,5.8478,5.8893,5.7565,5.7897,-0.0664,-1.13,0.64,20931522,,,18.5456,1.4649,3.9608,23.4352,3538171143.8,,,,,,,
2019-02-18,4700588,5.8146,5.939,5.8063,5.9141,0.1244,2.15,1.01,33393526,,,18.9441,1.4964,4.0459,23.9389,3614206340.3,,,,,,,
2019-02-19,5087729,5.9473,5.9971,5.8478,5.9224,0.0083,0.14,1.11,36311314,,,18.9707,1.4985,4.0516,23.9724,3619275353.4,,,,,,,
2019-02-20,2539566,5.9224,5.9556,5.8478,5.9224,0,0,0.54,18043601,,,18.9707,1.4985,4.0516,23.9724,3619275353.4,,,,,,,
2019-02-21,8003411,5.9141,6.0303,5.8975,5.9556,0.0332,0.56,1.74,57579622,,,19.077,1.5069,4.0743,24.1067,3639551405.8,,,,,,,
2019-02-22,11070925,5.9556,6.2625,5.8727,6.1298,0.1742,2.92,2.4,80378938,,,19.6349,1.551,4.1934,24.8118,3746000680.9,,,,,,,
2019-02-25,14374645,6.1879,6.3786,6.1049,6.3455,0.2157,3.52,3.12,108659903,,,20.3258,1.6056,4.341,25.6848,3877795021.5,,,,,,,
2019-02-26,10201214,6.3455,6.3786,6.2045,6.221,-0.1245,-1.96,2.19,77208301,,,19.9272,1.5741,4.2558,25.1811,3801759825,,,,,,,
2019-02-27,5718106,6.2542,6.2625,6.0966,6.1381,-0.0829,-1.33,1.24,42673000,,,19.6615,1.5531,4.1991,24.8454,3751069694,,,,,,,
2019-02-28,4278962,6.1464,6.221,6.0883,6.1547,0.0166,0.27,0.92,31758192,,,19.7147,1.5573,4.2104,24.9125,3761207720.2,,,,,,,
2019-03-01,4054020,6.1796,6.2045,6.08,6.1547,0,0,0.88,29988165,,,19.7147,1.5573,4.2104,24.9125,3761207720.2,,,,,,,
2019-03-04,7430531,6.1879,6.2874,6.163,6.1962,0.0415,0.67,1.62,55804526,,,19.8475,1.5678,4.2388,25.0804,3786552785.7,,,,,,,
2019-03-05,7998793,6.1962,6.3952,6.1713,6.3869,0.1907,3.08,1.73,60699544,,,20.4586,1.6161,4.3693,25.8526,3903140087,,,,,,,
2019-03-06,10679131,6.4865,6.6026,6.3703,6.5611,0.1742,2.73,2.31,83689525,,,21.0166,1.6601,4.4885,26.5577,4009589362.1,,,,,,,
2019-03-07,9504194,6.5445,6.6275,6.4367,6.5528,-0.0083,-0.13,2.07,74918645,,,20.99,1.658,4.4828,26.5241,4004520349,,,,,,,
2019-03-08,11544913,6.4699,6.4699,6.2459,6.304,-0.2488,-3.8,2.5,88782004,,,20.1929,1.5951,4.3126,25.5169,3852449956,,,,,,,
2019-03-11,11643502,6.304,6.5114,6.304,6.5114,0.2074,3.29,2.52,90161504,,,20.8571,1.6475,4.4544,26.3563,3979175283.5,,,,,,,
2019-03-12,14888752,6.5611,6.6109,6.3538,6.4782,-0.0332,-0.51,3.25,116800658,,,20.7509,1.6391,4.4317,26.222,3958899231.1,,,,,,,
2019-03-13,22937754,6.5114,7.009,6.3869,6.868,0.3898,6.02,4.97,185962500,,,21.9996,1.7378,4.6984,27.8,4197142846.8,,,,,,,
2019-03-14,12846707,6.727,6.9261,6.6109,6.7519,-0.1161,-1.69,2.79,104221157,,,21.6277,1.7084,4.619,27.3299,4126176663.4,,,,,,,
2019-03-15,10708358,6.81,6.9427,6.7021,6.9261,0.1742,2.58,2.3,88165769,,,22.1856,1.7525,4.7382,28.035,4232625938.5,,,,,,,
2019-03-18,20020808,6.9012,7.233,6.868,7.0339,0.1078,1.56,4.35,170352295,,,22.531,1.7798,4.8119,28.4715,4298523108.8,,,,,,,
2019-03-19,10211528,7.0339,7.0754,6.81,6.8929,-0.141,-2,2.21,84940958,,,22.0793,1.7441,4.7155,27.9007,4212349886.1,,,,,,,
2019-03-20,6853846,6.9261,6.951,6.7685,6.9095,0.0166,0.24,1.48,56740036,,,22.1325,1.7483,4.7268,27.9678,4222487912.3,,,,,,,
2019-03-21,6438176,6.9095,6.9427,6.8349,6.9178,0.0083,0.12,1.39,53555286,,,22.1591,1.7504,4.7325,28.0014,4227556925.4,,,,,,,
2019-03-22,5890241,6.9178,7.0505,6.8431,6.9759,0.0581,0.84,1.27,49396418,,,22.345,1.7651,4.7722,28.2364,4263040017.1,,,,,,,
2019-03-25,5750288,6.8183,6.9344,6.7851,6.8266,-0.1493,-2.14,1.25,47583626,,,21.8668,1.7273,4.6701,27.6321,4171797781.3,,,,,,,
2019-03-26,6065940,6.8514,6.8929,6.586,6.6192,-0.2074,-3.04,1.32,49099572,,,21.2025,1.6748,4.5282,26.7927,4045072453.8,,,,,,,
2019-03-27,5633499,6.6607,6.7021,6.5114,6.6773,0.0581,0.88,1.22,44969066,,,21.3885,1.6895,4.5679,27.0278,4080555545.5,,,,,,,
2019-03-28,6966782,6.6773,6.9842,6.5362,6.7685,0.0912,1.37,1.51,57320344,,,21.6808,1.7126,4.6304,27.3971,4136314689.6,,,,,,,
2019-03-29,5939339,6.7436,6.9261,6.6524,6.8846,0.1161,1.72,1.28,48935587,,,22.0528,1.742,4.7098,27.8671,4207280873,,,,,,,
2019-04-01,12794322,6.8846,7.1832,6.8846,7.1003,0.2157,3.13,2.78,108791022,,,21.9874,1.7796,4.7169,25.6571,4339075213.6,,,,,,,
2019-04-02,11913060,7.0754,7.2745,7.0256,7.2164,0.1161,1.64,2.57,102682218,,,22.347,1.8087,4.794,26.0767,4410041397,,,,,,,
2019-04-03,5649011,7.1749,7.2662,7.1169,7.2164,0,0,1.21,49029444,,,22.347,1.8087,4.794,26.0767,4410041397,,,,,,,
2019-04-04,6884499,7.2081,7.2662,7.0837,7.1749,-0.0415,-0.58,1.49,59249115,,,22.2186,1.7983,4.7665,25.9269,4384696331.5,,,,,,,
2019-04-08,7097582,7.1252,7.2579,6.9261,7.0588,-0.1161,-1.62,1.52,60420412,,,21.859,1.7692,4.6893,25.5073,4313730148.1,,,,,,,
2019-04-09,3571735,7.0588,7.1169,6.9676,7.1086,0.0498,0.71,0.76,30385008,,,22.0131,1.7817,4.7224,25.6871,4344144226.7,,,,,,,
2019-04-10,3629142,7.0837,7.1086,7.009,7.1003,-0.0083,-0.12,0.78,30902990,,,21.9874,1.7796,4.7169,25.6571,4339075213.6,,,,,,,
2019-04-11,5473368,7.0505,7.0754,6.8349,6.8846,-0.2157,-3.04,1.19,45745808,,,21.3196,1.7255,4.5736,24.8778,4207280873,,,,,,,
2019-04-12,2352315,6.8431,6.951,6.8349,6.9427,0.0581,0.84,0.51,19555842,,,21.4994,1.7401,4.6122,25.0876,4242763964.7,,,,,,,
2019-04-15,4535836,6.9676,7.0837,6.8846,6.9427,0,0,0.99,38297501,,,21.4994,1.7401,4.6122,25.0876,4242763964.7,,,,,,,
2019-04-16,4008563,6.9095,7.0422,6.8431,7.0173,0.0746,1.07,0.87,33728803,,,21.7305,1.7588,4.6618,25.3574,4288385082.6,,,,,,,
2019-04-17,4515134,7.0339,7.092,6.9261,7.009,-0.0083,-0.12,0.98,38291347,,,21.7048,1.7567,4.6563,25.3274,4283316069.5,,,,,,,
2019-04-18,2664082,7.0422,7.0422,6.8929,6.8929,-0.1161,-1.66,0.58,22338006,,,21.3452,1.7276,4.5791,24.9078,4212349886.1,,,,,,,
2019-04-19,2547267,6.8846,6.9593,6.8846,6.9593,0.0664,0.96,0.53,21261816,,,21.5507,1.7442,4.6232,25.1476,4252901990.9,,,,,,,
2019-04-22,4971951,6.9842,7.0007,6.7602,6.8017,-0.1576,-2.26,1.08,40987537,,,21.0627,1.7047,4.5185,24.5781,4156590742,,,,,,,
2019-04-23,3411946,6.8782,6.8867,6.7252,6.7422,-0.0595,-0.87,0.74,27208713,,,20.3692,1.7189,4.3697,23.7688,4019727388.3,,,,,,,
2019-04-24,3447110,6.7422,6.8952,6.6911,6.8782,0.136,2.02,0.75,27571882,,,20.7801,1.7536,4.4579,24.2484,4100831597.9,,,,,,,
2019-04-25,3410200,6.8272,6.8442,6.6061,6.6231,-0.2551,-3.71,0.74,26978717,,,20.0096,1.6885,4.2926,23.3492,3948761204.9,,,,,,,
2019-04-26,2448802,6.5466,6.6996,6.5466,6.6146,-0.0085,-0.13,0.53,19089017,,,19.9839,1.6864,4.2871,23.3192,3943692191.8,,,,,,,
2019-04-29,2666016,6.6146,6.6996,6.4106,6.4531,-0.1615,-2.44,0.57,20497615,,,19.4958,1.6452,4.1824,22.7497,3847380942.9,,,,,,,
2019-04-30,2063293,6.4446,6.6401,6.4446,6.5041,0.051,0.79,0.45,15862239,,,19.6499,1.6582,4.2154,22.9296,3877795021.5,,,,,,,
2019-05-06,4852460,6.3766,6.3766,5.994,5.994,-0.5101,-7.84,1.05,35137022,,,18.1088,1.5281,3.8848,21.1312,3573654235.5,,,,,,,
2019-05-07,1981400,5.9515,6.1385,5.9515,6.0875,0.0935,1.56,0.43,14160361,,,18.3913,1.552,3.9454,21.4609,3629413379.6,,,,,,,
2019-05-08,1604120,6.0025,6.2405,5.994,6.113,0.0255,0.42,0.34,11618842,,,18.4684,1.5585,3.962,21.5508,3644620418.9,,,,,,,
2019-05-09,1058522,6.113,6.181,6.0875,6.1045,-0.0085,-0.14,0.23,7643433,,,18.4427,1.5563,3.9564,21.5208,3639551405.8,,,,,,,
2019-05-10,3366360,6.1895,6.3596,6.011,6.3596,0.2551,4.18,0.7,24632037,,,19.2133,1.6214,4.1218,22.42,3791621798.8,,,,,,,
2019-05-13,2330787,6.3341,6.3341,6.1895,6.2065,-0.1531,-2.41,0.5,17108803,,,18.7509,1.5823,4.0226,21.8805,3700379563,,,,,,,
2019-05-14,2735570,6.113,6.2405,6.1045,6.147,-0.0595,-0.96,0.58,19819808,,,18.5711,1.5672,3.984,21.6707,3664896471.3,,,,,,,
2019-05-15,1610005,6.1725,6.249,6.164,6.232,0.085,1.38,0.34,11756908,,,18.828,1.5888,4.0391,21.9704,3715586602.3,,,,,,,
2019-05-16,3121222,6.2405,6.4531,6.181,6.4276,0.1956,3.14,0.67,23301311,,,19.4188,1.6387,4.1658,22.6598,3832173903.6,,,,,,,
2019-05-17,1858500,6.4361,6.4361,6.1725,6.215,-0.2126,-3.31,0.4,13790086,,,18.7766,1.5845,4.0281,21.9105,3705448576.1,,,,,,,
2019-05-20,1666600,6.1555,6.2575,6.113,6.2405,0.0255,0.41,0.36,12116229,,,18.8537,1.591,4.0446,22.0004,3720655615.4,,,,,,,
2019-05-21,1148807,6.232,6.3341,6.2065,6.3086,0.0681,1.09,0.25,8500076,,,19.0592,1.6083,4.0887,22.2402,3761207720.2,,,,,,,
2019-05-22,1011700,6.3086,6.3596,6.266,6.3341,0.0255,0.4,0.22,7510471,,,19.1362,1.6149,4.1052,22.3301,3776414759.5,,,,,,,
2019-05-23,998000,6.3171,6.3171,6.164,6.164,-0.1701,-2.69,0.21,7333688,,,18.6225,1.5715,3.995,21.7306,3675034497.5,,,,,,,
2019-05-24,1028840,6.164,6.2915,6.164,6.2915,0.1275,2.07,0.21,7539795,,,19.0078,1.604,4.0777,22.1802,3751069694,,,,,,,
2019-05-27,3236100,6.3086,6.4276,6.164,6.3936,0.1021,1.62,0.7,23984025,,,19.316,1.63,4.1438,22.5399,3811897851.2,,,,,,,
2019-05-28,1861165,6.3851,6.4276,6.3171,6.3766,-0.017,-0.27,0.4,13999797,,,19.2647,1.6257,4.1328,22.48,3801759825,,,,,,,
2019-05-29,1060800,6.3596,6.4021,6.3171,6.3426,-0.034,-0.53,0.23,7942643,,,19.1619,1.617,4.1107,22.3601,3781483772.6,,,,,,,
2019-05-30,1325900,6.3426,6.3596,6.249,6.283,-0.0596,-0.94,0.28,9820736,,,18.9821,1.6018,4.0722,22.1502,3746000680.9,,,,,,,
2019-05-31,1963147,6.3341,6.3511,6.249,6.3256,0.0426,0.68,0.42,14548202,,,19.1105,1.6127,4.0997,22.3001,3771345746.4,,,,,,,
2019-06-03,1928560,6.3001,6.3936,6.249,6.3086,-0.017,-0.27,0.42,14332217,,,19.0592,1.6083,4.0887,22.2402,3761207720.2,,,,,,,
2019-06-04,1131600,6.3086,6.3341,6.266,6.2915,-0.0171,-0.27,0.25,8381759,,,19.0078,1.604,4.0777,22.1802,3751069694,,,,,,,
2019-06-05,1579860,6.3256,6.3851,6.249,6.3001,0.0086,0.14,0.34,11668469,,,19.0335,1.6062,4.0832,22.2102,3756138707.1,,,,,,,
2019-06-06,2567400,6.3001,6.3086,6.1895,6.232,-0.0681,-1.08,0.56,18844542,,,18.828,1.5888,4.0391,21.9704,3715586602.3,,,,,,,
2019-06-10,775453,6.2405,6.2745,6.2065,6.232,0,0,0.17,5695170,,,18.828,1.5888,4.0391,21.9704,3715586602.3,,,,,,,
2019-06-11,2963138,6.266,6.5806,6.2405,6.4956,0.2636,4.23,0.64,22438003,,,19.6243,1.656,4.2099,22.8996,3872726008.4,,,,,,,
2019-06-12,3668767,6.4956,6.6231,6.4786,6.5806,0.085,1.31,0.8,28361587,,,19.8811,1.6777,4.265,23.1993,3923416139.4,,,,,,,
2019-06-13,4421606,6.6146,6.8272,6.5806,6.7847,0.2041,3.1,0.96,35032433,,,20.4976,1.7297,4.3973,23.9187,4045072453.8,,,,,,,
2019-06-14,4117002,6.7932,6.8442,6.6231,6.7082,-0.0765,-1.13,0.9,32797452,,,20.2664,1.7102,4.3477,23.6489,3999451335.9,,,,,,,
2019-06-17,2877125,6.7677,6.8272,6.6826,6.7762,0.068,1.01,0.63,22882932,,,20.4719,1.7276,4.3918,23.8887,4040003440.7,,,,,,,
2019-06-18,2312000,6.8102,6.8357,6.7082,6.8017,0.0255,0.38,0.5,18423503,,,20.549,1.7341,4.4083,23.9786,4055210480,,,,,,,
2019-06-19,4809982,6.8527,7.0397,6.7082,6.7337,-0.068,-1,1.04,39025892,,,20.3435,1.7167,4.3642,23.7388,4014658375.2,,,,,,,
2019-06-20,5661048,6.8187,7.0142,6.7762,6.9717,0.238,3.53,1.23,46169141,,,21.0627,1.7774,4.5185,24.5781,4156590742,,,,,,,
2019-06-21,4513836,6.9717,7.1248,6.9292,6.9377,-0.034,-0.49,0.98,37186181,,,20.9599,1.7687,4.4965,24.4582,4136314689.6,,,,,,,
2019-06-24,4145742,6.9632,7.0907,6.8867,7.0057,0.068,0.98,0.91,34154780,,,21.1654,1.7861,4.5405,24.698,4176866794.4,,,,,,,
2019-06-25,3800632,7.0057,7.0737,6.9292,7.0567,0.051,0.73,0.83,31300119,,,21.3196,1.7991,4.5736,24.8778,4207280873,,,,,,,
2019-06-26,5022394,7.0567,7.1673,6.9037,7.0057,-0.051,-0.72,1.1,41351565,,,21.1654,1.7861,4.5405,24.698,4176866794.4,,,,,,,
2019-06-27,7623874,7.0227,7.2523,6.9887,7.0652,0.0595,0.85,1.67,64130292,,,21.3452,1.8013,4.5791,24.9078,4212349886.1,,,,,,,
2019-06-28,5152822,7.0312,7.1248,6.9292,6.9462,-0.119,-1.68,1.11,42446482,,,20.9856,1.7709,4.502,24.4882,4141383702.7,,,,,,,
2019-07-01,4015769,6.9972,7.0992,6.9632,6.9802,0.034,0.49,0.88,33166433,,,19.7839,1.7968,4.5451,24.7513,4161659755.1,,,,,,,
2019-07-02,2477462,7.0312,7.0737,6.9547,6.9972,0.017,0.24,0.54,20419759,,,19.8321,1.8012,4.5562,24.8116,4171797781.3,,,,,,,
2019-07-03,2810407,7.0142,7.0312,6.8867,6.9292,-0.068,-0.97,0.61,22927844,,,19.6393,1.7837,4.5119,24.5704,4131245676.5,,,,,,,
2019-07-04,1296115,6.9207,6.9717,6.8527,6.9122,-0.017,-0.25,0.28,10521413,,,19.5911,1.7793,4.5008,24.5101,4121107650.3,,,,,,,
2019-07-05,2687579,6.8697,6.9377,6.7762,6.8187,-0.0935,-1.35,0.59,21629304,,,19.326,1.7553,4.4399,24.1785,4065348506.2,,,,,,,
2019-07-08,7066436,6.8867,6.8867,6.3511,6.4616,-0.3571,-5.24,1.54,54092398,,,18.314,1.6633,4.2074,22.9123,3852449956,,,,,,,
2019-07-09,1895459,6.4531,6.5296,6.3851,6.5211,0.0595,0.92,0.41,14442973,,,18.4826,1.6787,4.2462,23.1233,3887933047.7,,,,,,,
2019-07-10,1826264,6.5126,6.5466,6.3766,6.4276,-0.0935,-1.43,0.4,13880629,,,18.2176,1.6546,4.1853,22.7917,3832173903.6,,,,,,,
2019-07-11,1183020,6.4616,6.5041,6.4021,6.4361,0.0085,0.13,0.25,8981519,,,18.2417,1.6568,4.1908,22.8218,3837242916.7,,,,,,,
2019-07-12,2498101,6.4361,6.6571,6.4361,6.5806,0.1445,2.25,0.55,19330502,,,18.6513,1.694,4.2849,23.3343,3923416139.4,,,,,,,
2019-07-15,2044701,6.5806,6.7082,6.5211,6.6656,0.085,1.29,0.45,15942533,,,18.8923,1.7159,4.3403,23.6358,3974106270.4,,,,,,,
2019-07-16,7379481,6.6316,7.1503,6.6316,7.0907,0.4251,6.38,1.61,59850770,,,20.0972,1.8253,4.6171,25.1432,4227556925.4,,,,,,,
2019-07-17,15406218,7.2183,7.2183,6.8187,6.8442,-0.2465,-3.48,3.37,127061167,,,19.3983,1.7618,4.4565,24.2689,4080555545.5,,,,,,,
2019-07-18,5639166,6.7252,6.7677,6.5381,6.5806,-0.2636,-3.85,1.23,43912278,,,18.6513,1.694,4.2849,23.3343,3923416139.4,,,,,,,
2019-07-19,2541851,6.5381,6.6316,6.5211,6.5721,-0.0085,-0.13,0.54,19673776,,,18.6272,1.6918,4.2794,23.3042,3918347126.3,,,,,,,
2019-07-22,1576425,6.5381,6.6316,6.4531,6.5466,-0.0255,-0.39,0.34,12116809,,,18.5549,1.6852,4.2628,23.2138,3903140087,,,,,,,
2019-07-23,2542100,6.5466,6.6061,6.5211,6.5976,0.051,0.78,0.56,19671405,,,18.6995,1.6984,4.296,23.3946,3933554165.6,,,,,,,
2019-07-24,2953100,6.6231,6.7082,6.5721,6.6486,0.051,0.77,0.65,23161459,,,18.8441,1.7115,4.3292,23.5755,3963968244.2,,,,,,,
2019-07-25,2486142,6.6486,6.6656,6.5211,6.5551,-0.0935,-1.41,0.54,19214779,,,18.579,1.6874,4.2683,23.2439,3908209100.1,,,,,,,
2019-07-26,2333532,6.5721,6.6911,6.5466,6.6826,0.1275,1.95,0.51,18250647,,,18.9405,1.7202,4.3513,23.6961,3984244296.6,,,,,,,
2019-07-29,916342,6.6316,6.6911,6.5721,6.6146,-0.068,-1.02,0.2,7142361,,,18.7477,1.7027,4.3071,23.4549,3943692191.8,,,,,,,
2019-07-30,1777542,6.6826,6.7337,6.6061,6.7337,0.1191,1.8,0.39,13986139,,,19.0851,1.7334,4.3846,23.877,4014658375.2,,,,,,,
2019-07-31,2610805,6.7337,6.8612,6.6826,6.8442,0.1105,1.64,0.57,20886622,,,19.3983,1.7618,4.4565,24.2689,4080555545.5,,,,,,,
2019-08-01,2089192,6.8357,6.8867,6.7677,6.8527,0.0085,0.12,0.46,16779732,,,19.4224,1.764,4.4621,24.2991,4085624558.6,,,,,,,
2019-08-02,2787000,6.7167,6.9632,6.6401,6.8867,0.034,0.5,0.61,22506453,,,19.5188,1.7728,4.4842,24.4197,4105900611,,,,,,,
2019-08-05,1757800,6.8102,6.9037,6.7762,6.8017,-0.085,-1.23,0.38,14114511,,,19.2778,1.7509,4.4288,24.1182,4055210480,,,,,,,
2019-08-06,3545934,6.7337,6.9377,6.6146,6.9207,0.119,1.75,0.77,28285484,,,19.6152,1.7815,4.5063,24.5403,4126176663.4,,,,,,,
2019-08-07,2126800,6.9292,6.9802,6.8357,6.8867,-0.034,-0.49,0.46,17249997,,,19.5188,1.7728,4.4842,24.4197,4105900611,,,,,,,
2019-08-08,1815420,6.9632,6.9632,6.7847,6.8102,-0.0765,-1.11,0.4,14604937,,,19.3019,1.7531,4.4344,24.1483,4060279493.1,,,,,,,
2019-08-09,2049605,6.8612,6.8697,6.6911,6.7082,-0.102,-1.5,0.45,16315678,,,19.0128,1.7268,4.3679,23.7866,3999451335.9,,,,,,,
2019-08-12,1355778,6.7422,6.8442,6.6826,6.8272,0.119,1.77,0.3,10809987,,,19.3501,1.7574,4.4455,24.2086,4070417519.3,,,,,,,
2019-08-13,2580994,6.8017,6.9292,6.7337,6.8782,0.051,0.75,0.56,20803158,,,19.4947,1.7706,4.4787,24.3895,4100831597.9,,,,,,,
2019-08-14,2333200,6.8867,6.9547,6.8442,6.8782,0,0,0.51,18913805,,,19.4947,1.7706,4.4787,24.3895,4100831597.9,,,,,,,
2019-08-15,2624853,6.7592,6.9717,6.7252,6.9547,0.0765,1.11,0.57,21237542,,,19.7116,1.7903,4.5285,24.6608,4146452715.8,,,,,,,
2019-08-16,5711392,6.9462,7.1163,6.9462,7.1163,0.1616,2.32,1.25,47334901,,,20.1694,1.8319,4.6337,25.2337,4242763964.7,,,,,,,
2019-08-19,12007875,7.2863,7.3543,7.0822,7.2183,0.102,1.43,2.63,101465577,,,20.4586,1.8581,4.7001,25.5954,4303592121.9,,,,,,,
2019-08-20,11018295,7.2098,7.3288,7.1248,7.2693,0.051,0.71,2.41,93726515,,,20.6032,1.8713,4.7333,25.7763,4334006200.5,,,,,,,
2019-08-21,6920330,7.2523,7.3033,7.1843,7.3033,0.034,0.47,1.51,58947678,,,20.6996,1.88,4.7555,25.8969,4354282252.9,,,,,,,
2019-08-22,6664427,7.2693,7.3543,7.0652,7.2268,-0.0765,-1.05,1.46,56692100,,,20.4827,1.8603,4.7056,25.6256,4308661135,,,,,,,
2019-08-23,21352621,7.2013,7.8389,7.1843,7.7369,0.5101,7.06,4.67,190661677,,,21.9286,1.9916,5.0378,27.4344,4612801921,,,,,,,
2019-08-26,11772947,7.5839,7.6604,7.4903,7.5669,-0.17,-2.2,2.57,104686535,,,21.4466,1.9479,4.9271,26.8315,4511421659,,,,,,,
2019-08-27,8681095,7.5754,7.7624,7.5414,7.7199,0.153,2.02,1.9,78074841,,,21.8804,1.9873,5.0267,27.3741,4602663894.8,,,,,,,
2019-08-28,10981757,7.6774,8.026,7.5924,7.7624,0.0425,0.55,2.4,101338851,,,22.0008,1.9982,5.0544,27.5249,4628008960.3,,,,,,,
2019-08-29,6206068,7.7879,7.7879,7.5158,7.5584,-0.204,-2.63,1.36,55606942,,,21.4225,1.9457,4.9216,26.8013,4506352645.9,,,,,,,
2019-08-30,10814742,7.6434,7.8219,7.3968,7.4648,-0.0936,-1.24,2.36,96895644,,,21.1574,1.9216,4.8607,26.4697,4450593501.8,,,,,,,
2019-09-02,7200228,7.4648,7.6009,7.3288,7.5073,0.0425,0.57,1.57,63193088,,,21.2779,1.9325,4.8883,26.6204,4475938567.3,,,,,,,
2019-09-03,4338794,7.5073,7.5754,7.4478,7.5414,0.0341,0.45,0.95,38311575,,,21.3743,1.9413,4.9105,26.741,4496214619.7,,,,,,,
2019-09-04,6162587,7.5499,7.7284,7.5414,7.6859,0.1445,1.92,1.35,55448255,,,21.784,1.9785,5.0046,27.2535,4582387842.4,,,,,,,
2019-09-05,6091178,7.7454,7.7879,7.6519,7.6774,-0.0085,-0.11,1.33,55375503,,,21.7599,1.9763,4.9991,27.2234,4577318829.3,,,,,,,
2019-09-06,8273046,7.7284,7.9495,7.6859,7.9325,0.2551,3.32,1.81,76087018,,,22.4828,2.042,5.1651,28.1278,4729389222.3,,,,,,,
2019-09-09,6234995,7.958,7.9835,7.8474,7.9495,0.017,0.21,1.36,58047958,,,22.531,2.0463,5.1762,28.1881,4739527248.5,,,,,,,
2019-09-10,6514554,7.941,7.941,7.7199,7.7709,-0.1786,-2.25,1.42,59735646,,,22.0249,2.0004,5.06,27.555,4633077973.4,,,,,,,
2019-09-11,4100716,7.7794,7.8729,7.7709,7.7794,0.0085,0.11,0.9,37723116,,,22.049,2.0026,5.0655,27.5852,4638146986.5,,,,,,,
2019-09-12,3609172,7.8389,7.8474,7.7454,7.7964,0.017,0.22,0.79,33073549,,,22.0972,2.007,5.0766,27.6455,4648285012.7,,,,,,,
2019-09-16,3742478,7.7964,7.8984,7.7539,7.7794,-0.017,-0.22,0.82,34417682,,,22.049,2.0026,5.0655,27.5852,4638146986.5,,,,,,,
2019-09-17,4797411,7.7624,7.7879,7.4988,7.5499,-0.2295,-2.95,1.05,43085538,,,21.3984,1.9435,4.916,26.7712,4501283632.8,,,,,,,
2019-09-18,3126769,7.5754,7.6774,7.4648,7.6604,0.1105,1.46,0.68,27825875,,,21.7117,1.9719,4.988,27.1631,4567180803.1,,,,,,,
2019-09-19,3356140,7.6349,7.7879,7.5669,7.7709,0.1105,1.44,0.73,30498460,,,22.0249,2.0004,5.06,27.555,4633077973.4,,,,,,,
2019-09-20,3986959,7.7879,7.8729,7.7284,7.7794,0.0085,0.11,0.87,36655470,,,22.049,2.0026,5.0655,27.5852,4638146986.5,,,,,,,
2019-09-23,3425918,7.7794,7.7879,7.6094,7.7539,-0.0255,-0.33,0.75,31024958,,,21.9767,1.996,5.0489,27.4947,4622939947.2,,,,,,,
2019-09-24,11700892,7.7369,7.975,7.7369,7.9495,0.1956,2.52,2.56,108231901,,,22.531,2.0463,5.1762,28.1881,4739527248.5,,,,,,,
2019-09-25,11911515,7.9069,8.06,7.7879,7.9325,-0.017,-0.21,2.6,111240366,,,22.4828,2.042,5.1651,28.1278,4729389222.3,,,,,,,
2019-09-26,11222501,7.7709,7.7879,7.2523,7.3118,-0.6207,-7.82,2.45,99564925,,,20.7237,1.8822,4.761,25.927,4359351266,,,,,,,
2019-09-27,8384248,7.2693,7.3968,7.0567,7.1758,-0.136,-1.86,1.83,71250992,,,20.3381,1.8472,4.6724,25.4447,4278247056.4,,,,,,,
2019-09-30,4038548,7.1673,7.2268,6.9462,6.9547,-0.2211,-3.08,0.88,33254753,,,18.6791,1.8143,4.5167,22.8822,4146452715.8,,,,,,,
2019-10-08,2883615,6.9632,7.2268,6.8867,7.0652,0.1105,1.59,0.63,24064886,,,18.976,1.8431,4.5885,23.2459,4212349886.1,,,,,,,
2019-10-09,1688600,7.0482,7.1673,7.0142,7.1418,0.0766,1.08,0.37,14146162,,,19.1815,1.8631,4.6382,23.4976,4257971004,,,,,,,
2019-10-10,1717405,7.2013,7.2183,7.1333,7.1928,0.051,0.71,0.38,14505621,,,19.3185,1.8764,4.6713,23.6655,4288385082.6,,,,,,,
2019-10-11,1938172,7.2268,7.2778,7.1673,7.2778,0.085,1.18,0.42,16429417,,,19.5469,1.8986,4.7265,23.9452,4339075213.6,,,,,,,
2019-10-14,4498835,7.2863,7.4818,7.2778,7.3543,0.0765,1.05,0.98,39172301,,,19.7524,1.9185,4.7762,24.197,4384696331.5,,,,,,,
2019-10-15,4020788,7.4393,7.4393,7.2438,7.2523,-0.102,-1.39,0.88,34546419,,,19.4784,1.8919,4.7099,23.8613,4323868174.3,,,,,,,
2019-10-16,3034073,7.3033,7.3203,7.0652,7.1077,-0.1446,-1.99,0.66,25589550,,,19.0902,1.8542,4.6161,23.3857,4237694951.6,,,,,,,
2019-10-17,2293440,7.1503,7.2098,7.0822,7.1758,0.0681,0.96,0.5,19312794,,,19.2728,1.872,4.6602,23.6095,4278247056.4,,,,,,,
2019-10-18,1971960,7.1503,7.2523,7.1077,7.1758,0,0,0.43,16613404,,,19.2728,1.872,4.6602,23.6095,4278247056.4,,,,,,,
2019-10-21,2122173,7.1843,7.2438,7.0907,7.1928,0.017,0.24,0.46,17915684,,,19.3185,1.8764,4.6713,23.6655,4288385082.6,,,,,,,
2019-10-22,3398434,7.2183,7.5244,7.1503,7.4988,0.306,4.25,0.74,29370535,,,20.1406,1.9562,4.8701,24.6725,4470869554.2,,,,,,,
2019-10-23,5505274,7.4818,7.6179,7.3798,7.3883,-0.1105,-1.47,1.2,48382192,,,19.8437,1.9274,4.7983,24.3089,4404972383.9,,,,,,,
2019-10-24,3602035,7.3628,7.5584,7.3628,7.5073,0.119,1.61,0.79,31649187,,,20.1634,1.9585,4.8756,24.7005,4475938567.3,,,,,,,
2019-10-25,6739921,7.4818,7.7624,7.4818,7.7369,0.2296,3.06,1.47,60767189,,,20.78,2.0183,5.0247,25.4558,4612801921,,,,,,,
2019-10-28,7405988,7.7794,7.8729,7.7284,7.8474,0.1105,1.43,1.62,67856475,,,21.0768,2.0472,5.0965,25.8194,4678699091.3,,,,,,,
2019-10-29,8365229,7.7879,7.958,7.7624,7.8644,0.017,0.22,1.83,77200054,,,21.1225,2.0516,5.1075,25.8754,4688837117.5,,,,,,,
2019-10-30,9758237,7.7369,7.7369,7.3713,7.4393,-0.4251,-5.41,2.13,85932710,,,19.9807,1.9407,4.8314,24.4767,4435386462.5,,,,,,,
2019-10-31,6079275,7.4478,7.4478,7.2013,7.3458,-0.0935,-1.26,1.33,52260569,,,19.7295,1.9163,4.7707,24.169,4379627318.4,,,,,,,
2019-11-01,2732297,7.2948,7.3968,7.2523,7.3543,0.0085,0.12,0.6,23600958,,,19.7524,1.9185,4.7762,24.197,4384696331.5,,,,,,,
2019-11-04,3071852,7.3373,7.4308,7.3118,7.3968,0.0425,0.58,0.67,26643874,,,19.8666,1.9296,4.8038,24.3368,4410041397,,,,,,,
2019-11-05,3116005,7.4223,7.4393,7.2608,7.3628,-0.034,-0.46,0.68,27026258,,,19.7752,1.9208,4.7817,24.2249,4389765344.6,,,,,,,
2019-11-06,3664850,7.3883,7.4648,7.2778,7.3288,-0.034,-0.46,0.8,31748778,,,19.6839,1.9119,4.7596,24.113,4369489292.2,,,,,,,
2019-11-07,3910759,7.2523,7.3883,7.1588,7.1843,-0.1445,-1.97,0.86,33260279,,,19.2957,1.8742,4.6658,23.6375,4283316069.5,,,,,,,
2019-11-08,2603808,7.2268,7.3203,7.1673,7.1843,0,0,0.57,22155296,,,19.2957,1.8742,4.6658,23.6375,4283316069.5,,,,,,,
2019-11-11,2653650,7.1077,7.1418,6.9632,6.9632,-0.2211,-3.08,0.58,22021972,,,18.702,1.8165,4.5222,22.9102,4151521728.9,,,,,,,
2019-11-12,2506480,6.9462,7.0822,6.8527,6.9462,-0.017,-0.24,0.55,20419140,,,18.6563,1.8121,4.5112,22.8542,4141383702.7,,,,,,,
2019-11-13,1877709,6.9377,6.9547,6.8697,6.9292,-0.017,-0.24,0.41,15252361,,,18.6106,1.8076,4.5001,22.7983,4131245676.5,,,,,,,
2019-11-14,1361188,6.9122,6.9887,6.8782,6.9802,0.051,0.74,0.3,11107417,,,18.7476,1.8209,4.5332,22.9661,4161659755.1,,,,,,,
2019-11-15,3585183,6.9632,6.9632,6.7677,6.7677,-0.2125,-3.04,0.78,28994195,,,18.1768,1.7655,4.3952,22.2668,4034934427.6,,,,,,,
2019-11-18,2125347,6.7082,6.8527,6.6656,6.8102,0.0425,0.63,0.46,17016965,,,18.2909,1.7766,4.4228,22.4067,4060279493.1,,,,,,,
2019-11-19,2467201,6.7932,6.9887,6.7932,6.9802,0.17,2.5,0.54,20021966,,,18.7476,1.8209,4.5332,22.9661,4161659755.1,,,,,,,
2019-11-20,2183600,6.9632,6.9972,6.8527,6.9122,-0.068,-0.97,0.48,17802827,,,18.565,1.8032,4.4891,22.7423,4121107650.3,,,,,,,
2019-11-21,953750,6.9377,6.9717,6.8952,6.9547,0.0425,0.61,0.21,7783015,,,18.6791,1.8143,4.5167,22.8822,4146452715.8,,,,,,,
2019-11-22,2552200,6.9292,6.9717,6.8442,6.8867,-0.068,-0.98,0.56,20727970,,,18.4964,1.7966,4.4725,22.6584,4105900611,,,,,,,
2019-11-25,2647879,6.8867,6.8952,6.7252,6.7932,-0.0935,-1.36,0.58,21094969,,,18.2453,1.7722,4.4118,22.3507,4050141466.9,,,,,,,
2019-11-26,882503,6.8357,6.8357,6.7422,6.8017,0.0085,0.13,0.19,7041395,,,18.2681,1.7744,4.4173,22.3787,4055210480,,,,,,,
2019-11-27,884000,6.7932,6.8612,6.7507,6.8187,0.017,0.25,0.19,7097698,,,18.3138,1.7788,4.4283,22.4346,4065348506.2,,,,,,,
2019-11-28,632500,6.7847,6.8442,6.7422,6.7677,-0.051,-0.75,0.14,5047975,,,18.1768,1.7655,4.3952,22.2668,4034934427.6,,,,,,,
2019-11-29,1440560,6.7762,6.7762,6.6571,6.7167,-0.051,-0.75,0.31,11360565,,,18.0397,1.7522,4.3621,22.099,4004520349,,,,,,,
2019-12-02,1140896,6.7167,6.7592,6.6741,6.7167,0,0,0.25,9006023,,,18.0397,1.7522,4.3621,22.099,4004520349,,,,,,,
2019-12-03,1145760,6.6996,6.7762,6.6486,6.7762,0.0595,0.89,0.25,9068744,,,18.1996,1.7677,4.4007,22.2948,4040003440.7,,,,,,,
2019-12-04,1116800,6.7252,6.8187,6.6996,6.7762,0,0,0.24,8898645,,,18.1996,1.7677,4.4007,22.2948,4040003440.7,,,,,,,
2019-12-05,2099043,6.7762,6.9547,6.7762,6.9037,0.1275,1.88,0.45,16962140,,,18.5421,1.801,4.4836,22.7144,4116038637.2,,,,,,,
2019-12-06,1109282,6.8782,6.9547,6.8612,6.9462,0.0425,0.62,0.24,9021819,,,18.6563,1.8121,4.5112,22.8542,4141383702.7,,,,,,,
2019-12-09,3043343,6.9462,7.1418,6.9462,7.0397,0.0935,1.35,0.66,25277743,,,18.9075,1.8365,4.5719,23.1619,4197142846.8,,,,,,,
2019-12-10,1738075,7.0227,7.0822,6.9802,7.0482,0.0085,0.12,0.38,14370713,,,18.9303,1.8387,4.5774,23.1899,4202211859.9,,,,,,,
2019-12-11,2570022,7.0397,7.1843,7.0142,7.0992,0.051,0.72,0.56,21513441,,,19.0673,1.852,4.6105,23.3578,4232625938.5,,,,,,,
2019-12-12,2617923,7.0907,7.1077,7.0227,7.0397,-0.0595,-0.84,0.57,21736045,,,18.9075,1.8365,4.5719,23.1619,4197142846.8,,,,,,,
2019-12-13,3700960,7.0482,7.1588,7.0312,7.1248,0.0851,1.21,0.8,30925840,,,19.1358,1.8587,4.6271,23.4417,4247832977.8,,,,,,,
2019-12-16,3463341,7.1418,7.1588,7.0992,7.1503,0.0255,0.36,0.75,29046225,,,19.2043,1.8653,4.6437,23.5256,4263040017.1,,,,,,,
2019-12-17,4170616,7.1588,7.2353,7.0992,7.1758,0.0255,0.36,0.91,35133777,,,19.2728,1.872,4.6602,23.6095,4278247056.4,,,,,,,
2019-12-18,4348020,7.2268,7.3288,7.2098,7.2438,0.068,0.95,0.95,37104400,,,19.4555,1.8897,4.7044,23.8333,4318799161.2,,,,,,,
2019-12-19,3065279,7.2863,7.3203,7.2268,7.2608,0.017,0.23,0.67,26215555,,,19.5012,1.8941,4.7155,23.8893,4328937187.4,,,,,,,
2019-12-20,6311709,7.2693,7.2948,7.0397,7.0652,-0.1956,-2.69,1.37,53022832,,,18.976,1.8431,4.5885,23.2459,4212349886.1,,,,,,,
2019-12-23,3787035,7.1077,7.1673,6.9122,6.9292,-0.136,-1.92,0.82,31319138,,,18.6106,1.8076,4.5001,22.7983,4131245676.5,,,,,,,
2019-12-24,1878522,7.0312,7.0397,6.9377,7.0142,0.085,1.23,0.41,15444686,,,18.839,1.8298,4.5553,23.078,4181935807.5,,,,,,,
2019-12-25,2812570,7.0142,7.1758,6.9972,7.1503,0.1361,1.94,0.61,23521257,,,19.2043,1.8653,4.6437,23.5256,4263040017.1,,,,,,,
2019-12-26,7997503,7.1503,7.5073,7.1503,7.3883,0.238,3.33,1.71,69285433,,,19.8437,1.9274,4.7983,24.3089,4404972383.9,,,,,,,
2019-12-27,11539119,7.3458,7.6944,7.3458,7.6094,0.2211,2.99,2.48,103236795,,,20.4374,1.9851,4.9418,25.0362,4536766724.5,,,,,,,
2019-12-30,6470396,7.6179,7.7199,7.4903,7.6009,-0.0085,-0.11,1.4,57783895,,,20.4146,1.9829,4.9363,25.0082,4531697711.4,,,,,,,
2019-12-31,4650280,7.5499,7.7029,7.5499,7.7029,0.102,1.34,0.99,41726483,,,22.1146,1.9617,4.7563,21.1524,4592525868.6,,,,,,,
2020-01-02,9938165,7.7199,7.7539,7.6009,7.7029,0,0,2.15,89718449,,,22.1146,1.9617,4.7563,21.1524,4592525868.6,,,,,,,
2020-01-03,6250404,7.7029,7.7284,7.6604,7.7029,0,0,1.36,56589084,,,22.1146,1.9617,4.7563,21.1524,4592525868.6,,,,,,,
2020-01-06,7708725,7.6944,7.7029,7.5158,7.6519,-0.051,-0.66,1.66,69129229,,,21.9681,1.9487,4.7248,21.0123,4562111790,,,,,,,
2020-01-07,6460085,7.6774,7.6774,7.5244,7.6434,-0.0085,-0.11,1.32,57639497,,,21.9437,1.9466,4.7196,20.9889,4557042776.9,,,,,,,
2020-01-08,5204712,7.5669,7.6264,7.4053,7.4478,-0.1956,-2.56,1.13,46079617,,,21.3823,1.8968,4.5989,20.4519,4440455475.6,,,,,,,
2020-01-09,5637880,7.4903,7.6519,7.4818,7.6264,0.1786,2.4,1.22,50134907,,,21.8949,1.9422,4.7091,20.9422,4546904750.7,,,,,,,
2020-01-10,2989534,7.6349,7.6774,7.5329,7.5924,-0.034,-0.45,0.65,26710999,,,21.7973,1.9336,4.6881,20.8488,4526628698.3,,,,,,,
2020-01-13,3815569,7.5329,7.6009,7.5073,7.5499,-0.0425,-0.56,0.82,33918409,,,21.6752,1.9228,4.6619,20.7321,4501283632.8,,,,,,,
2020-01-14,5669740,7.5584,7.5924,7.4138,7.4138,-0.1361,-1.8,1.22,49915622,,,21.2847,1.8881,4.5779,20.3586,4420179423.2,,,,,,,
2020-01-15,5547510,7.4563,7.4563,7.2948,7.3373,-0.0765,-1.03,1.21,47876535,,,21.065,1.8686,4.5306,20.1484,4374558305.3,,,,,,,
2020-01-16,6175841,7.3798,7.4053,7.2438,7.3543,0.017,0.23,1.34,53159256,,,21.1138,1.873,4.5411,20.1951,4384696331.5,,,,,,,
2020-01-17,5572106,7.3288,7.3543,7.1758,7.3288,-0.0255,-0.35,1.2,47544797,,,21.0406,1.8665,4.5254,20.1251,4369489292.2,,,,,,,
2020-01-20,5360951,7.3798,7.5073,7.2523,7.4988,0.17,2.32,1.16,46641603,,,21.5288,1.9098,4.6304,20.592,4470869554.2,,,,,,,
2020-01-21,4242661,7.5158,7.5499,7.3968,7.4733,-0.0255,-0.34,0.92,37246573,,,21.4555,1.9033,4.6146,20.522,4455662514.9,,,,,,,
2020-01-22,3861480,7.4563,7.4988,7.2863,7.4733,0,0,0.83,33591375,,,21.4555,1.9033,4.6146,20.522,4455662514.9,,,,,,,
2020-01-23,5868360,7.4478,7.4903,7.2268,7.2863,-0.187,-2.5,1.27,50582679,,,20.9185,1.8556,4.4991,20.0084,4344144226.7,,,,,,,
2020-02-03,5407279,6.5551,6.6656,6.5551,6.5551,-0.7312,-10.04,1.18,41775847,,,18.8194,1.6694,4.0476,18.0005,3908209100.1,,,,,,,
2020-02-04,6378440,6.4361,6.6571,6.4361,6.5891,0.034,0.52,1.39,49330530,,,18.917,1.6781,4.0686,18.0939,3928485152.5,,,,,,,
2020-02-05,7042867,6.5551,6.8187,6.5551,6.6486,0.0595,0.9,1.53,55440138,,,19.0878,1.6932,4.1054,18.2573,3963968244.2,,,,,,,
2020-02-06,5922855,6.6401,6.7422,6.5381,6.7167,0.0681,1.02,1.27,46472965,,,19.2831,1.7106,4.1474,18.4441,4004520349,,,,,,,
2020-02-07,5772058,6.7167,6.8102,6.6401,6.7167,0,0,1.24,45623634,,,19.2831,1.7106,4.1474,18.4441,4004520349,,,,,,,
2020-02-10,5366087,6.6996,6.7762,6.6401,6.7677,0.051,0.76,1.15,42468211,,,19.4296,1.7235,4.1789,18.5842,4034934427.6,,,,,,,
2020-02-11,4197118,6.7847,6.7847,6.6826,6.7677,0,0,0.9,33272284,,,19.4296,1.7235,4.1789,18.5842,4034934427.6,,,,,,,
2020-02-12,5163915,6.7592,6.8187,6.7167,6.8017,0.034,0.5,1.08,41125368,,,19.5272,1.7322,4.1999,18.6776,4055210480,,,,,,,
2020-02-13,4603492,6.7762,6.8357,6.6486,6.6571,-0.1446,-2.13,0.97,36509375,,,19.1123,1.6954,4.1106,18.2807,3969037257.3,,,,,,,
2020-02-14,3079951,6.6571,6.7847,6.6401,6.7252,0.0681,1.02,0.66,24326970,,,19.3075,1.7127,4.1526,18.4675,4009589362.1,,,,,,,
2020-02-17,6800577,6.7507,7.0567,6.7507,7.0567,0.3315,4.93,1.48,55529938,,,20.2595,1.7972,4.3574,19.378,4207280873,,,,,,,
2020-02-18,5906513,7.0397,7.1588,6.9292,7.0567,0,0,1.26,48849861,,,20.2595,1.7972,4.3574,19.378,4207280873,,,,,,,
2020-02-19,6482331,7.0567,7.1843,7.0057,7.1077,0.051,0.72,1.39,53976064,,,20.4059,1.8102,4.3889,19.5181,4237694951.6,,,,,,,
2020-02-20,6102646,7.1248,7.2353,7.0312,7.1843,0.0766,1.08,1.32,51199264,,,20.6256,1.8296,4.4361,19.7282,4283316069.5,,,,,,,
2020-02-21,8805201,7.1503,7.3968,7.1503,7.3543,0.17,2.37,1.9,75182722,,,21.1138,1.873,4.5411,20.1951,4384696331.5,,,,,,,
2020-02-24,9662014,7.2948,7.5839,7.2353,7.5329,0.1786,2.43,2.09,84306069,,,21.6264,1.9184,4.6514,20.6854,4491145606.6,,,,,,,
2020-02-25,9145807,7.3968,7.5754,7.2098,7.4818,-0.0511,-0.68,1.99,80033179,,,21.4799,1.9054,4.6199,20.5453,4460731528,,,,,,,
2020-02-26,5953980,7.3883,7.4733,7.2438,7.2693,-0.2125,-2.84,1.29,51481274,,,20.8697,1.8513,4.4886,19.9617,4334006200.5,,,,,,,
2020-02-27,4527738,7.2863,7.4478,7.2608,7.3543,0.085,1.17,0.99,39177318,,,21.1138,1.873,4.5411,20.1951,4384696331.5,,,,,,,
2020-02-28,7344780,7.1248,7.3033,6.9632,7.0567,-0.2976,-4.05,1.59,61466591,,,20.2595,1.7972,4.3574,19.378,4207280873,,,,,,,
2020-03-02,7189180,7.1843,7.3543,7.1248,7.2948,0.2381,3.37,1.55,61323187,,,20.9429,1.8578,4.5044,20.0317,4349213239.8,,,,,,,
2020-03-03,7569302,7.3543,7.4563,7.2183,7.2693,-0.0255,-0.35,1.64,65449534,,,20.8697,1.8513,4.4886,19.9617,4334006200.5,,,,,,,
2020-03-04,4087492,7.1843,7.3118,7.1758,7.2523,-0.017,-0.23,0.88,34783639,,,20.8209,1.847,4.4781,19.915,4323868174.3,,,,,,,
2020-03-05,7982178,7.4053,7.4563,7.2778,7.4053,0.153,2.11,1.73,69157590,,,21.2603,1.8859,4.5726,20.3352,4415110410.1,,,,,,,
2020-03-06,10161742,7.3458,7.5924,7.3373,7.5329,0.1276,1.72,2.19,89631608,,,21.6264,1.9184,4.6514,20.6854,4491145606.6,,,,,,,
2020-03-09,14332981,7.4648,7.7794,7.4053,7.5924,0.0595,0.79,3.1,128396987,,,21.7973,1.9336,4.6881,20.8488,4526628698.3,,,,,,,
2020-03-10,13708125,7.4478,7.7539,7.2608,7.7029,0.1105,1.46,2.96,121620296,,,22.1146,1.9617,4.7563,21.1524,4592525868.6,,,,,,,
2020-03-11,9367598,7.7794,7.7794,7.4988,7.5158,-0.1871,-2.43,2.02,83961511,,,21.5776,1.9141,4.6409,20.6387,4481007580.4,,,,,,,
2020-03-12,6348081,7.4053,7.5073,7.3203,7.4138,-0.102,-1.36,1.35,55279986,,,21.2847,1.8881,4.5779,20.3586,4420179423.2,,,,,,,
2020-03-13,6141321,7.0992,7.4563,7.0482,7.4138,0,0,1.32,52546763,,,21.2847,1.8881,4.5779,20.3586,4420179423.2,,,,,,,
2020-03-16,6479220,7.4818,7.5329,7.0737,7.0907,-0.3231,-4.36,1.41,55633570,,,20.3571,1.8058,4.3784,19.4714,4227556925.4,,,,,,,
2020-03-17,5863940,7.0822,7.2098,6.8102,7.0652,-0.0255,-0.36,1.25,48101959,,,20.2839,1.7993,4.3626,19.4013,4212349886.1,,,,,,,
2020-03-18,4975923,7.0822,7.1503,6.8442,6.8697,-0.1955,-2.77,1.07,41158755,,,19.7225,1.7495,4.2419,18.8644,4095762584.8,,,,,,,
2020-03-19,4500992,6.8697,6.9292,6.7592,6.8612,-0.0085,-0.12,0.97,36276788,,,19.6981,1.7474,4.2366,18.841,4090693571.7,,,,,,,
2020-03-20,4447074,6.8867,6.9207,6.7677,6.8782,0.017,0.25,0.96,35775309,,,19.7469,1.7517,4.2471,18.8877,4100831597.9,,,,,,,
2020-03-23,5917169,6.6656,6.7677,6.5636,6.5806,-0.2976,-4.33,1.27,46417719,,,18.8926,1.6759,4.0634,18.0706,3923416139.4,,,,,,,
2020-03-24,3274677,6.6826,6.7167,6.5806,6.6741,0.0935,1.42,0.7,25637111,,,19.1611,1.6997,4.1211,18.3274,3979175283.5,,,,,,,
2020-03-25,8340336,6.8272,6.9037,6.7847,6.8357,0.1616,2.42,1.81,67120743,,,19.6248,1.7409,4.2209,18.771,4075486532.4,,,,,,,
2020-03-26,5863708,6.8357,6.8867,6.6996,6.7507,-0.085,-1.24,1.27,46833004,,,19.3808,1.7192,4.1684,18.5375,4024796401.4,,,,,,,
2020-03-27,6294771,6.8187,6.9462,6.7507,6.8527,0.102,1.51,1.35,50456995,,,19.6737,1.7452,4.2314,18.8177,4085624558.6,,,,,,,
2020-03-30,7476269,6.8272,6.8527,6.6571,6.7932,-0.0595,-0.87,1.58,59327683,,,19.5028,1.73,4.1946,18.6542,4050141466.9,,,,,,,
2020-03-31,7190564,6.7572,6.8025,6.5395,6.5486,-0.2446,-3.6,1.55,53043638,,,17.6984,1.9312,4.0445,20.4291,3659827458.2,,,,,,,
2020-04-01,3893543,6.5486,6.5758,6.4125,6.5486,0,0,0.82,27824245,,,17.6984,1.9312,4.0445,20.4291,3659827458.2,,,,,,,
2020-04-02,3048020,6.476,6.6483,6.4397,6.6211,0.0725,1.11,0.65,21962916,,,17.8946,1.9526,4.0893,20.6555,3700379563,,,,,,,
2020-04-03,2068285,6.6302,6.6755,6.5304,6.5486,-0.0725,-1.09,0.44,15018597,,,17.6984,1.9312,4.0445,20.4291,3659827458.2,,,,,,,
2020-04-07,4671137,6.6211,6.6665,6.5939,6.6574,0.1088,1.66,1,34167769,,,17.9926,1.9633,4.1117,20.7686,3720655615.4,,,,,,,
2020-04-08,3160500,6.6393,6.7118,6.5939,6.6846,0.0272,0.41,0.67,23155575,,,18.0661,1.9714,4.1285,20.8535,3735862654.7,,,,,,,
2020-04-09,2916080,6.6937,6.7118,6.6302,6.6665,-0.0181,-0.27,0.63,21428901,,,18.0171,1.966,4.1173,20.7969,3725724628.5,,,,,,,
2020-04-10,3667203,6.6665,6.6937,6.5486,6.5848,-0.0817,-1.23,0.79,26736579,,,17.7965,1.9419,4.0669,20.5423,3680103510.6,,,,,,,
2020-04-13,2050565,6.5848,6.6302,6.5304,6.6211,0.0363,0.55,0.44,14893769,,,17.8946,1.9526,4.0893,20.6555,3700379563,,,,,,,
2020-04-14,1982679,6.6211,6.6483,6.603,6.6393,0.0182,0.27,0.42,14484152,,,17.9436,1.958,4.1005,20.7121,3710517589.2,,,,,,,
2020-04-15,2417100,6.6665,6.6665,6.5939,6.6121,-0.0272,-0.41,0.52,17659388,,,17.87,1.95,4.0837,20.6272,3695310549.9,,,,,,,
2020-04-16,2438190,6.5848,6.6483,6.5758,6.6211,0.009,0.14,0.53,17806433,,,17.8946,1.9526,4.0893,20.6555,3700379563,,,,,,,
2020-04-17,3395700,6.6574,6.6574,6.5486,6.6211,0,0,0.72,24771977,,,17.8946,1.9526,4.0893,20.6555,3700379563,,,,,,,
2020-04-20,1641700,6.5848,6.6121,6.5758,6.5939,-0.0272,-0.41,0.34,11930702,,,17.821,1.9446,4.0725,20.5706,3685172523.7,,,,,,,
2020-04-21,5511968,6.5939,6.603,6.3581,6.4851,-0.1088,-1.65,1.2,39187322,,,17.5269,1.9125,4.0053,20.231,3624344366.5,,,,,,,
2020-04-22,3206714,6.4488,6.5304,6.3944,6.5123,0.0272,0.42,0.69,22879893,,,17.6004,1.9205,4.0221,20.3159,3639551405.8,,,,,,,
2020-04-23,1706200,6.5304,6.5486,6.4488,6.4488,-0.0635,-0.98,0.37,12208082,,,17.4288,1.9018,3.9829,20.1179,3604068314.1,,,,,,,
2020-04-24,3628806,6.4488,6.4669,6.2855,6.3762,-0.0726,-1.13,0.78,25423845,,,17.2327,1.8804,3.9381,19.8915,3563516209.3,,,,,,,
2020-04-27,1772225,6.3309,6.3853,6.3218,6.3581,-0.0181,-0.28,0.38,12420602,,,17.1837,1.8751,3.9269,19.8349,3553378183.1,,,,,,,
2020-04-28,5240718,6.34,6.4579,5.9862,6.4488,0.0907,1.43,1.11,36409157,,,17.4288,1.9018,3.9829,20.1179,3604068314.1,,,,,,,
2020-04-29,3971166,6.4216,6.6121,6.3762,6.5939,0.1451,2.25,0.85,28552318,,,17.821,1.9446,4.0725,20.5706,3685172523.7,,,,,,,
2020-04-30,3288600,6.6121,6.6574,6.5123,6.603,0.0091,0.14,0.71,23969449,,,17.8455,1.9473,4.0781,20.5989,3690241536.8,,,,,,,
2020-05-06,2778416,6.5667,6.6211,6.5214,6.6121,0.0091,0.14,0.6,20117523,,,17.87,1.95,4.0837,20.6272,3695310549.9,,,,,,,
2020-05-07,2262400,6.603,6.6846,6.5576,6.5939,-0.0182,-0.28,0.48,16520533,,,17.821,1.9446,4.0725,20.5706,3685172523.7,,,,,,,
2020-05-08,2444001,6.603,6.6483,6.5848,6.603,0.0091,0.14,0.53,17838451,,,17.8455,1.9473,4.0781,20.5989,3690241536.8,,,,,,,
2020-05-11,2269423,6.6211,6.6483,6.5939,6.6211,0.0181,0.27,0.48,16552843,,,17.8946,1.9526,4.0893,20.6555,3700379563,,,,,,,
2020-05-12,2736243,6.603,6.6665,6.5576,6.6665,0.0454,0.69,0.57,19936973,,,18.0171,1.966,4.1173,20.7969,3725724628.5,,,,,,,
2020-05-13,1731706,6.6665,6.6665,6.5758,6.603,-0.0635,-0.95,0.36,12613164,,,17.8455,1.9473,4.0781,20.5989,3690241536.8,,,,,,,
2020-05-14,2004670,6.603,6.6211,6.476,6.4851,-0.1179,-1.79,0.43,14447606,,,17.5269,1.9125,4.0053,20.231,3624344366.5,,,,,,,
2020-05-15,1415709,6.5032,6.5214,6.4579,6.4579,-0.0272,-0.42,0.3,10131870,,,17.4533,1.9045,3.9885,20.1461,3609137327.2,,,,,,,
2020-05-18,1351226,6.4488,6.4851,6.3762,6.4307,-0.0272,-0.42,0.29,9587015,,,17.3798,1.8965,3.9717,20.0613,3593930287.9,,,,,,,
2020-05-19,1268457,6.4488,6.5032,6.4125,6.4579,0.0272,0.42,0.27,9011317,,,17.4533,1.9045,3.9885,20.1461,3609137327.2,,,,,,,
2020-05-20,1839472,6.476,6.476,6.3581,6.3762,-0.0817,-1.27,0.4,13005128,,,17.2327,1.8804,3.9381,19.8915,3563516209.3,,,,,,,
2020-05-21,1510820,6.3853,6.4307,6.3581,6.3944,0.0182,0.29,0.33,10648055,,,17.2817,1.8858,3.9493,19.9481,3573654235.5,,,,,,,
2020-05-22,2296523,6.4216,6.4216,6.2674,6.2765,-0.1179,-1.84,0.5,15967199,,,16.9631,1.851,3.8764,19.5802,3507757065.2,,,,,,,
2020-05-25,1857240,6.2583,6.4034,6.2402,6.4034,0.1269,2.02,0.4,12919339,,,17.3062,1.8884,3.9549,19.9764,3578723248.6,,,,,,,
2020-05-26,3410070,6.4216,6.6121,6.3853,6.5758,0.1724,2.69,0.74,24545929,,,17.772,1.9393,4.0613,20.514,3675034497.5,,,,,,,
2020-05-27,2448900,6.6121,6.6121,6.5032,6.5758,0,0,0.53,17745446,,,17.772,1.9393,4.0613,20.514,3675034497.5,,,,,,,
2020-05-28,2486900,6.5214,6.5939,6.4488,6.5848,0.009,0.14,0.54,17900547,,,17.7965,1.9419,4.0669,20.5423,3680103510.6,,,,,,,
2020-05-29,1955455,6.5486,6.6121,6.5395,6.5667,-0.0181,-0.27,0.43,14194570,,,17.7475,1.9366,4.0557,20.4857,3669965484.4,,,,,,,
2020-06-01,2866474,6.5667,6.6574,6.5667,6.6393,0.0726,1.11,0.62,20923137,,,17.9436,1.958,4.1005,20.7121,3710517589.2,,,,,,,
2020-06-02,2473110,6.6574,6.6846,6.603,6.6755,0.0362,0.55,0.54,18137184,,,18.0416,1.9687,4.1229,20.8252,3730793641.6,,,,,,,
2020-06-03,1968500,6.6846,6.7209,6.5939,6.5939,-0.0816,-1.22,0.42,14423248,,,17.821,1.9446,4.0725,20.5706,3685172523.7,,,,,,,
2020-06-04,1361260,6.5939,6.6211,6.5667,6.5667,-0.0272,-0.41,0.29,9881243,,,17.7475,1.9366,4.0557,20.4857,3669965484.4,,,,,,,
2020-06-05,1822960,6.5667,6.6665,6.5032,6.5667,0,0,0.4,13165390,,,17.7475,1.9366,4.0557,20.4857,3669965484.4,,,,,,,
2020-06-08,1843020,6.603,6.6483,6.5576,6.6302,0.0635,0.97,0.4,13427982,,,17.9191,1.9553,4.0949,20.6838,3705448576.1,,,,,,,
2020-06-09,2657834,6.6211,6.7572,6.603,6.7481,0.1179,1.78,0.57,19591356,,,18.2377,1.9901,4.1677,21.0516,3771345746.4,,,,,,,
2020-06-10,2480356,6.7209,6.7844,6.0769,6.6393,-0.1088,-1.61,0.54,18228413,,,17.9436,1.958,4.1005,20.7121,3710517589.2,,,,,,,
2020-06-11,3708258,6.6393,6.7118,6.603,6.6121,-0.0272,-0.41,0.81,27179757,,,17.87,1.95,4.0837,20.6272,3695310549.9,,,,,,,
2020-06-12,3714462,6.5395,6.739,6.5032,6.6665,0.0544,0.82,0.8,27030185,,,18.0171,1.966,4.1173,20.7969,3725724628.5,,,,,,,
2020-06-15,2143460,6.5939,6.6574,6.5486,6.5576,-0.1089,-1.63,0.46,15615706,,,17.723,1.9339,4.0501,20.4574,3664896471.3,,,,,,,
2020-06-16,3353282,6.5939,6.7028,6.5848,6.6846,0.127,1.94,0.73,24604059,,,18.0661,1.9714,4.1285,20.8535,3735862654.7,,,,,,,
2020-06-17,2821260,6.6937,6.7209,6.6211,6.7209,0.0363,0.54,0.61,20794385,,,18.1642,1.9821,4.1509,20.9667,3756138707.1,,,,,,,
2020-06-18,2645545,6.739,6.7662,6.6393,6.6665,-0.0544,-0.81,0.57,19467409,,,18.0171,1.966,4.1173,20.7969,3725724628.5,,,,,,,
2020-06-19,2050920,6.6755,6.7028,6.6302,6.6755,0.009,0.14,0.45,15068751,,,18.0416,1.9687,4.1229,20.8252,3730793641.6,,,,,,,
2020-06-22,2267400,6.6846,6.6846,6.6121,6.6211,-0.0544,-0.81,0.49,16591834,,,17.8946,1.9526,4.0893,20.6555,3700379563,,,,,,,
2020-06-23,2652823,6.6211,6.6302,6.5123,6.5486,-0.0725,-1.09,0.58,19183086,,,17.6984,1.9312,4.0445,20.4291,3659827458.2,,,,,,,
2020-06-24,2105000,6.5395,6.5848,6.4579,6.5032,-0.0454,-0.69,0.44,15075910,,,17.5759,1.9179,4.0165,20.2876,3634482392.7,,,,,,,
2020-06-29,2001801,6.5032,6.5576,6.3762,6.4125,-0.0907,-1.39,0.43,14191062,,,17.3308,1.8911,3.9605,20.0047,3583792261.7,,,,,,,
2020-06-30,1865860,6.4307,6.4851,6.4125,6.4851,0.0726,1.13,0.4,13272986,,,18.5135,1.685,4.0088,17.0865,3624344366.5,,,,,,,
2020-07-01,1549540,6.4851,6.5123,6.4579,6.476,-0.0091,-0.14,0.33,11075343,,,18.4876,1.6827,4.0032,17.0626,3619275353.4,,,,,,,
2020-07-02,2588462,6.476,6.5848,6.4216,6.5848,0.1088,1.68,0.54,18627787,,,18.7983,1.711,4.0705,17.3494,3680103510.6,,,,,,,
2020-07-03,4289996,6.603,6.739,6.5848,6.6937,0.1089,1.65,0.92,31481131,,,19.109,1.7392,4.1378,17.6361,3740931667.8,,,,,,,
2020-07-06,6222347,6.7118,6.9567,6.7118,6.9114,0.2177,3.25,1.35,47007899,,,19.7305,1.7958,4.2723,18.2097,3862587982.2,,,,,,,
2020-07-07,5823805,6.9476,7.0383,6.8751,6.8751,-0.0363,-0.53,1.24,44706424,,,19.6269,1.7864,4.2499,18.1141,3842311929.8,,,,,,,
2020-07-08,8671790,6.8842,6.9476,6.8207,6.9114,0.0363,0.53,1.88,65837558,,,19.7305,1.7958,4.2723,18.2097,3862587982.2,,,,,,,
2020-07-09,9310922,6.9295,7.129,6.8842,7.0746,0.1632,2.36,2.03,71869390,,,20.1965,1.8382,4.3732,18.6398,3953830218,,,,,,,
2020-07-10,7674183,7.0202,7.129,6.9023,6.9114,-0.1632,-2.31,1.66,59247779,,,19.7305,1.7958,4.2723,18.2097,3862587982.2,,,,,,,
2020-07-13,8763630,6.9476,7.3286,6.9295,7.2197,0.3083,4.46,1.89,69207327,,,20.6108,1.8759,4.4629,19.0222,4034934427.6,,,,,,,
2020-07-14,5906144,7.1835,7.256,6.9749,7.1653,-0.0544,-0.75,1.26,46374474,,,20.4555,1.8618,4.4293,18.8788,4004520349,,,,,,,
2020-07-15,5189061,7.1653,7.1835,6.8932,6.9749,-0.1904,-2.66,1.13,40092012,,,19.9117,1.8123,4.3116,18.3769,3898071073.9,,,,,,,
2020-07-16,6776480,6.9839,7.0383,6.6937,6.7118,-0.2631,-3.77,1.47,51275843,,,19.1608,1.744,4.149,17.6839,3751069694,,,,,,,
2020-07-17,5183588,6.7662,6.8569,6.6574,6.7118,0,0,1.13,38547390,,,19.1608,1.744,4.149,17.6839,3751069694,,,,,,,
2020-07-20,4834410,6.739,7.0021,6.73,6.993,0.2812,4.19,1.04,36802750,,,19.9635,1.817,4.3228,18.4247,3908209100.1,,,,,,,
2020-07-21,2999144,7.0293,7.0837,6.9476,7.0111,0.0181,0.26,0.65,23151283,,,20.0153,1.8217,4.334,18.4725,3918347126.3,,,,,,,
2020-07-22,3856288,6.993,7.0656,6.8932,6.9114,-0.0997,-1.42,0.84,29689415,,,19.7305,1.7958,4.2723,18.2097,3862587982.2,,,,,,,
2020-07-23,4866004,6.8932,6.9658,6.6665,6.8116,-0.0998,-1.44,1.05,36337202,,,19.4456,1.7699,4.2106,17.9468,3806828838.1,,,,,,,
2020-07-24,6207313,6.8025,7.0021,6.6121,6.6665,-0.1451,-2.13,1.35,46742245,,,19.0314,1.7322,4.1209,17.5644,3725724628.5,,,,,,,
2020-07-27,3419300,6.739,6.739,6.476,6.6121,-0.0544,-0.82,0.74,24848597,,,18.876,1.718,4.0873,17.4211,3695310549.9,,,,,,,
2020-07-28,2931040,6.6211,6.6937,6.603,6.6665,0.0544,0.82,0.63,21511980,,,19.0314,1.7322,4.1209,17.5644,3725724628.5,,,,,,,
2020-07-29,5889969,6.7118,6.9567,6.6302,6.9295,0.263,3.95,1.28,44415414,,,19.7823,1.7519,4.2835,18.2575,3872726008.4,,,,,,,
2020-07-30,18960318,6.9567,7.5191,6.9476,7.2923,0.3628,5.24,4.1,152023250,,,20.818,1.8436,4.5078,19.2134,4075486532.4,,,,,,,
2020-07-31,10883078,7.2651,7.4193,7.1563,7.2832,-0.0091,-0.12,2.38,87431956,,,20.7921,1.8413,4.5022,19.1895,4070417519.3,,,,,,,
2020-08-03,10545404,7.3739,7.4556,7.256,7.3377,0.0545,0.75,2.3,85109715,,,20.9474,1.8551,4.5358,19.3328,4100831597.9,,,,,,,
2020-08-04,7972153,7.3377,7.3739,7.1925,7.2832,-0.0545,-0.74,1.74,63959809,,,20.7921,1.8413,4.5022,19.1895,4070417519.3,,,,,,,
2020-08-05,6392151,7.3286,7.3467,7.2197,7.3286,0.0454,0.62,1.38,51283894,,,20.9215,1.8528,4.5302,19.3089,4095762584.8,,,,,,,
2020-08-06,5947664,7.3286,7.3286,7.1472,7.2288,-0.0998,-1.36,1.29,47321476,,,20.6367,1.8276,4.4685,19.0461,4040003440.7,,,,,,,
2020-08-07,5375883,7.2197,7.2379,7.0837,7.12,-0.1088,-1.51,1.17,42317650,,,20.326,1.8001,4.4013,18.7593,3979175283.5,,,,,,,
2020-08-10,8262397,7.0837,7.383,7.0837,7.3558,0.2358,3.31,1.79,66415184,,,20.9992,1.8597,4.547,19.3806,4110969624.1,,,,,,,
2020-08-11,6214676,7.3467,7.4011,7.129,7.1835,-0.1723,-2.34,1.35,49929283,,,20.5073,1.8161,4.4405,18.9266,4014658375.2,,,,,,,
2020-08-12,13193247,7.1563,7.5825,7.1018,7.5191,0.3356,4.67,2.86,107474478,,,21.4653,1.9009,4.648,19.8108,4202211859.9,,,,,,,
2020-08-13,16539025,7.5281,7.7912,7.5009,7.5644,0.0453,0.6,3.62,139424392,,,21.5948,1.9124,4.676,19.9303,4227556925.4,,,,,,,
2020-08-14,9013162,7.5553,7.6551,7.4374,7.5463,-0.0181,-0.24,1.94,74765518,,,21.543,1.9078,4.6648,19.8825,4217418899.2,,,,,,,
2020-08-17,8850327,7.5372,7.637,7.4284,7.5825,0.0362,0.48,1.92,73623646,,,21.6465,1.917,4.6872,19.9781,4237694951.6,,,,,,,
2020-08-18,9112269,7.5825,7.773,7.5281,7.6642,0.0817,1.08,1.99,76737682,,,21.8796,1.9376,4.7377,20.1931,4283316069.5,,,,,,,
2020-08-19,9533660,7.7277,7.7277,7.4193,7.4374,-0.2268,-2.96,2.07,79573559,,,21.2323,1.8803,4.5975,19.5957,4156590742,,,,,,,
2020-08-20,5427400,7.4465,7.6007,7.4193,7.51,0.0726,0.98,1.17,44881110,,,21.4394,1.8987,4.6424,19.7869,4197142846.8,,,,,,,
2020-08-21,5708740,7.5644,7.646,7.4011,7.4284,-0.0816,-1.09,1.23,47269696,,,21.2064,1.878,4.5919,19.5718,4151521728.9,,,,,,,
2020-08-24,8647823,7.51,7.7639,7.4102,7.637,0.2086,2.81,1.89,72639082,500,4210,21.8019,1.9308,4.7208,20.1214,4268109030.2,,,,,,,
2020-08-25,20168766,7.646,8.3444,7.6007,8.1993,0.5623,7.36,4.38,178653941,1200,10848,23.4073,2.0729,5.0685,21.6031,4582387842.4,,,,,,,
2020-08-26,18572680,8.0905,8.4714,8.0723,8.1086,-0.0907,-1.11,4.05,168887766,,,23.1483,2.05,5.0124,21.3641,4531697711.4,,,,,,,
2020-08-27,21149406,8.1449,8.6619,7.9635,8.544,0.4354,5.37,4.59,195496131,2000,18840,24.3912,2.1601,5.2815,22.5112,4775010340.2,,,,,,,
2020-08-28,15444401,8.544,8.544,8.1902,8.3535,-0.1905,-2.23,3.37,141931976,3300,30393,23.8475,2.1119,5.1638,22.0093,4668561065.1,,,,,,,
2020-08-31,10504886,8.3626,8.4351,8.163,8.1721,-0.1814,-2.17,2.29,95880887,1000,9010,23.3296,2.066,5.0516,21.5314,4567180803.1,,,,,,,
2020-09-01,7598777,8.1721,8.2809,8.0995,8.2537,0.0816,1,1.65,68778646,600,5460,23.5626,2.0867,5.1021,21.7465,4612801921,,,,,,,
2020-09-02,15053287,8.2447,8.5984,8.1812,8.5168,0.2631,3.19,3.26,139516218,,,24.3135,2.1532,5.2647,22.4395,4759803300.9,,,,,,,
2020-09-03,12787081,8.4351,8.4805,8.1177,8.1721,-0.3447,-4.05,2.79,116275445,,,23.3296,2.066,5.0516,21.5314,4567180803.1,,,,,,,
2020-09-04,10823015,7.9816,8.3988,7.9363,8.3626,0.1905,2.33,2.36,98464596,400,3688,23.8733,2.1142,5.1694,22.0332,4673630078.2,,,,,,,
2020-09-07,15728065,8.3716,8.6075,8.1902,8.2537,-0.1089,-1.3,3.43,145891693,,,23.5626,2.0867,5.1021,21.7465,4612801921,,,,,,,
2020-09-08,22134606,8.3263,8.8433,8.2174,8.7889,0.5352,6.48,4.8,209786069,2600,25194,25.0903,2.222,5.4329,23.1564,4911873693.9,,,,,,,
2020-09-09,31450053,8.671,9.2333,8.5168,8.544,-0.2449,-2.79,6.84,306409034,100,942,24.3912,2.1601,5.2815,22.5112,4775010340.2,,,,,,,
2020-09-10,23864791,8.544,8.671,7.646,7.6642,-0.8798,-10.3,5.18,212866541,3900,32955,21.8796,1.9376,4.7377,20.1931,4283316069.5,,,,,,,
2020-09-11,15656228,7.5916,8.4351,7.5916,8.2084,0.5442,7.1,3.43,140399191,,,23.4332,2.0752,5.0741,21.627,4587456855.5,,,,,,,
2020-09-14,18892607,8.163,8.7526,8.1358,8.671,0.4626,5.64,4.11,177577971,2000,19120,24.7537,2.1922,5.36,22.8457,4845976523.6,,,,,,,
2020-09-15,12297747,8.6256,8.68,8.3081,8.4261,-0.2449,-2.82,2.69,114553864,,,24.0546,2.1303,5.2086,22.2005,4709113169.9,,,,,,,
2020-09-16,10346898,8.3626,8.4351,8.027,8.1993,-0.2268,-2.69,2.26,93479932,,,23.4073,2.0729,5.0685,21.6031,4582387842.4,,,,,,,
2020-09-17,8801875,8.1721,8.3988,8.0723,8.1721,-0.0272,-0.33,1.91,79762334,,,23.3296,2.066,5.0516,21.5314,4567180803.1,,,,,,,
2020-09-18,8685907,8.1902,8.2356,7.9726,8.1267,-0.0454,-0.56,1.89,77575758,,,23.2001,2.0546,5.0236,21.4119,4541835737.6,,,,,,,
2020-09-21,7974700,8.1358,8.1358,7.8637,7.9,-0.2267,-2.79,1.75,70004911,,,22.5528,1.9973,4.8834,20.8145,4415110410.1,,,,,,,
2020-09-22,5605672,7.8546,7.9635,7.7186,7.8365,-0.0635,-0.8,1.22,48514275,,,22.3716,1.9812,4.8442,20.6472,4379627318.4,,,,,,,
2020-09-23,6403220,7.8456,7.9998,7.7458,7.9453,0.1088,1.39,1.4,55524242,,,22.6823,2.0087,4.9115,20.934,4440455475.6,,,,,,,
2020-09-24,9440142,7.8819,7.9,7.4374,7.4737,-0.4716,-5.94,2.07,79122415,,,21.3358,1.8895,4.6199,19.6913,4176866794.4,,,,,,,
2020-09-25,5822544,7.4646,7.5463,7.2651,7.3286,-0.1451,-1.94,1.27,47434201,,,20.9215,1.8528,4.5302,19.3089,4095762584.8,,,,,,,
2020-09-28,4117400,7.3104,7.383,7.1835,7.2379,-0.0907,-1.24,0.88,32982514,,,20.6626,1.8299,4.4742,19.07,4045072453.8,,,,,,,
2020-09-29,4900022,7.3377,7.51,7.2651,7.3558,0.1179,1.63,1.07,40041594,,,20.9992,1.8597,4.547,19.3806,4110969624.1,,,,,,,
2020-09-30,2526442,7.4284,7.4374,7.3104,7.3649,0.0091,0.12,0.55,20530181,,,23.486,1.8525,4.1056,17.8824,4116038637.2,,,,,,,
2020-10-09,5099625,7.4465,7.6914,7.4465,7.5916,0.2267,3.08,1.12,42504081,,,24.2091,1.9095,4.232,18.4329,4242763964.7,,,,,,,
2020-10-12,9228019,7.6732,8.0633,7.646,8.0088,0.4172,5.5,2.02,80378434,,,25.5395,2.0145,4.4646,19.446,4475938567.3,,,,,,,
2020-10-13,6397500,8.0179,8.1358,7.9726,8.0451,0.0363,0.45,1.4,56720331,,,25.6552,2.0236,4.4849,19.5341,4496214619.7,,,,,,,
2020-10-14,5169166,8.0179,8.0542,7.8365,7.9,-0.1451,-1.8,1.13,45199806,,,25.1925,1.9871,4.404,19.1817,4415110410.1,,,,,,,
2020-10-15,4846200,7.9363,8.0179,7.773,7.8184,-0.0816,-1.03,1.06,42163792,,,24.9321,1.9665,4.3585,18.9835,4369489292.2,,,,,,,
2020-10-16,3565600,7.8637,7.9,7.7095,7.7549,-0.0635,-0.81,0.78,30556817,,,24.7297,1.9506,4.3231,18.8293,4334006200.5,,,,,,,
2020-10-19,4162120,7.7549,7.9091,7.7095,7.7821,0.0272,0.35,0.91,35791931,,,24.8164,1.9574,4.3382,18.8954,4349213239.8,,,,,,,
2020-10-20,9994660,7.7821,8.1358,7.7095,8.1177,0.3356,4.31,2.16,88071631,,,25.8866,2.0418,4.5253,19.7102,4536766724.5,,,,,,,
2020-10-21,8744130,7.9816,8.1449,7.9,7.9544,-0.1633,-2.01,1.91,76909296,200,1754,25.366,2.0008,4.4343,19.3138,4445524488.7,,,,,,,
2020-10-22,11562830,7.9726,8.2356,7.9181,8.1721,0.2177,2.74,2.53,103601096,,,26.0602,2.0555,4.5556,19.8424,4567180803.1,,,,,,,
2020-10-23,10429076,8.1449,8.2356,7.9091,7.9544,-0.2177,-2.66,2.28,92746296,,,25.366,2.0008,4.4343,19.3138,4445524488.7,,,,,,,
2020-10-26,6254040,7.9544,8.1358,7.8728,8.0179,0.0635,0.8,1.36,55089893,,,25.5685,2.0167,4.4697,19.468,4481007580.4,,,,,,,
2020-10-27,9727743,7.9635,8.2174,7.8184,8.2174,0.1995,2.49,2.09,86385983,,,26.2048,2.0669,4.5809,19.9525,4592525868.6,,,,,,,
2020-10-28,18233678,8.2991,8.553,8.1086,8.417,0.1996,2.43,3.98,167927873,,,26.8411,2.1171,4.6922,20.437,4704044156.8,,,,,,,
2020-10-29,13644901,8.2356,8.4805,8.2084,8.4261,0.0091,0.11,2.98,125868398,,,26.87,2.1194,4.6972,20.459,4709113169.9,,,,,,,
2020-10-30,11178015,8.5258,8.5712,7.9816,8.0995,-0.3266,-3.88,2.43,101643965,5000,44650,25.8288,2.0373,4.5152,19.6662,4526628698.3,,,,,,,
2020-11-02,12348363,8.0995,8.4805,8.0542,8.4805,0.381,4.7,2.66,113423705,,,27.0436,2.1331,4.7276,20.5911,4739527248.5,,,,,,,
2020-11-03,21683205,8.5349,8.8524,8.3444,8.4533,-0.0272,-0.32,4.72,203746459,,,26.9568,2.1262,4.7124,20.5251,4724320209.2,,,,,,,
2020-11-04,12092495,8.3535,8.4986,8.2265,8.4351,-0.0182,-0.22,2.61,111360932,,,26.8989,2.1217,4.7023,20.481,4714182183,,,,,,,
2020-11-05,16539788,8.417,8.6437,8.3716,8.6165,0.1814,2.15,3.55,155492201,,,27.4774,2.1673,4.8034,20.9215,4815562445,,,,,,,
2020-11-06,11923676,8.544,8.5712,8.154,8.2447,-0.3718,-4.31,2.58,109222032,,,26.2916,2.0738,4.5961,20.0186,4607732907.9,,,,,,,
2020-11-09,9741397,8.2991,8.3807,8.2084,8.2356,-0.0091,-0.11,2.09,89044787,700,6356,26.2626,2.0715,4.591,19.9965,4602663894.8,,,,,,,
2020-11-10,12709081,8.2265,8.2356,7.7639,7.7912,-0.4444,-5.4,2.76,111152660,,,24.8454,1.9597,4.3433,18.9174,4354282252.9,,,,,,,
2020-11-11,5879067,7.773,7.8728,7.5825,7.646,-0.1452,-1.86,1.28,49877759,,,24.3826,1.9232,4.2624,18.5651,4273178043.3,,,,,,,
2020-11-12,3344362,7.6914,7.7095,7.5553,7.6642,0.0182,0.24,0.72,28115945,,,24.4404,1.9278,4.2725,18.6091,4283316069.5,,,,,,,
2020-11-13,4726420,7.6188,7.8093,7.51,7.646,-0.0182,-0.24,1.02,39913007,,,24.3826,1.9232,4.2624,18.5651,4273178043.3,,,,,,,
2020-11-16,5520268,7.6914,7.7277,7.4828,7.5281,-0.1179,-1.54,1.19,45938269,,,24.0066,1.8935,4.1967,18.2788,4207280873,,,,,,,
2020-11-17,4761044,7.5009,7.5553,7.4193,7.4556,-0.0725,-0.96,1.03,39161023,,,23.7752,1.8753,4.1562,18.1026,4166728768.2,,,,,,,
2020-11-18,3358700,7.4918,7.5553,7.4193,7.5009,0.0453,0.61,0.72,27814816,,,23.9198,1.8867,4.1815,18.2127,4192073833.7,,,,,,,
2020-11-19,6777728,7.6007,7.7458,7.5916,7.7277,0.2268,3.02,1.47,57438800,,,24.6429,1.9437,4.3079,18.7633,4318799161.2,,,,,,,
2020-11-20,4747320,7.6914,7.7005,7.5916,7.6098,-0.1179,-1.53,1.03,39901487,,,24.2669,1.9141,4.2422,18.477,4252901990.9,,,,,,,
2020-11-23,5402120,7.5825,7.6279,7.4284,7.4828,-0.127,-1.67,1.18,44572351,,,23.862,1.8821,4.1714,18.1687,4181935807.5,,,,,,,
2020-11-24,3695042,7.51,7.5463,7.4556,7.4918,0.009,0.12,0.81,30567025,,,23.8909,1.8844,4.1764,18.1907,4187004820.6,,,,,,,
2020-11-25,9681700,7.4828,7.4918,7.2107,7.2288,-0.263,-3.51,2.11,78152921,,,23.0521,1.8183,4.0298,17.552,4040003440.7,,,,,,,
2020-11-26,4960665,7.1744,7.256,7.0383,7.1472,-0.0816,-1.13,1.08,38902789,,,22.7918,1.7977,3.9843,17.3538,3994382322.8,,,,,,,
2020-11-27,3250097,7.0746,7.2016,6.9839,7.1835,0.0363,0.51,0.7,25614522,,,22.9075,1.8068,4.0045,17.4419,4014658375.2,,,,,,,
2020-11-30,2632202,7.0928,7.2288,7.0837,7.1563,-0.0272,-0.38,0.58,20794082,,,22.8207,1.8,3.9893,17.3758,3999451335.9,,,,,,,
2020-12-01,4548802,7.129,7.3467,7.1018,7.3104,0.1541,2.15,0.99,36333029,,,23.3124,1.8388,4.0753,17.7502,4085624558.6,,,,,,,
2020-12-02,4798459,7.3195,7.4011,7.2197,7.3739,0.0635,0.87,1.05,38779982,,,23.5149,1.8548,4.1107,17.9044,4121107650.3,,,,,,,
2020-12-03,9142893,7.4102,7.6188,7.3921,7.4828,0.1089,1.48,2,75835104,,,23.862,1.8821,4.1714,18.1687,4181935807.5,,,,,,,
2020-12-04,5763920,7.3649,7.3921,7.2107,7.247,-0.2358,-3.15,1.26,46171822,,,23.11,1.8228,4.0399,17.5961,4050141466.9,,,,,,,
2020-12-07,3344700,7.2923,7.3014,7.1563,7.1653,-0.0817,-1.13,0.73,26535267,,,22.8496,1.8023,3.9944,17.3979,4004520349,,,,,,,
2020-12-08,2146620,7.1744,7.2107,7.1109,7.129,-0.0363,-0.51,0.46,16962350,,,22.7339,1.7932,3.9742,17.3098,3984244296.6,,,,,,,
2020-12-09,3963400,7.1472,7.2016,6.9114,6.9386,-0.1904,-2.67,0.86,30786588,,,22.1266,1.7453,3.868,16.8473,3877795021.5,,,,,,,
2020-12-10,1761020,6.9476,7.0111,6.866,6.9476,0.009,0.13,0.38,13484334,,,22.1555,1.7475,3.8731,16.8693,3882864034.6,,,,,,,
2020-12-11,3998447,6.9567,6.9658,6.7118,6.73,-0.2176,-3.13,0.87,29928894,,,21.4613,1.6928,3.7517,16.3408,3761207720.2,,,,,,,
2020-12-14,2286420,6.7481,6.866,6.6483,6.8388,0.1088,1.62,0.5,17164759,,,21.8084,1.7202,3.8124,16.605,3822035877.4,,,,,,,
2020-12-15,1724200,6.8569,6.9295,6.8025,6.8751,0.0363,0.53,0.38,13082108,,,21.9241,1.7293,3.8326,16.6931,3842311929.8,,,,,,,
2020-12-16,2193360,6.8479,6.8842,6.7028,6.7118,-0.1633,-2.38,0.47,16354874,,,21.4035,1.6882,3.7416,16.2967,3751069694,,,,,,,
2020-12-17,3281090,6.6937,6.8388,6.5848,6.8116,0.0998,1.49,0.71,24382954,,,21.7216,1.7133,3.7972,16.539,3806828838.1,,,,,,,
2020-12-18,1976681,6.8025,6.8569,6.7118,6.73,-0.0816,-1.2,0.43,14766436,,,21.4613,1.6928,3.7517,16.3408,3761207720.2,,,,,,,
2020-12-21,2491354,6.739,6.8207,6.6846,6.7481,0.0181,0.27,0.54,18574378,,,21.5192,1.6973,3.7618,16.3848,3771345746.4,,,,,,,
2020-12-22,2477460,6.7209,6.73,6.5939,6.5939,-0.1542,-2.29,0.54,18178311,,,21.0275,1.6586,3.6759,16.0104,3685172523.7,,,,,,,
2020-12-23,2737800,6.603,6.6574,6.5214,6.603,0.0091,0.14,0.6,19867816,,,21.0564,1.6608,3.6809,16.0325,3690241536.8,,,,,,,
2020-12-24,3643501,6.6211,6.6211,6.34,6.349,-0.254,-3.85,0.79,25849325,,,20.2465,1.597,3.5393,15.4158,3548309170,,,,,,,
2020-12-25,2216463,6.349,6.4488,6.2855,6.3672,0.0182,0.29,0.48,15598726,,,20.3044,1.6015,3.5495,15.4599,3558447196.2,,,,,,,
2020-12-28,3604183,6.3672,6.3672,6.1676,6.2765,-0.0907,-1.42,0.78,24824568,,,20.0151,1.5787,3.4989,15.2396,3507757065.2,,,,,,,
2020-12-29,2119020,6.1858,6.3853,6.1858,6.3127,0.0362,0.58,0.47,14775672,,,20.1308,1.5878,3.5191,15.3277,3528033117.6,,,,,,,
2020-12-30,1742800,6.3309,6.349,6.2402,6.2674,-0.0453,-0.72,0.38,12070843,,,19.9862,1.5764,3.4938,15.2176,3502688052.1,,,,,,,
2020-12-31,3945362,6.2583,6.5667,6.2583,6.5395,0.2721,4.34,0.85,28153339,,,22.4843,1.6217,3.5822,15.6006,3654758445.1,,,,,,,
2021-01-04,2609402,6.5304,6.6393,6.4851,6.5939,0.0544,0.83,0.57,18893428,,,22.6714,1.6352,3.612,15.7305,3685172523.7,,,,,,,
2021-01-05,1927860,6.5848,6.6211,6.4941,6.5848,-0.0091,-0.14,0.42,13925292,,,22.6402,1.633,3.607,15.7088,3680103510.6,,,,,,,
2021-01-06,2654480,6.5848,6.5848,6.4125,6.5395,-0.0453,-0.69,0.58,18979269,,,22.4843,1.6217,3.5822,15.6006,3654758445.1,,,,,,,
2021-01-07,4892235,6.4579,6.7662,6.3944,6.6121,0.0726,1.11,1.07,35504153,,,22.7337,1.6397,3.6219,15.7737,3695310549.9,,,,,,,
2021-01-08,4324002,6.5304,6.739,6.3944,6.6846,0.0725,1.1,0.94,31432621,,,22.9832,1.6577,3.6617,15.9468,3735862654.7,,,,,,,
2021-01-11,3614210,6.6211,6.6483,6.349,6.349,-0.3356,-5.02,0.77,25853190,,,21.8294,1.5745,3.4778,15.1462,3548309170,,,,,,,
2021-01-12,1865265,6.349,6.4397,6.2946,6.3853,0.0363,0.57,0.41,13088862,,,21.9541,1.5835,3.4977,15.2328,3568585222.4,,,,,,,
2021-01-13,1979187,6.3672,6.3672,6.2039,6.2493,-0.136,-2.13,0.43,13658512,,,21.4863,1.5498,3.4232,14.9082,3492550025.9,,,,,,,
2021-01-14,1737630,6.213,6.3309,6.1495,6.2946,0.0453,0.72,0.38,11968308,,,21.6423,1.561,3.448,15.0164,3517895091.4,,,,,,,
2021-01-15,1763683,6.2674,6.5214,6.2402,6.4397,0.1451,2.31,0.38,12469057,,,22.1412,1.597,3.5275,15.3626,3598999301,,,,,,,
2021-01-18,2592731,6.4125,6.6665,6.4125,6.6483,0.2086,3.24,0.57,18816578,,,22.8585,1.6487,3.6418,15.8603,3715586602.3,,,,,,,
2021-01-19,2615094,6.6302,6.7844,6.5576,6.6846,0.0363,0.55,0.57,19302743,,,22.9832,1.6577,3.6617,15.9468,3735862654.7,,,,,,,
2021-01-20,1598397,6.7118,6.7118,6.5576,6.5939,-0.0907,-1.36,0.35,11684294,,,22.6714,1.6352,3.612,15.7305,3685172523.7,,,,,,,
2021-01-21,3976290,6.5758,6.866,6.5758,6.7844,0.1905,2.89,0.87,29717490,,,23.3262,1.6825,3.7163,16.1848,3791621798.8,,,,,,,
2021-01-22,3461289,6.7572,6.9204,6.6937,6.8297,0.0453,0.67,0.76,26024169,,,23.4822,1.6937,3.7412,16.293,3816966864.3,,,,,,,
2021-01-25,2423970,6.7753,6.8025,6.5758,6.6121,-0.2176,-3.19,0.53,17723899,,,22.7337,1.6397,3.6219,15.7737,3695310549.9,,,,,,,
2021-01-26,2243220,6.6121,6.739,6.5395,6.603,-0.0091,-0.14,0.49,16386271,,,22.7026,1.6375,3.617,15.7521,3690241536.8,,,,,,,
2021-01-27,3049460,6.5758,6.6574,6.3672,6.3944,-0.2086,-3.16,0.66,21826050,,,21.9853,1.5858,3.5027,15.2544,3573654235.5,,,,,,,
2021-01-28,2476977,6.3944,6.476,6.3037,6.3944,0,0,0.54,17413856,,,21.9853,1.5858,3.5027,15.2544,3573654235.5,,,,,,,
2021-01-29,2026362,6.4125,6.4397,6.2674,6.349,-0.0454,-0.71,0.44,14108424,,,21.8294,1.5745,3.4778,15.1462,3548309170,,,,,,,
2021-02-01,1651100,6.3853,6.4397,6.2493,6.4397,0.0907,1.43,0.36,11556936,,,22.1412,1.597,3.5275,15.3626,3598999301,,,,,,,
2021-02-02,1360571,6.4669,6.4851,6.349,6.3672,-0.0725,-1.13,0.3,9583126,,,21.8917,1.579,3.4878,15.1895,3558447196.2,,,,,,,
2021-02-03,1791300,6.4216,6.4216,6.1767,6.3037,-0.0635,-1,0.38,12409370,,,21.6735,1.5633,3.453,15.0381,3522964104.5,,,,,,,
2021-02-04,2445140,6.3037,6.3037,6.0406,6.1313,-0.1724,-2.73,0.53,16516023,,,21.0809,1.5205,3.3586,14.6269,3426652855.6,,,,,,,
2021-02-05,1529300,6.1586,6.2311,6.0406,6.0497,-0.0816,-1.33,0.33,10351149,,,20.8003,1.5003,3.3139,14.4322,3381031737.7,,,,,,,
2021-02-08,1157880,6.0588,6.1041,5.9137,6.0044,-0.0453,-0.75,0.25,7658313,,,20.6444,1.489,3.289,14.324,3355686672.2,,,,,,,
2021-02-09,1221685,6.0588,6.0951,5.9772,6.0679,0.0635,1.06,0.27,8132007,,,20.8626,1.5048,3.3238,14.4755,3391169763.9,,,,,,,
2021-02-10,1280500,6.0497,6.1223,6.0225,6.0951,0.0272,0.45,0.28,8582357,,,20.9562,1.5115,3.3387,14.5404,3406376803.2,,,,,,,
2021-02-18,1853211,6.1404,6.2583,6.1313,6.2311,0.136,2.23,0.4,12675775,,,21.424,1.5453,3.4133,14.865,3482411999.7,,,,,,,
2021-02-19,1952550,6.2493,6.3672,6.1767,6.34,0.1089,1.75,0.42,13552161,,,21.7982,1.5723,3.4729,15.1246,3543240156.9,,,,,,,
2021-02-22,3248220,6.349,6.5667,6.34,6.4216,0.0816,1.29,0.71,23135577,,,22.0789,1.5925,3.5176,15.3193,3588861274.8,,,,,,,
2021-02-23,1638960,6.4125,6.4579,6.3581,6.3762,-0.0454,-0.71,0.36,11572889,,,21.9229,1.5813,3.4927,15.2112,3563516209.3,,,,,,,
2021-02-24,3786970,6.4216,6.6121,6.3944,6.5758,0.1996,3.13,0.83,27294471,,,22.609,1.6307,3.602,15.6872,3675034497.5,,,,,,,
2021-02-25,2171965,6.5758,6.5758,6.3762,6.4125,-0.1633,-2.48,0.48,15423823,,,22.0477,1.5903,3.5126,15.2977,3583792261.7,,,,,,,
2021-02-26,1406800,6.3762,6.4941,6.3581,6.4307,0.0182,0.28,0.31,9984441,,,22.11,1.5948,3.5226,15.341,3593930287.9,,,,,,,
2021-03-01,2631800,6.4579,6.5304,6.4034,6.5214,0.0907,1.41,0.54,18762734,1000,7190,22.4219,1.6172,3.5722,15.5574,3644620418.9,,,,,,,
2021-03-02,1810410,6.5304,6.5486,6.3762,6.4216,-0.0998,-1.53,0.4,12838889,,,22.0789,1.5925,3.5176,15.3193,3588861274.8,,,,,,,
2021-03-03,1879870,6.3944,6.4488,6.3762,6.4488,0.0272,0.42,0.4,13300358,,,22.1724,1.5992,3.5325,15.3843,3604068314.1,,,,,,,
2021-03-04,2208130,6.4397,6.5214,6.4125,6.4307,-0.0181,-0.28,0.48,15731800,,,22.11,1.5948,3.5226,15.341,3593930287.9,,,,,,,
2021-03-05,2189800,6.4034,6.5486,6.4034,6.5395,0.1088,1.69,0.48,15679440,,,22.4843,1.6217,3.5822,15.6006,3654758445.1,,,,,,,
2021-03-08,2457800,6.5576,6.6393,6.4941,6.5304,-0.0091,-0.14,0.53,17822087,,,22.4531,1.6195,3.5772,15.579,3649689432,,,,,,,
2021-03-09,1857410,6.4941,6.5576,6.2583,6.3853,-0.1451,-2.22,0.41,13177856,,,21.9541,1.5835,3.4977,15.2328,3568585222.4,,,,,,,
2021-03-10,1518500,6.4397,6.4488,6.2674,6.2674,-0.1179,-1.85,0.33,10585767,,,21.5487,1.5543,3.4331,14.9515,3502688052.1,,,,,,,
2021-03-11,1397470,6.2765,6.3672,6.2402,6.3672,0.0998,1.59,0.3,9705250,500,3510,21.8917,1.579,3.4878,15.1895,3558447196.2,,,,,,,
2021-03-12,1955702,6.34,6.3762,6.2311,6.3127,-0.0545,-0.86,0.43,13582051,,,21.7046,1.5655,3.458,15.0597,3528033117.6,,,,,,,
2021-03-15,2014190,6.2855,6.34,6.222,6.2402,-0.0725,-1.15,0.44,13902858,,,21.4552,1.5475,3.4182,14.8866,3487481012.8,,,,,,,
2021-03-16,2865240,6.2311,6.3944,6.2311,6.3853,0.1451,2.33,0.63,19993983,,,21.9541,1.5835,3.4977,15.2328,3568585222.4,,,,,,,
2021-03-17,2117400,6.3762,6.4216,6.3127,6.3853,0,0,0.46,14895107,,,21.9541,1.5835,3.4977,15.2328,3568585222.4,,,,,,,
2021-03-18,1492200,6.3944,6.4216,6.3309,6.3672,-0.0181,-0.28,0.32,10485678,,,21.8917,1.579,3.4878,15.1895,3558447196.2,,,,,,,
2021-03-19,3974904,6.3762,6.5758,6.349,6.4851,0.1179,1.85,0.86,28324118,,,22.2972,1.6082,3.5524,15.4708,3624344366.5,,,,,,,
2021-03-22,7022101,6.7118,6.9386,6.603,6.6483,0.1632,2.52,1.54,51819301,,,22.8585,1.6487,3.6418,15.8603,3715586602.3,,,,,,,
2021-03-23,3652940,6.6302,6.6937,6.5486,6.5486,-0.0997,-1.5,0.79,26612833,,,22.5154,1.624,3.5871,15.6223,3659827458.2,,,,,,,
2021-03-24,2287900,6.5395,6.6665,6.5395,6.5667,0.0181,0.28,0.5,16632243,,,22.5778,1.6285,3.5971,15.6655,3669965484.4,,,,,,,
2021-03-25,2287042,6.5395,6.6393,6.4851,6.5939,0.0272,0.41,0.5,16600841,,,22.6714,1.6352,3.612,15.7305,3685172523.7,,,,,,,
2021-03-26,2404780,6.5758,6.6574,6.5486,6.6211,0.0272,0.41,0.53,17529043,,,22.7649,1.642,3.6269,15.7954,3700379563,,,,,,,
2021-03-29,2990500,6.6755,6.73,6.6393,6.6937,0.0726,1.1,0.65,22066485,,,23.0144,1.66,3.6666,15.9685,3740931667.8,,,,,,,
2021-03-30,2779800,6.7118,6.7118,6.6302,6.7028,0.0091,0.14,0.6,20482794,,,23.0456,1.6622,3.6716,15.9901,3746000680.9,,,,,,,
2021-03-31,2845451,6.6846,6.7572,6.6665,6.73,0.0272,0.41,0.62,21102886,,,19.7424,1.6178,3.181,13.2957,3761207720.2,,,,,,,
2021-04-01,1997397,6.73,6.73,6.6665,6.7028,-0.0272,-0.4,0.43,14752316,,,19.6625,1.6112,3.1682,13.2419,3746000680.9,,,,,,,
2021-04-02,2407137,6.6755,6.7572,6.6665,6.7118,0.009,0.13,0.52,17838288,,,19.6892,1.6134,3.1725,13.2599,3751069694,,,,,,,
2021-04-06,1871845,6.7572,6.7753,6.7118,6.7481,0.0363,0.54,0.41,13932953,,,19.7956,1.6221,3.1896,13.3315,3771345746.4,,,,,,,
2021-04-07,3473728,6.7753,6.8932,6.7209,6.8842,0.1361,2.02,0.75,26255606,,,20.1947,1.6548,3.2539,13.6003,3847380942.9,,,,,,,
2021-04-08,2515944,6.8932,6.9295,6.7844,6.8207,-0.0635,-0.92,0.55,19025500,,,20.0084,1.6396,3.2239,13.4749,3811897851.2,,,,,,,
2021-04-09,2014747,6.8207,6.8932,6.8025,6.8842,0.0635,0.93,0.44,15251731,,,20.1947,1.6548,3.2539,13.6003,3847380942.9,,,,,,,
2021-04-12,1827122,6.9204,6.9204,6.7935,6.8025,-0.0817,-1.19,0.39,13802211,,,19.9552,1.6352,3.2153,13.4391,3801759825,,,,,,,
2021-04-13,2260238,6.8207,6.8479,6.7028,6.7209,-0.0816,-1.2,0.49,16878924,,,19.7158,1.6156,3.1768,13.2778,3756138707.1,,,,,,,
2021-04-14,1623740,6.6937,6.8207,6.6937,6.7935,0.0726,1.08,0.35,12117092,,,19.9286,1.633,3.2111,13.4211,3796690811.9,,,,,,,
2021-04-15,4552840,6.7662,6.9839,6.7662,6.9386,0.1451,2.14,0.99,34690481,,,20.3543,1.6679,3.2797,13.7078,3877795021.5,,,,,,,
2021-04-16,2610311,6.9658,6.993,6.8932,6.9839,0.0453,0.65,0.56,20036908,,,20.4874,1.6788,3.3011,13.7974,3903140087,,,,,,,
2021-04-19,8193959,7.0202,7.2923,7.0202,7.2197,0.2358,3.38,1.78,65021626,,,21.1791,1.7355,3.4126,14.2633,4034934427.6,,,,,,,
2021-04-20,14975541,7.1653,7.6642,7.1109,7.5463,0.3266,4.52,3.25,123587315,,,22.137,1.814,3.5669,14.9084,4217418899.2,,,,,,,
2021-04-21,9706155,7.5191,7.773,7.4828,7.5372,-0.0091,-0.12,2.12,81599963,,,22.1104,1.8118,3.5626,14.8905,4212349886.1,,,,,,,
2021-04-22,12005904,7.5191,7.8456,7.5191,7.8184,0.2812,3.73,2.61,102279437,,,22.9352,1.8794,3.6955,15.446,4369489292.2,,,,,,,
2021-04-23,6089059,7.8002,7.9,7.637,7.8909,0.0725,0.93,1.32,52348176,,,23.1481,1.8968,3.7298,15.5893,4410041397,,,,,,,
2021-04-26,14075442,7.8819,8.2719,7.8819,8.2356,0.3447,4.37,3.07,126642602,,,24.1591,1.9797,3.8927,16.2702,4602663894.8,,,,,,,
2021-04-27,8395036,8.2356,8.3716,8.0723,8.2447,0.0091,0.11,1.83,75976140,,,24.1857,1.9819,3.897,16.2881,4607732907.9,,,,,,,
2021-04-28,7834552,8.2447,8.4533,8.0814,8.3354,0.0907,1.1,1.68,71649917,1000,9190,24.4518,2.0037,3.9399,16.4673,4658423038.9,,,,,,,
2021-04-29,6180283,8.3354,8.3716,8.027,8.1902,-0.1452,-1.74,1.35,55701997,5800,52374,24.0261,1.9688,3.8713,16.1806,4577318829.3,,,,,,,
2021-04-30,15623144,8.1449,8.7526,8.0995,8.6982,0.508,6.2,3.42,146772807,,,25.5161,2.0909,4.1114,17.1841,4861183562.9,,,,,,,
2021-05-06,18169195,8.7979,9.3421,8.7072,8.7979,0.0997,1.15,3.97,180487672,,,25.8088,2.1149,4.1585,17.3812,4916942707,,,,,,,
2021-05-07,9455523,8.6437,9.1245,8.6437,8.7254,-0.0725,-0.82,2.06,92784261,,,25.5959,2.0974,4.1242,17.2378,4876390602.2,,,,,,,
2021-05-10,16201014,8.8161,9.2968,8.7072,9.0791,0.3537,4.05,3.53,161626781,,,26.6336,2.1824,4.2914,17.9367,5074082113.1,,,,,,,
2021-05-11,7376868,9.0519,9.1335,8.7979,9.1245,0.0454,0.5,1.6,73324213,,,26.7666,2.1933,4.3129,18.0263,5099427178.6,,,,,,,
2021-05-12,21389763,9.2605,9.8228,9.1789,9.7956,0.6711,7.35,4.67,225158072,,,28.7355,2.3547,4.6301,19.3522,5474534148,,,,,,,
2021-05-13,45015665,9.977,11.7185,9.9498,11.4373,1.6417,16.76,9.81,540103296,,,33.5514,2.7493,5.4061,22.5955,6392025519.1,,,,,,,
2021-05-14,36032709,11.2287,11.791,10.7026,11.4917,0.0544,0.48,7.86,447105562,200,2534,33.711,2.7624,5.4318,22.703,6422439597.7,,,,,,,
2021-05-17,21184822,11.0836,11.9271,10.9929,11.5824,0.0907,0.79,4.58,270485918,,,33.9771,2.7842,5.4747,22.8822,6473129728.7,,,,,,,
2021-05-18,16712177,11.4736,12.0359,11.2922,11.9543,0.3719,3.21,3.64,216139318,,,35.068,2.8736,5.6504,23.6169,6680959265.8,,,,,,,
2021-05-19,16508479,11.9543,12.0178,11.4373,11.791,-0.1633,-1.37,3.55,213674842,1000,13000,34.5891,2.8343,5.5733,23.2944,6589717030,,,,,,,
2021-05-20,23955691,11.3829,11.7548,10.9294,11.3557,-0.4353,-3.69,5.16,299183006,,,33.3119,2.7297,5.3675,22.4343,6346404401.2,,,,,,,
2021-05-21,25391561,11.4645,11.4645,10.6391,10.9929,-0.3628,-3.19,5.51,305986755,900,10908,32.2476,2.6425,5.196,21.7175,6143643877.2,,,,,,,
2021-05-24,14577402,11.0201,11.4736,10.7933,11.4282,0.4353,3.96,3.16,180266973,500,6300,33.5248,2.7471,5.4018,22.5776,6386956506,,,,,,,
2021-05-25,10725917,11.5643,11.8183,11.2922,11.6641,0.2359,2.06,2.33,137280808,,,34.2166,2.8038,5.5132,23.0435,6518750846.6,,,,,,,
2021-05-26,8375402,11.8364,11.8636,11.2831,11.528,-0.1361,-1.17,1.82,107040209,500,6355,33.8175,2.7711,5.4489,22.7747,6442715650.1,,,,,,,
2021-05-27,7138525,11.7003,11.791,11.3557,11.5099,-0.0181,-0.16,1.54,91081271,,,33.7642,2.7668,5.4404,22.7389,6432577623.9,,,,,,,
2021-05-28,9240040,11.7729,11.791,11.3466,11.655,0.1451,1.26,1.99,118320619,,,34.1899,2.8016,5.509,23.0256,6513681833.5,,,,,,,
2021-05-31,12495243,11.8999,11.8999,11.2287,11.7003,0.0453,0.39,2.71,158730794,,,34.323,2.8125,5.5304,23.1152,6539026899,,,,,,,
2021-06-01,15228335,11.6096,12.5166,11.528,11.7276,0.0273,0.23,3.32,201339526,,,34.4028,2.8191,5.5433,23.1689,6554233938.3,,,,,,,
2021-06-02,12746359,11.8364,12.1357,11.3375,11.3738,-0.3538,-3.02,2.76,163502980,,,33.3651,2.734,5.3761,22.4701,6356542427.4,,,,,,,
2021-06-03,22475952,11.7136,12.7055,11.4207,12.0914,0.7176,6.31,4.9,288597217,,,34.0569,3.1108,5.4875,22.936,6488336768,,,,,,,
2021-06-04,17854975,12.3843,12.7527,11.9781,12.3087,0.2173,1.8,3.84,233635800,,,34.6689,3.1667,5.5861,23.3481,6604924069.3,,,,,,,
2021-06-07,10564734,12.3465,12.6866,11.8836,12.5921,0.2834,2.3,2.28,138397754,,,35.4671,3.2396,5.7147,23.8857,6756994462.3,,,,,,,
2021-06-08,8407141,12.4693,12.6771,12.1103,12.2615,-0.3306,-2.63,1.83,109740816,,,34.5358,3.1546,5.5647,23.2585,6579579003.8,,,,,,,
2021-06-09,9482760,12.2237,13.1117,12.1859,12.7338,0.4723,3.85,2.02,128199077,,,35.8662,3.2761,5.779,24.1545,6833029658.8,,,,,,,
2021-06-10,8155189,12.8188,12.8472,12.2993,12.611,-0.1228,-0.96,1.79,108298552,,,33.5265,3.0624,5.4021,22.5788,6387292334.4,,,,,,,
2021-06-11,12457453,12.7338,13.5934,12.5638,13.1589,0.5479,4.34,2.73,174663482,,,34.9831,3.1954,5.6368,23.5597,6664792675.52,,,,,,,
2021-06-15,14744137,13.1683,13.2156,12.337,12.866,-0.2929,-2.23,3.44,198779296,,,34.2046,3.1243,5.5113,23.0354,6516473527.68,,,,,,,
2021-06-16,14947505,12.8472,13.1589,12.4032,12.5638,-0.3022,-2.35,3.49,199943795,,,33.401,3.0509,5.3818,22.4942,6363369891.2,,,,,,,
2021-06-17,5731984,12.611,13.0644,12.4882,13.0077,0.4439,3.53,1.32,77942486,,,34.5813,3.1587,5.572,23.2891,6588240857.28,,,,,,,
2021-06-18,7540229,12.8944,13.0361,12.4693,12.7621,-0.2456,-1.89,1.76,101234823,,,33.9284,3.0991,5.4668,22.8494,6463844152.64,,,,,,,
2021-06-21,7676857,12.97,13.3006,12.611,12.9983,0.2362,1.85,1.78,104734190,400,5504,34.5562,3.1564,5.568,23.2722,6583456368.64,,,,,,,
2021-06-22,6481955,12.9983,13.3195,12.5921,13.1117,0.1134,0.87,1.51,88749181,,,34.8576,3.184,5.6165,23.4752,6640870232.32,,,,,,,
2021-06-23,6261483,13.1117,13.8201,12.9416,13.4234,0.3117,2.38,1.45,89610677,,,35.6863,3.2597,5.7501,24.0333,6798758357.44,,,,,,,
2021-06-24,6667303,13.2911,13.5745,13.0833,13.499,0.0756,0.56,1.55,93848432,,,35.8872,3.278,5.7824,24.1686,6837034266.56,,,,,,,
2021-06-25,5885226,13.4328,13.6784,12.9511,13.3384,-0.1606,-1.19,1.37,82755783,,,35.4603,3.239,5.7136,23.8811,6755697959.68,,,,,,,
2021-06-28,5874567,13.3289,13.7351,13.1494,13.3195,-0.0189,-0.14,1.36,83442533,,,35.4101,3.2344,5.7056,23.8473,6746128982.4,,,,,,,
2021-06-29,7347211,13.4234,13.5367,13.1494,13.3006,-0.0189,-0.14,1.68,104015789,,,35.3598,3.2298,5.6975,23.8134,6736560005.12,,,,,,,
2021-06-30,18566815,13.3006,15.2277,13.2534,15.0387,1.7381,13.07,4.32,287168275,,,39.7713,3.5398,5.9527,33.6682,7616905914.88,,,,,,,
2021-07-01,13060855,14.7931,15.0671,13.4234,14.0185,-1.0202,-6.78,3.02,198682127,,,37.0732,3.2997,5.5488,31.3841,7100181141.76,,,,,,,
2021-07-02,5347120,14.0374,14.4247,13.7918,14.0091,-0.0094,-0.07,1.22,79511764,,,37.0483,3.2975,5.5451,31.363,7095396653.12,,,,,,,
2021-07-05,8938424,14.0185,14.0185,13.3856,13.6973,-0.3118,-2.23,2.09,128190525,100,1450,36.2239,3.2241,5.4217,30.6651,6937508528,,,,,,,
2021-07-06,17318779,13.6973,13.7446,12.1859,12.9038,-0.7935,-5.79,4.04,234083415,,,34.1254,3.0297,5.1076,28.8886,6535611482.24,,,,,,,
2021-07-07,12861595,12.8566,13.3573,12.3843,12.4693,-0.4345,-3.37,3.01,173156122,,,32.9762,2.9277,4.9356,27.9158,6315525004.8,,,,,,,
2021-07-08,19922039,12.4693,12.4976,11.4585,11.7608,-0.7085,-5.68,4.63,249146811,,,31.1026,2.7613,4.6552,26.3297,5956688356.8,,,,,,,
2021-07-09,13300387,11.7986,13.4517,11.7703,13.4328,1.672,14.22,3.06,178273980,,,35.5244,3.1539,5.317,30.073,6803542846.08,,,,,,,
2021-07-12,9766118,13.2722,13.3951,12.5638,12.9983,-0.4345,-3.23,2.27,133327641,,,34.3752,3.0519,5.145,29.1001,6583456368.64,,,,,,,
2021-07-13,8151483,12.7905,13.5934,12.7244,13.2817,0.2834,2.18,1.9,114398596,,,35.1247,3.1184,5.2572,29.7346,6726991027.84,,,,,,,
2021-07-14,6000566,13.5462,13.9335,13.225,13.3573,0.0756,0.57,1.39,85690895,,,35.3245,3.1362,5.2871,29.9038,6765266936.96,,,,,,,
2021-07-15,4608040,13.225,13.8296,13.1589,13.4139,0.0566,0.42,1.07,65781832,,,35.4744,3.1495,5.3095,30.0307,6793973868.8,,,,,,,
2021-07-16,5727500,13.4234,13.7257,13.0833,13.2345,-0.1794,-1.34,1.34,80425972,,,34.9997,3.1073,5.2385,29.6288,6703068584.64,,,,,,,
2021-07-19,9593561,13.14,14.3019,13.14,14.0752,0.8407,6.35,2.24,141917796,,,37.2231,3.3356,5.5713,31.8055,7195501160.9,,,,,,,
2021-07-20,5259121,13.9996,13.9996,13.4423,13.7068,-0.3684,-2.62,1.23,76124044,,,36.2488,3.2483,5.4255,30.973,7007162539.91,,,,,,,
2021-07-21,4733782,13.8012,14.3397,13.7257,14.1224,0.4156,3.03,1.09,70773164,,,37.3481,3.3468,5.59,31.9122,7219647137.95,,,,,,,
2021-07-22,6145641,14.0752,15.2277,14.0563,14.9915,0.8691,6.15,1.42,95984589,,,39.6464,3.5528,5.934,33.876,7663933115.67,,,,,,,
2021-07-23,4008700,15.0293,15.1143,14.5192,14.5475,-0.444,-2.96,0.93,62409211,1100,16940,38.4722,3.4476,5.7582,32.8728,7436960931.4,,,,,,,
2021-07-26,5065510,14.5475,14.8592,13.669,14.0469,-0.5006,-3.44,1.19,75604886,,,37.1482,3.3289,5.5601,31.7414,7181013574.67,,,,,,,
2021-07-27,3907560,14.113,14.3114,13.1778,13.2439,-0.803,-5.72,0.91,57104886,,,35.0247,3.1386,5.2422,29.927,6770531964.82,,,,,,,
2021-07-28,6448840,13.2156,13.7918,12.9133,13.3762,0.1323,1,1.5,91583327,,,35.3745,3.17,5.2946,30.2259,6838140700.56,,,,,,,
2021-07-29,4514424,13.6407,14.1886,13.4801,13.9996,0.6234,4.66,1.06,66274484,,,37.0233,3.3177,5.5414,31.6347,7156867597.62,,,,,,,
2021-07-30,8674680,13.9996,14.1697,13.0361,13.5084,-0.4912,-3.51,2,123473361,,,35.7242,3.2013,5.3469,30.5247,6905749436.3,,,,,,,
2021-08-02,15183985,13.5084,15.4449,13.2534,15.3977,1.8893,13.99,3.48,232629170,1500,24450,40.7206,3.5632,6.0948,34.7939,7871588518.3,,,,,,,
2021-08-03,13446371,16.0589,16.1912,14.9254,15.0954,-0.3023,-1.96,3.08,221868543,,,39.9212,3.4933,5.9751,34.1108,7717054265.18,,,,,,,
2021-08-04,7973960,14.897,15.0954,14.3775,14.7553,-0.3401,-2.25,1.86,123997690,,,39.0218,3.4146,5.8405,33.3424,7543203230.42,,,,,,,
2021-08-05,8791039,14.8592,15.5677,14.5286,14.9821,0.2268,1.54,2.04,139318602,,,39.6214,3.467,5.9302,33.8547,7659103920.26,,,,,,,
2021-08-06,6093070,14.8781,15.4733,14.6042,15.2843,0.3022,2.02,1.41,97441803,,,40.4208,3.5886,6.0499,34.218,7813638173.38,,,,,,,
2021-08-09,6930778,15.1237,15.7756,14.6136,15.4544,0.1701,1.11,1.6,111182075,,,40.8705,3.5432,6.1172,34.5987,7827423415.04,,,,,,,
2021-08-10,5605752,15.2843,15.2843,14.642,14.8215,-0.6329,-4.1,1.3,88295270,,,39.563,3.4299,5.9215,33.4918,7577007598.29,,,,,,,
2021-08-11,5536496,14.7364,14.9632,14.3586,14.897,0.0755,0.51,1.28,86456083,,,39.7647,3.4474,5.9517,33.6626,7615641161.57,,,,,,,
2021-08-12,5873569,14.9065,15.0954,14.3491,14.5003,-0.3967,-2.66,1.35,91142516,,,38.7057,3.3555,5.7932,32.7661,7412814954.35,,,,,,,
2021-08-13,4675239,14.5664,14.6325,14.2358,14.4436,-0.0567,-0.39,1.08,71381259,,,38.5544,3.3424,5.7705,32.638,7383839781.89,,,,,,,
2021-08-16,8481405,14.5286,15.0009,14.1035,14.8309,0.3873,2.68,1.96,131016958,,,39.5882,3.4321,5.9253,33.5132,7581836793.7,,,,,,,
2021-08-17,5847294,14.8026,15.1143,14.5003,14.7176,-0.1133,-0.76,1.35,91501524,,,39.2856,3.4058,5.88,33.257,7523886448.78,,,,,,,
2021-08-18,4280069,14.5286,15.0482,14.4625,14.7081,-0.0095,-0.06,0.98,66800795,,,39.2604,3.4036,5.8762,33.2357,7519057253.37,,,,,,,
2021-08-19,3508535,14.6042,14.6987,14.1508,14.283,-0.4251,-2.89,0.81,53230689,,,38.1257,3.3053,5.7064,32.2751,7301743459.92,,,,,,,
2021-08-20,2829046,14.0752,14.4719,14.0752,14.283,0,0,0.65,42808935,,,38.1257,3.3053,5.7064,32.2751,7301743459.92,,,,,,,
2021-08-23,10487929,14.2074,16.5785,14.1602,15.9739,1.6909,11.84,2.41,174832798,700,11837,42.6393,3.6966,6.3819,36.096,8166169438.31,,,,,,,
2021-08-24,10030729,16.0589,16.3046,14.8498,15.3032,-0.6707,-4.2,2.33,164098393,,,40.849,3.5414,6.114,34.5805,7823296564.2,,,,,,,
2021-08-25,6626712,15.3977,16.0401,14.9254,15.3977,0.0945,0.62,1.52,108411023,,,41.1011,3.5632,6.1517,34.7939,7871588518.3,,,,,,,
2021-08-26,4524540,15.5866,15.5866,14.9443,15.0954,-0.3023,-1.96,1.04,72611700,,,40.2942,3.4933,6.0309,34.1108,7717054265.18,,,,,,,
2021-08-27,7787061,15.1049,16.5029,14.9443,16.2006,1.1052,7.32,1.79,131734342,,,43.2444,3.749,6.4725,36.6083,8282070128.15,,,,,,,
2021-08-30,5922081,16.2101,16.843,15.5866,16.7391,0.5385,3.32,1.35,101506747,,,44.6817,3.8736,6.6876,37.825,8557334266.52,,,,,,,
2021-08-31,11625416,16.229,18.0994,15.8511,17.7876,1.0485,6.26,2.68,211784330,,,47.4806,4.1163,7.1065,40.1944,9093374957.03,,,,,,,
2021-09-01,12225634,17.9388,19.044,17.1453,17.2492,-0.5384,-3.03,2.83,232110423,,,46.0433,3.9917,6.8914,38.9777,8818110818.66,,,,,,,
2021-09-02,6649798,17.0792,17.6365,16.7391,16.7958,-0.4534,-2.63,1.53,120008260,,,44.833,3.8867,6.7103,37.9531,8586309438.98,,,,,,,
2021-09-03,5771227,16.7863,17.0697,16.4462,16.8147,0.0189,0.11,1.33,102372182,,,44.8834,3.8911,6.7178,37.9958,8595967829.8,,,,,,,
2021-09-06,5955221,17.1075,17.6554,16.1345,16.3801,-0.4346,-2.58,1.37,104816084,,,43.7235,3.7906,6.5442,37.0139,8373824840.94,,,,,,,
2021-09-07,5209038,16.6824,17.0036,16.1534,16.484,0.1039,0.63,1.2,90712740,,,44.0009,3.8146,6.5857,37.2487,8426945990.45,,,,,,,
2021-09-08,5196997,16.484,16.8147,15.8228,16.0495,-0.4345,-2.64,1.2,88588608,,,42.841,3.714,6.4121,36.2668,8204803001.59,,,,,,,
2021-09-09,3264843,16.0589,16.3896,15.8417,15.9267,-0.1228,-0.77,0.74,55567515,,,42.5132,3.6856,6.363,35.9893,8142023461.26,,,,,,,
2021-09-10,5730798,15.9456,16.1062,15.5016,16.0778,0.1511,0.95,1.32,96144576,,,42.9166,3.7206,6.4234,36.3308,8219290587.82,,,,,,,
2021-09-13,3932449,16.2479,16.3423,15.615,15.8795,-0.1983,-1.23,0.91,65990882,,,42.3871,3.6747,6.3442,35.8826,8117877484.21,,,,,,,
2021-09-14,4762823,15.87,16.1345,15.5866,15.5961,-0.2834,-1.78,1.09,79738014,,,41.6306,3.6091,6.231,35.2422,7973001621.91,,,,,,,
2021-09-15,6012701,15.4922,15.5866,15.1237,15.2466,-0.3495,-2.24,1.39,97346677,,,40.6977,3.5282,6.0913,34.4524,7794321391.74,,,,,,,
2021-09-16,5455336,15.3221,15.4922,14.2641,14.3114,-0.9352,-6.13,1.26,85432226,,,38.2013,3.3118,5.7177,32.3391,7316231046.15,,,,,,,
2021-09-17,10877123,14.3775,14.4247,13.4895,13.6879,-0.6235,-4.36,2.52,158732209,,,36.5371,3.1675,5.4686,30.9303,6997504149.09,,,,,,,
2021-09-22,4744818,13.6784,14.283,13.5462,13.9618,0.2739,2,1.09,70318748,,,37.2684,3.2309,5.578,31.5493,7137550815.98,,,,,,,
2021-09-23,5722279,13.9618,14.1319,13.2817,13.3762,-0.5856,-4.19,1.32,82299606,,,35.705,3.0954,5.3441,30.2259,6838140700.56,,,,,,,
2021-09-24,5814140,13.225,13.4895,12.7716,12.8188,-0.5574,-4.17,1.33,80474646,,,34.2173,2.9664,5.1214,28.9665,6553218171.37,,,,,,,
2021-09-27,5851481,13.14,13.14,12.1859,12.2898,-0.529,-4.13,1.36,77523197,,,32.8052,2.844,4.91,27.7711,6282783228.41,,,,,,,
2021-09-28,4126584,12.337,12.5827,12.1765,12.3654,0.0756,0.62,0.96,54071988,,,33.007,2.8615,4.9402,27.9419,6321416791.69,,,,,,,
2021-09-29,3912240,12.4693,12.5543,11.8647,11.8836,-0.4818,-3.9,0.91,50408199,,,31.721,2.75,4.7478,26.8532,6075127825.78,,,,,,,
2021-09-30,5690200,12.0064,12.4787,11.7986,12.3276,0.444,3.74,1.31,74136868,,,30.3884,2.8286,4.9226,47.9068,6302100010.05,,,,,,,
2021-10-08,5048301,12.2993,12.8849,11.7703,12.3087,-0.0189,-0.15,1.17,65176799,,,30.3418,2.8242,4.9151,47.8334,6292441619.23,,,,,,,
2021-10-11,3250912,12.3087,12.3748,11.9309,12.0914,-0.2173,-1.77,0.74,41542456,,,29.8063,2.7744,4.8283,46.9891,6181370124.8,,,,,,,
2021-10-12,4133953,12.1009,12.3559,11.6097,11.912,-0.1794,-1.48,0.95,52536844,,,29.3638,2.7332,4.7567,46.2916,6089615412.01,,,,,,,
2021-10-13,6701006,11.8836,12.0631,11.2413,11.4207,-0.4913,-4.12,1.56,81249853,,,28.153,2.6205,4.5605,44.3827,5838497250.69,,,,,,,
2021-10-14,3952988,11.3263,11.8553,11.3074,11.7325,0.3118,2.73,0.91,48980572,,,28.9214,2.692,4.685,45.5941,5997860699.22,,,,,,,
2021-10-15,3438072,11.7419,11.7514,11.2696,11.3168,-0.4157,-3.54,0.79,41625460,,,27.8968,2.5967,4.519,43.9789,5785376101.18,,,,,,,
2021-10-18,2817620,11.2507,11.4585,11.1374,11.4113,0.0945,0.84,0.64,33856402,,,28.1297,2.6183,4.5567,44.346,5833668055.28,,,,,,,
2021-10-19,3125800,11.4491,11.4585,11.1657,11.3924,-0.0189,-0.17,0.72,37472247,,,28.0831,2.614,4.5492,44.2725,5824009664.46,,,,,,,
2021-10-20,3447300,11.383,11.4019,11.0712,11.2318,-0.1606,-1.41,0.79,41011060,,,27.6872,2.5772,4.4851,43.6485,5741913342.49,,,,,,,
2021-10-21,2667010,11.3074,11.3074,10.8823,10.9295,-0.3023,-2.69,0.62,31129660,,,26.9421,2.5078,4.3644,42.4737,5587379089.37,,,,,,,
2021-10-22,8674625,10.9484,10.9484,10.3911,10.4855,-0.444,-4.06,2,97286767,,,25.8476,2.4059,4.1871,40.7484,5360406905.1,,,,,,,
2021-10-25,7289022,10.5044,11.1562,10.4005,10.9957,0.5102,4.87,1.68,84223628,,,27.1051,2.523,4.3908,42.7307,5621183457.24,,,,,,,
2021-10-26,14999953,11.2224,12.1859,11.1468,11.9214,0.9257,8.42,3.46,187060708,,,29.3871,2.7354,4.7604,46.3283,6094444607.42,,,,,,,
2021-10-27,8757390,11.6664,12.2237,11.5058,12.0253,0.1039,0.87,2.02,109702880,,,29.6433,2.7592,4.8019,46.7321,6147565756.93,,,,,,,
2021-10-28,10391769,11.9875,12.7338,11.9781,12.3937,0.3684,3.06,2.4,136120733,,,30.5514,2.8438,4.949,48.1638,6335904377.92,,,,,,,
2021-10-29,6726023,12.3937,12.5449,11.9686,12.337,-0.0567,-0.46,1.55,87503712,800,10448,30.4117,2.8308,4.9264,47.9436,6306929205.46,,,,,,,
2021-11-01,9271258,12.4693,12.4976,11.6947,11.9025,-0.4345,-3.52,2.14,116574089,2100,26460,29.3405,2.731,4.7529,46.2549,6084786216.6,,,,,,,
2021-11-02,13008552,12.6488,13.6501,11.808,12.0159,0.1134,0.95,3.01,172223465,,,29.62,2.7571,4.7982,46.6954,6142736561.52,,,,,,,
2021-11-03,8838400,11.808,12.3937,11.3263,12.2142,0.1983,1.65,2.05,111170446,,,30.109,2.8026,4.8774,47.4663,6244149665.13,,,,,,,
2021-11-04,5785955,12.1481,12.4032,11.9214,12.3465,0.1323,1.08,1.32,74652440,,,30.435,2.8329,4.9302,47.9803,6311758400.87,,,,,,,
2021-11-05,10099366,12.1576,12.252,11.5341,11.5624,-0.7841,-6.35,2.34,125525813,,,28.5022,2.653,4.6171,44.9333,5910935181.84,,,,,,,
2021-11-08,6482591,11.6002,11.7419,11.279,11.6475,0.0851,0.74,1.5,79180095,,,28.7118,2.6725,4.651,45.2637,5954397940.53,,,,,,,
2021-11-09,12348485,11.6947,12.4126,11.5813,11.9686,0.3211,2.76,2.86,156197233,,,29.5035,2.7462,4.7793,46.5119,6118590584.47,,,,,,,
2021-11-10,8655700,11.9497,12.0631,11.2224,11.7041,-0.2645,-2.21,2.01,105799635,,,28.8515,2.6855,4.6737,45.484,5983373112.99,,,,,,,
2021-11-11,4397028,11.6664,11.7325,11.468,11.5247,-0.1794,-1.53,1.01,53789543,,,28.4091,2.6443,4.602,44.7865,5891618400.2,,,,,,,
2021-11-12,3904702,11.5247,11.6286,11.3546,11.4019,-0.1228,-1.07,0.9,47366265,,,28.1064,2.6162,4.553,44.3092,5828838859.87,,,,,,,
2021-11-15,7965797,11.4396,11.8269,11.2979,11.7136,0.3117,2.73,1.84,97994277,,,28.8748,2.6877,4.6774,45.5207,5988202308.4,,,,,,,
2021-11-16,6372763,11.6664,11.8931,11.4774,11.5247,-0.1889,-1.61,1.48,78656663,,,28.4091,2.6443,4.602,44.7865,5891618400.2,,,,,,,
2021-11-17,8312616,11.5247,12.0631,11.4491,12.0159,0.4912,4.26,1.9,104388094,,,29.62,2.7571,4.7982,46.6954,6142736561.52,,,,,,,
2021-11-18,8148082,12.0159,12.4787,11.997,12.2331,0.2172,1.81,1.88,106172727,,,30.1556,2.8069,4.8849,47.5397,6253808055.95,,,,,,,
2021-11-19,5978322,12.2331,12.441,12.1009,12.2426,0.0095,0.08,1.38,77735207,,,30.1788,2.8091,4.8887,47.5765,6258637251.36,,,,,,,
2021-11-22,6852560,12.2426,12.4126,11.9781,12.1387,-0.1039,-0.85,1.58,87644991,,,29.9227,2.7852,4.8472,47.1726,6205516101.85,,,,,,,
2021-11-23,4590902,12.082,12.2237,11.8742,11.9875,-0.1512,-1.25,1.06,58249145,,,29.5501,2.7506,4.7868,46.5853,6128248975.29,,,,,,,
2021-11-24,10413639,11.997,12.526,11.8836,12.0348,0.0473,0.39,2.41,134270944,,,29.6666,2.7614,4.8057,46.7688,6152394952.34,,,,,,,
2021-11-25,6570104,12.0253,12.3748,11.9686,12.1859,0.1511,1.26,1.51,84957916,,,30.0391,2.7961,4.8661,47.3562,6229662078.9,,,,,,,
2021-11-26,6055200,12.1859,12.3182,11.8553,12.1198,-0.0661,-0.54,1.4,76968982,,,29.8761,2.7809,4.8396,47.0992,6195857711.03,,,,,,,
2021-11-29,16316510,11.8742,13.1967,11.7986,12.9983,0.8785,7.25,3.76,218881491,,,32.0417,2.9825,5.1905,50.5133,6644972884.16,,,,,,,
2021-11-30,12034016,13.0455,13.14,12.4126,12.6015,-0.3968,-3.05,2.77,160904526,,,31.0637,2.8914,5.032,48.9714,6442146676.94,,,,,,,
2021-12-01,14088958,12.5165,13.3856,12.4032,13.3856,0.7841,6.22,3.23,194366668,,,32.9965,3.0713,5.3451,52.0184,6842969895.97,,,,,,,
2021-12-02,20379203,13.3384,14.0563,13.0361,13.9052,0.5196,3.88,4.7,292639145,,,34.2772,3.1906,5.5526,54.0375,7108575643.52,,,,,,,
2021-12-03,14588227,13.7351,13.8674,13.2722,13.4801,-0.4251,-3.06,3.37,208550381,,,33.2293,3.093,5.3828,52.3855,6891261850.07,,,,,,,
2021-12-06,11761102,13.4706,13.4706,12.8188,12.9605,-0.5196,-3.85,2.73,161376373,,,31.9486,2.9738,5.1754,50.3664,6625656102.52,,,,,,,
2021-12-07,13327248,12.8944,13.0266,11.997,12.4693,-0.4912,-3.79,3.08,174378686,,,30.7377,2.8611,4.9792,48.4575,6374537941.2,,,,,,,
2021-12-08,9283900,12.2709,12.8944,12.2237,12.6015,0.1322,1.06,2.15,124080507,400,5336,31.0637,2.8914,5.032,48.9714,6442146676.94,,,,,,,
2021-12-09,6185500,12.611,12.8566,12.4693,12.5827,-0.0188,-0.15,1.43,82787375,2000,26640,31.0171,2.8871,5.0245,48.898,6432488286.12,,,,,,,
2021-12-10,8658741,12.5354,13.1589,12.4315,12.7055,0.1228,0.98,1.78,117806466,2100,28245,31.3199,2.9153,5.0735,49.3753,6495267826.45,,,,,,,
2021-12-13,9059600,12.8188,12.9038,12.1387,12.2898,-0.4157,-3.27,2.08,118653789,,,30.2953,2.8199,4.9075,47.76,6282783228.41,,,,,,,
2021-12-14,3590840,12.2804,12.4032,12.1198,12.3465,0.0567,0.46,0.82,46702084,,,30.435,2.8329,4.9302,47.9803,6311758400.87,,,,,,,
2021-12-15,3798600,12.3465,12.3748,12.1576,12.1576,-0.1889,-1.53,0.88,49156131,,,29.9693,2.7896,4.8547,47.2461,6215174492.67,,,,,,,
2021-12-16,11759764,12.1859,12.2709,11.5247,11.7419,-0.4157,-3.42,2.72,146901122,,,28.9447,2.6942,4.6888,45.6308,6002689894.63,,,,,,,
2021-12-17,5285165,11.7514,11.7892,11.5152,11.5719,-0.17,-1.45,1.21,64842629,,,28.5255,2.6552,4.6209,44.97,5915764377.25,,,,,,,
2021-12-20,3232700,11.5341,11.638,11.4585,11.5341,-0.0378,-0.33,0.74,39546289,,,28.4324,2.6465,4.6058,44.8232,5896447595.61,,,,,,,
2021-12-21,2489965,11.5247,11.8458,11.5058,11.7136,0.1795,1.56,0.57,30735755,,,28.8748,2.6877,4.6774,45.5207,5988202308.4,,,,,,,
2021-12-22,2219000,11.7514,11.7892,11.6002,11.7136,0,0,0.51,27461150,,,28.8748,2.6877,4.6774,45.5207,5988202308.4,,,,,,,
2021-12-23,2920900,11.7136,11.7514,11.5341,11.5624,-0.1512,-1.29,0.67,35973508,,,28.5022,2.653,4.6171,44.9333,5910935181.84,,,,,,,
2021-12-24,6445533,11.7325,11.7514,11.109,11.4302,-0.1322,-1.14,1.49,77611392,1000,12100,28.1762,2.6227,4.5643,44.4194,5843326446.1,,,,,,,
2021-12-27,3290942,11.5152,11.6569,11.2885,11.6286,0.1984,1.74,0.75,40139681,,,28.6652,2.6682,4.6435,45.1903,5944739549.71,,,,,,,
2021-12-28,4602495,11.5719,12.082,11.5719,11.912,0.2834,2.44,1.06,57978937,,,29.3638,2.7332,4.7567,46.2916,6089615412.01,,,,,,,
2021-12-29,3745133,11.9497,12.082,11.6758,11.9403,0.0283,0.24,0.86,47187719,,,29.4337,2.7397,4.768,46.4017,6104102998.24,,,,,,,
2021-12-30,2914374,11.8647,12.2048,11.8647,12.082,0.1417,1.19,0.67,37197348,,,29.783,2.7722,4.8246,46.9524,6176540929.39,,,,,,,
2021-12-31,3114420,12.0914,12.252,11.8742,12.0442,-0.0378,-0.31,0.72,39655940,500,6375,30.7133,2.7301,4.9284,84.0372,6157224147.75,,,,,,,
2022-01-04,2707483,11.997,12.0442,11.8553,11.9309,-0.1133,-0.94,0.63,34176459,100,1263,30.4243,2.7044,4.882,83.2463,6099273802.83,,,,,,,
2022-01-05,3631004,11.9309,11.9497,11.4963,11.6097,-0.3212,-2.69,0.84,44850722,,,29.6052,2.6316,4.7505,81.0053,5935081158.89,,,,,,,
2022-01-06,2151233,11.6097,11.8836,11.5152,11.808,0.1983,1.71,0.49,26775754,,,30.1111,2.6766,4.8317,82.3894,6036494262.5,,,,,,,
2022-01-07,4317397,11.7136,11.9025,11.4963,11.6002,-0.2078,-1.76,0.99,53350171,,,29.5812,2.6295,4.7467,80.9394,5930251963.48,,,,,,,
2022-01-10,13383734,11.5435,12.7905,11.3641,12.7338,1.1336,9.77,3.08,174086656,,,32.4718,2.8864,5.2105,88.8487,6509755412.68,,,,,,,
2022-01-11,8571484,12.7527,12.8472,12.3559,12.7338,0,0,1.97,114306374,,,32.4718,2.8864,5.2105,88.8487,6509755412.68,,,,,,,
2022-01-12,3641354,12.7338,12.7338,12.4221,12.4504,-0.2834,-2.23,0.83,48245301,,,31.7492,2.8222,5.0946,86.8714,6364879550.38,,,,,,,
2022-01-13,3039598,12.441,12.4693,12.2615,12.2804,-0.17,-1.37,0.7,39638245,,,31.3156,2.7837,5.025,85.685,6277954033,,,,,,,
2022-01-14,3120462,12.2142,12.4787,12.1481,12.4599,0.1795,1.46,0.71,40833629,1000,13190,31.7732,2.8243,5.0984,86.9373,6369708745.79,,,,,,,
2022-01-17,3662794,12.4126,12.6771,12.3087,12.5638,0.1039,0.83,0.84,48525132,,,32.0382,2.8479,5.1409,87.6623,6422829895.3,,,,,,,
2022-01-18,2939371,12.5921,12.6299,12.3748,12.611,0.0472,0.38,0.67,38920519,,,32.1587,2.8586,5.1603,87.9919,6446975872.35,,,,,,,
2022-01-19,3213938,12.4693,12.7244,12.3748,12.4126,-0.1984,-1.57,0.74,42617108,,,31.6528,2.8136,5.0791,86.6077,6345562768.74,,,,,,,
2022-01-20,3316309,12.2898,12.4504,12.0914,12.0914,-0.3212,-2.59,0.76,43094727,,,30.8338,2.7408,4.9477,84.3668,6181370124.8,,,,,,,
2022-01-21,4574515,12.0159,12.0442,11.4396,11.5152,-0.5762,-4.77,1.05,56329722,1100,13409,29.3644,2.6102,4.7119,80.3461,5886789204.79,,,,,,,
2022-01-24,4253422,11.5152,11.6569,11.1468,11.279,-0.2362,-2.05,0.98,50768912,,,28.7621,2.5567,4.6153,78.6984,5766059319.54,,,,,,,
2022-01-25,4435765,11.2507,11.4113,10.7595,10.8445,-0.4345,-3.85,1.02,52024565,,,27.654,2.4582,4.4375,75.6664,5543916330.68,,,,,,,
2022-01-26,3012057,10.854,11.0429,10.6367,10.75,-0.0945,-0.87,0.69,34529185,,,27.4132,2.4368,4.3988,75.0073,5495624376.58,,,,,,,
2022-01-27,4996028,10.75,10.854,10.3155,10.4667,-0.2833,-2.64,1.16,56192608,,,26.6905,2.3725,4.2828,73.03,5350748514.28,,,,,,,
2022-01-28,3326453,10.5328,10.75,10.3911,10.6084,0.1417,1.35,0.76,37118391,,,27.0518,2.4047,4.3408,74.0186,5423186445.43,,,,,,,
2022-02-07,5229495,10.7312,11.3263,10.7312,11.1657,0.5573,5.25,1.21,61369373,,,28.4731,2.531,4.5689,77.9074,5708108974.62,,,,,,,
2022-02-08,2674300,11.1751,11.3357,10.9957,11.1562,-0.0095,-0.09,0.61,31565575,,,28.449,2.5288,4.565,77.8415,5703279779.21,,,,,,,
2022-02-09,1965320,11.2129,11.2129,11.0051,11.194,0.0378,0.34,0.45,23184848,,,28.5453,2.5374,4.5805,78.1052,5722596560.85,,,,,,,
2022-02-10,2747940,11.1846,11.1846,10.8729,10.9579,-0.2361,-2.11,0.63,31994415,,,27.9431,2.4839,4.4838,76.4574,5601866675.6,,,,,,,
2022-02-11,2419062,10.9579,11.0429,10.5328,10.5989,-0.359,-3.28,0.56,27462578,,,27.0277,2.4025,4.337,73.9527,5418357250.02,,,,,,,
2022-02-14,1615562,10.5328,10.8729,10.5328,10.7217,0.1228,1.16,0.37,18371240,,,27.3409,2.4303,4.3872,74.8096,5481136790.35,,,,,,,
2022-02-15,1784941,10.7217,10.8067,10.5328,10.6745,-0.0472,-0.44,0.41,20072374,,,27.2204,2.4196,4.3679,74.48,5456990813.3,,,,,,,
2022-02-16,2093410,10.7028,11.024,10.665,10.9768,0.3023,2.83,0.48,24137487,,,27.9913,2.4882,4.4916,76.5892,5611525066.42,,,,,,,
2022-02-17,1528400,10.8823,11.0996,10.7878,10.9012,-0.0756,-0.69,0.35,17754655,,,27.7986,2.471,4.4606,76.0619,5572891503.14,,,,,,,
2022-02-18,1295321,10.9106,11.0996,10.7689,10.9579,0.0567,0.52,0.3,15042049,,,27.9431,2.4839,4.4838,76.4574,5601866675.6,,,,,,,
2022-02-21,1554359,10.9579,11.1468,10.9012,11.0996,0.1417,1.29,0.36,18172561,,,28.3044,2.516,4.5418,77.446,5674304606.75,,,,,,,
2022-02-22,2965953,11.0145,11.2696,10.7784,11.1468,0.0472,0.43,0.69,34765450,,,28.4249,2.5267,4.5611,77.7756,5698450583.8,,,,,,,
2022-02-23,2126267,11.2696,11.4019,11.1468,11.3735,0.2267,2.03,0.49,25447628,,,29.003,2.5781,4.6539,79.3575,5814351273.64,,,,,,,
2022-02-24,2439340,11.2885,11.3641,10.8729,11.0051,-0.3684,-3.24,0.56,28730652,,,28.0636,2.4946,4.5032,76.7869,5626012652.65,,,,,,,
2022-02-25,2071775,11.0618,11.3074,11.024,11.2318,0.2267,2.06,0.47,24631753,,,28.6417,2.546,4.5959,78.3688,5741913342.49,,,,,,,
2022-02-28,2902938,11.2224,11.3263,10.9201,11.1185,-0.1133,-1.01,0.67,34090346,,,28.3526,2.5203,4.5495,77.5779,5683962997.57,,,,,,,
2022-03-01,2510726,11.0901,11.194,10.9201,10.9862,-0.1323,-1.19,0.57,29294930,,,28.0154,2.4903,4.4954,76.6551,5616354261.83,,,,,,,
2022-03-02,1834943,11.0051,11.0051,10.8634,10.8823,-0.1039,-0.95,0.4,21200396,,,27.7504,2.4667,4.4529,75.9301,5563233112.32,,,,,,,
2022-03-03,2763087,10.8823,11.0051,10.6839,10.6934,-0.1889,-1.74,0.64,31611436,,,27.2686,2.4239,4.3756,74.6118,5466649204.12,,,,,,,
2022-03-04,5177059,10.665,10.7406,10.0699,10.2399,-0.4535,-4.24,1.19,57043783,,,26.1124,2.3211,4.1901,71.4481,5234847824.44,,,,,,,
2022-03-07,10542846,10.2399,10.2399,9.5315,9.5976,-0.6423,-6.27,2.43,108124735,,,24.4743,2.1755,3.9272,66.9661,4906462536.56,,,,,,,
2022-03-08,4492381,9.6637,9.6826,9.2575,9.2764,-0.3212,-3.35,1.04,44991648,,,23.6553,2.1027,3.7958,64.7251,4742269892.62,,,,,,,
2022-03-09,5948489,9.3614,9.437,8.7191,9.1819,-0.0945,-1.02,1.38,57316300,,,23.4144,2.0813,3.7571,64.066,4693977938.52,,,,,,,
2022-03-10,3245074,9.3992,9.5126,9.1819,9.267,0.0851,0.93,0.74,32005359,500,4905,23.6312,2.1006,3.7919,64.6592,4737440697.21,,,,,,,
2022-03-11,4279700,9.1725,9.3236,8.9363,9.3047,0.0377,0.41,0.99,41677198,,,23.7276,2.1092,3.8074,64.9229,4756757478.85,,,,,,,
2022-03-14,4528400,9.3236,9.3236,8.7946,8.823,-0.4817,-5.18,1.05,43021826,,,22.499,2,3.6103,61.5614,4510468512.94,,,,,,,
2022-03-15,9296523,8.8041,8.8041,8.2751,8.3601,-0.4629,-5.25,2.15,84397985,,,21.3187,1.895,3.4209,58.3317,4273837937.85,,,,,,,
2022-03-16,5371820,8.4923,8.5963,8.209,8.5963,0.2362,2.83,1.23,47854431,,,21.9209,1.9486,3.5175,59.9795,4394567823.1,,,,,,,
2022-03-17,3358005,8.6813,8.8985,8.549,8.7568,0.1605,1.87,0.78,31212977,,,22.3304,1.985,3.5832,61.1,4476664145.07,,,,,,,
2022-03-18,2187180,8.7568,8.8041,8.6529,8.7852,0.0284,0.32,0.5,20250180,,,22.4027,1.9914,3.5948,61.2977,4491151731.3,,,,,,,
2022-03-21,3598100,8.7002,8.9458,8.7002,8.7852,0,0,0.82,33516890,,,22.4027,1.9914,3.5948,61.2977,4491151731.3,,,,,,,
2022-03-22,2479623,8.7568,8.8324,8.6624,8.738,-0.0472,-0.54,0.57,22950291,,,22.2822,1.9807,3.5755,60.9682,4467005754.25,,,,,,,
2022-03-23,1961268,8.7568,8.8135,8.6813,8.7191,-0.0189,-0.22,0.44,18149208,,,22.234,1.9764,3.5677,60.8363,4457347363.43,,,,,,,
2022-03-24,3064659,8.7191,8.7191,8.5112,8.6152,-0.1039,-1.19,0.71,27937347,,,21.9691,1.9528,3.5252,60.1113,4404226213.92,,,,,,,
2022-03-25,3147803,8.5963,8.6907,8.4357,8.4923,-0.1229,-1.43,0.73,28490175,,,21.6559,1.925,3.475,59.2545,4341446673.59,,,,,,,
2022-03-28,2162800,8.4735,8.6435,8.3129,8.5679,0.0756,0.89,0.5,19481592,,,21.8486,1.9421,3.5059,59.7818,4380080236.87,,,,,,,
2022-03-29,2167429,8.5679,8.6057,8.4262,8.4829,-0.085,-0.99,0.5,19474656,,,21.6318,1.9229,3.4711,59.1885,4336617478.18,,,,,,,
2022-03-30,2484359,8.5018,8.738,8.4357,8.738,0.2551,3.01,0.55,22661251,,,22.2822,1.9807,3.5755,60.9682,4467005754.25,,,,,,,
2022-03-31,2458481,8.738,8.738,8.5585,8.6529,-0.0851,-0.97,0.57,22479731,,,23.0098,1.9388,3.44,-762.8664,4423542995.56,,,,,,,
2022-04-01,2268393,8.7852,8.7852,8.5396,8.6813,0.0284,0.33,0.52,20707522,,,23.0851,1.9452,3.4512,-765.3649,4438030581.79,,,,,,,
2022-04-06,2569582,8.6529,8.8135,8.6246,8.7285,0.0472,0.54,0.59,23713569,,,23.2107,1.9558,3.47,-769.529,4462176558.84,,,,,,,
2022-04-07,2131041,8.6907,8.7285,8.5018,8.634,-0.0945,-1.08,0.49,19415727,,,22.9595,1.9346,3.4324,-761.2008,4413884604.74,,,,,,,
2022-04-08,2334500,8.5963,8.6246,8.4546,8.5774,-0.0566,-0.66,0.52,21070851,,,22.8088,1.9219,3.4099,-756.2038,4384909432.28,,,,,,,
2022-04-11,3674115,8.5679,8.5679,8.2184,8.2562,-0.3212,-3.74,0.85,32440493,,,21.9547,1.8499,3.2822,-727.8878,4220716788.34,,,,,,,
2022-04-12,3029505,8.2562,8.3223,8.0484,8.3129,0.0567,0.69,0.69,26376954,,,22.1055,1.8626,3.3048,-732.8848,4249691960.8,,,,,,,
2022-04-13,1709760,8.2278,8.379,8.105,8.2656,-0.0473,-0.57,0.39,14875907,,,21.9799,1.8521,3.286,-728.7207,4225545983.75,,,,,,,
2022-04-14,1694421,8.2278,8.5207,8.2184,8.379,0.1134,1.37,0.39,14994378,,,22.2813,1.8775,3.331,-738.7145,4283496328.67,,,,,,,
2022-04-15,2032487,8.379,8.4357,8.1617,8.3695,-0.0095,-0.11,0.46,17805081,,,22.2562,1.8753,3.3273,-737.8817,4278667133.26,,,,,,,
2022-04-18,1748060,8.2656,8.4829,8.105,8.3412,-0.0283,-0.34,0.4,15378521,,,22.1808,1.869,3.316,-735.3832,4264179547.03,,,,,,,
2022-04-19,1570600,8.3507,8.4735,8.2467,8.3129,-0.0283,-0.34,0.36,13847003,,,22.1055,1.8626,3.3048,-732.8848,4249691960.8,,,,,,,
2022-04-20,2294000,8.2467,8.464,8.2373,8.294,-0.0189,-0.23,0.52,20219937,,,22.0552,1.8584,3.2972,-731.2191,4240033569.98,,,,,,,
2022-04-21,3097640,8.3507,8.3507,7.8878,8.0295,-0.2645,-3.19,0.7,26514802,,,21.3519,1.7991,3.1921,-707.9001,4104816098.5,,,,,,,
2022-04-22,4516900,8.0106,8.0106,7.7177,7.9256,-0.1039,-1.29,1.04,37220715,,,21.0755,1.7759,3.1508,-698.739,4051694948.99,,,,,,,
2022-04-25,7249581,7.8689,7.8689,7.1604,7.3304,-0.5952,-7.51,1.67,56936337,,,19.493,1.6425,2.9142,-646.2711,3747455638.16,,,,,,,
2022-04-26,5271807,7.3304,7.406,6.9431,7.0187,-0.3117,-4.25,1.23,39914930,,,18.664,1.5727,2.7903,-618.7879,3588092189.63,,,,,,,
2022-04-27,4703053,6.877,7.2265,6.8014,7.1982,0.1795,2.56,1.09,34955250,,,19.1413,1.6129,2.8616,-634.6116,3679846902.42,,,,,,,
2022-04-28,4029716,7.1321,7.2927,6.962,7.1132,-0.085,-1.18,0.93,30437881,,,18.9152,1.5938,2.8278,-627.1162,3636384143.73,,,,,,,
2022-04-29,5346259,7.1321,7.4532,7.1321,7.3777,0.2645,3.72,1.23,41495153,,,19.6186,1.6531,2.933,-650.4352,3771601615.21,,,,,,,
2022-05-05,4455474,7.4343,7.5949,7.2927,7.5194,0.1417,1.92,1.03,35376536,,,19.9954,1.6849,2.9893,-662.9276,3844039546.36,,,,,,,
2022-05-06,2946295,7.3682,7.6233,7.3115,7.5572,0.0378,0.5,0.68,23371322,,,20.0959,1.6933,3.0043,-666.2589,3863356328,,,,,,,
2022-05-09,3444083,7.5288,7.68,7.5099,7.576,0.0188,0.25,0.8,27596925,,,20.1461,1.6976,3.0118,-667.9245,3873014718.82,,,,,,,
2022-05-10,4943700,7.4155,7.6516,7.406,7.5855,0.0095,0.13,1.14,39614833,,,20.1712,1.6997,3.0156,-668.7574,3877843914.23,,,,,,,
2022-05-11,4918401,7.6044,7.8311,7.6044,7.6327,0.0472,0.62,1.13,40264925,,,20.2968,1.7103,3.0344,-672.9215,3901989891.28,,,,,,,
2022-05-12,3859138,7.5949,7.765,7.576,7.7177,0.085,1.11,0.89,31279393,,,20.5229,1.7293,3.0682,-680.4169,3945452649.97,,,,,,,
2022-05-13,3418700,7.7083,7.8028,7.6611,7.7461,0.0284,0.37,0.79,27937376,,,20.5983,1.7357,3.0794,-682.9154,3959940236.2,,,,,,,
2022-05-16,5390300,7.7839,7.8878,7.6233,7.8783,0.1322,1.71,1.23,44290179,,,20.9499,1.7653,3.132,-694.5749,4027548971.94,,,,,,,
2022-05-17,7919467,7.8783,7.9256,7.6044,7.6988,-0.1795,-2.28,1.82,64857817,,,20.4727,1.7251,3.0607,-678.7512,3935794259.15,,,,,,,
2022-05-18,5642113,7.7461,7.8972,7.6611,7.8311,0.1323,1.72,1.31,46614990,,,20.8243,1.7547,3.1132,-690.4108,4003402994.89,,,,,,,
2022-05-19,3502600,7.7083,7.85,7.6988,7.8311,0,0,0.8,28805529,,,20.8243,1.7547,3.1132,-690.4108,4003402994.89,,,,,,,
2022-05-20,3294674,7.85,7.9633,7.85,7.935,0.1039,1.33,0.76,27614694,,,21.1007,1.778,3.1545,-699.5718,4056524144.4,,,,,,,
2022-05-23,3936080,7.9256,8.0484,7.8972,8.0295,0.0945,1.19,0.91,33230648,,,21.3519,1.7991,3.1921,-707.9001,4104816098.5,,,,,,,
2022-05-24,6761900,8.0295,8.3223,7.7177,7.7366,-0.2929,-3.65,1.57,57207897,,,20.5731,1.7335,3.0757,-682.0825,3955111040.79,,,,,,,
2022-05-25,4307968,7.7555,7.8028,7.6516,7.7933,0.0567,0.73,1,35260870,,,20.7239,1.7462,3.0982,-687.0795,3984086213.25,,,,,,,
2022-05-26,3703601,7.7933,7.8689,7.6044,7.7933,0,0,0.86,30423043,,,20.7239,1.7462,3.0982,-687.0795,3984086213.25,,,,,,,
2022-05-27,3460500,7.8405,7.8689,7.6988,7.7744,-0.0189,-0.24,0.8,28499709,,,20.6736,1.742,3.0907,-685.4138,3974427822.43,,,,,,,
2022-05-30,4151568,7.7933,7.9067,7.7366,7.8878,0.1134,1.46,0.96,34419236,,,20.9751,1.7674,3.1358,-695.4077,4032378167.35,,,,,,,
2022-05-31,4990650,7.8689,7.9633,7.7272,7.9445,0.0567,0.72,1.14,41486376,,,21.1258,1.7801,3.1583,-700.4046,4061353339.81,,,,,,,
2022-06-01,4406200,7.935,8.0295,7.8878,7.9539,0.0094,0.12,1.02,37076431,,,21.1509,1.7822,3.1621,-701.2375,4066182535.22,,,,,,,
2022-06-02,5452643,7.9917,8.1523,7.9067,8.1334,0.1795,2.26,1.26,46435569,,,21.6282,1.8224,3.2334,-717.0611,4157937248.01,,,,,,,
2022-06-06,7554023,8.1523,8.379,8.105,8.379,0.2456,3.02,1.7,66199537,,,22.2813,1.8775,3.331,-738.7145,4283496328.67,,,,,,,
2022-06-07,6077075,8.4073,8.4168,8.209,8.2751,-0.1039,-1.24,1.41,53351251,,,22.005,1.8542,3.2897,-729.5535,4230375179.16,,,,,,,
2022-06-08,7325961,8.2656,8.3034,7.9917,8.1901,-0.085,-1.03,1.69,63097015,,,21.7789,1.8351,3.2559,-722.0581,4186912420.47,,,,,,,
2022-06-09,6709223,8.209,8.209,7.8028,7.8217,-0.3684,-4.5,1.56,56405160,,,20.7992,1.7526,3.1095,-689.5779,3998573799.48,,,,,,,
2022-06-10,4776144,7.85,7.9917,7.7366,7.9822,0.1605,2.05,1.1,39979481,,,21.2263,1.7886,3.1733,-703.7359,4080670121.45,,,,,,,
2022-06-13,8930319,7.8783,8.3318,7.8594,8.1712,0.189,2.37,2.05,77318996,,,21.7287,1.8309,3.2484,-720.3924,4177254029.65,,,,,,,
2022-06-14,6742234,8.1712,8.2845,7.9539,8.2751,0.1039,1.27,1.53,57962990,,,22.005,1.8542,3.2897,-729.5535,4230375179.16,,,,,,,
2022-06-15,6943820,8.2751,8.4073,8.1901,8.2373,-0.0378,-0.46,1.6,60789724,,,21.9045,1.8457,3.2747,-726.2222,4211058397.52,,,,,,,
2022-06-16,16770765,8.2278,8.8419,8.2184,8.5868,0.3495,4.24,3.85,151555193,,,22.8339,1.924,3.4137,-757.0367,4389738627.69,,,,,,,
2022-06-17,10017840,8.5112,8.6246,8.3979,8.5396,-0.0472,-0.55,2.33,90102937,1200,10848,22.7083,1.9134,3.3949,-752.8725,4365592650.64,,,,,,,
2022-06-20,7715896,8.5679,8.6057,8.4546,8.5112,-0.0284,-0.33,1.78,69731127,,,22.633,1.9071,3.3836,-750.3741,4351105064.41,,,,,,,
2022-06-21,9195300,8.549,8.7474,8.5207,8.6624,0.1512,1.78,2.12,84249866,2400,22008,23.0349,1.941,3.4437,-763.6992,4428372190.97,,,,,,,
2022-06-22,7234600,8.738,8.738,8.4168,8.4168,-0.2456,-2.84,1.67,65350678,,,22.3818,1.8859,3.3461,-742.0458,4302813110.31,,,,,,,
2022-06-23,6006442,8.4357,8.6057,8.4073,8.5963,0.1795,2.13,1.39,54266294,,,22.8591,1.9261,3.4174,-757.8695,4394567823.1,,,,,,,
2022-06-24,6038190,8.5868,8.6624,8.5396,8.6246,0.0283,0.33,1.39,55070478,,,22.9344,1.9325,3.4287,-760.3679,4409055409.33,,,,,,,
2022-06-27,7268909,8.6624,8.7757,8.5963,8.7096,0.085,0.99,1.68,66697972,,,23.1605,1.9515,3.4625,-767.8634,4452518168.02,,,,,,,
2022-06-28,11847911,8.7096,9.2764,8.6813,9.1914,0.4818,5.53,2.74,113320955,,,24.4416,2.0595,3.654,-810.3374,4698807133.93,,,,,,,
2022-06-29,8901937,9.1914,9.2858,8.8797,8.8985,-0.2929,-3.19,2.06,85048852,,,23.6629,1.9939,3.5376,-784.5198,4549102076.22,,,,,,,
2022-06-30,5345907,8.8891,9.0308,8.7946,8.8608,-0.0377,-0.42,1.24,50504970,,,23.5624,1.9854,3.5226,-781.1885,4529785294.58,,,,,,,
2022-07-01,4060823,8.8702,8.9647,8.7757,8.9174,0.0566,0.64,0.93,38166778,,,23.7131,1.9981,3.5451,-786.1855,4558760467.04,,,,,,,
2022-07-04,4518875,8.8891,8.8985,8.7285,8.8041,-0.1133,-1.27,1.04,42019904,,,23.4117,1.9727,3.5,-776.1916,4500810122.12,,,,,,,
2022-07-05,5448900,8.7663,8.8513,8.5396,8.6624,-0.1417,-1.61,1.26,50029050,,,23.0349,1.941,3.4437,-763.6992,4428372190.97,,,,,,,
2022-07-06,6811500,8.7946,8.9363,8.6813,8.7285,0.0661,0.76,1.56,63515329,,,23.2107,1.9558,3.47,-769.529,4462176558.84,,,,,,,
2022-07-07,3862300,8.738,8.8041,8.7002,8.738,0.0095,0.11,0.88,35755511,,,23.2359,1.9579,3.4738,-770.3618,4467005754.25,,,,,,,
2022-07-08,7280950,8.738,8.9363,8.634,8.7096,-0.0284,-0.33,1.67,67619782,,,23.1605,1.9515,3.4625,-767.8634,4452518168.02,,,,,,,
2022-07-11,8950876,8.6718,8.6907,8.3318,8.5301,-0.1795,-2.06,2.05,79998010,,,22.6832,1.9113,3.3911,-752.0397,4360763455.23,,,,,,,
2022-07-12,7673400,8.5,8.55,8.18,8.18,-0.3501,-4.1,1.77,63593861,,,20.548,1.9331,3.0719,-681.2497,3950281845.38,,,,,,,
2022-07-13,8455680,8.21,8.55,8.2,8.44,0.26,3.18,1.95,71264780,,,21.2011,1.9945,3.1696,-702.9031,4075840926.04,,,,,,,
2022-07-14,5704051,8.48,8.63,8.38,8.57,0.13,1.54,1.31,48685929,,,21.5277,2.0253,3.2184,-713.7298,4138620466.37,,,,,,,
2022-07-15,5053400,8.55,8.55,8.33,8.33,-0.24,-2.8,1.15,42686833,,,20.9248,1.9685,3.1283,-693.7421,4022719776.53,,,,,,,
2022-07-18,6986400,8.36,8.59,8.36,8.58,0.25,3,1.62,59609050,,,21.5528,2.0276,3.2221,-714.5627,4143449661.78,,,,,,,
2022-07-19,5823300,8.57,8.71,8.55,8.7,0.12,1.4,1.33,50260554,,,21.8543,2.056,3.2672,-724.5565,4201400006.7,,,,,,,
2022-07-20,6396500,8.7,8.85,8.64,8.83,0.13,1.49,1.48,56063416,,,22.1808,2.0867,3.316,-735.3832,4264179547.03,,,,,,,
2022-07-21,5468616,8.82,8.93,8.73,8.79,-0.04,-0.45,1.26,48218663,,,22.0803,2.0772,3.301,-732.0519,4244862765.39,,,,,,,
2022-07-22,5349020,8.79,8.91,8.7,8.84,0.05,0.57,1.24,47101507,,,22.2059,2.0891,3.3198,-736.2161,4269008742.44,,,,,,,
2022-07-25,4988600,8.78,8.9,8.68,8.76,-0.08,-0.9,1.16,43744593,,,22.005,2.0702,3.2897,-729.5535,4230375179.16,,,,,,,
2022-07-26,4653223,8.8,8.83,8.62,8.77,0.01,0.11,1.08,40620277,,,22.0301,2.0725,3.2935,-730.3863,4235204374.57,,,,,,,
2022-07-27,6739253,8.75,9.05,8.74,9.01,0.24,2.74,1.56,60149046,,,22.633,2.1292,3.3836,-750.3741,4351105064.41,,,,,,,
2022-07-28,7934307,9.1,9.24,9.06,9.19,0.18,2,1.83,72791838,,,23.0851,2.1718,3.4512,-765.3649,4438030581.79,,,,,,,
2022-07-29,13116080,9.28,9.55,9.21,9.32,0.13,1.41,3.04,122869830,,,23.4117,2.2025,3.5,-776.1916,4500810122.12,,,,,,,
2022-08-01,9599700,9.36,9.5,9.23,9.35,0.03,0.32,2.17,89855203,,,23.4871,2.2096,3.5113,-778.6901,4515297708.35,,,,,,,
2022-08-02,10148800,9.26,9.31,8.8,8.97,-0.38,-4.06,2.35,91650663,,,22.5325,2.1198,3.3686,-747.0428,4331788282.77,,,,,,,
2022-08-03,7729337,9.01,9.28,8.89,8.92,-0.05,-0.56,1.79,70314761,,,22.4069,2.108,3.3498,-742.8787,4307642305.72,,,,,,,
2022-08-04,5360921,8.99,9.06,8.73,8.99,0.07,0.78,1.24,47855836,,,22.5827,2.1245,3.3761,-748.7084,4341446673.59,,,,,,,
2022-08-05,7048991,8.99,9.06,8.74,8.9,-0.09,-1,1.62,62457539,,,22.3567,2.1032,3.3423,-741.213,4297983914.9,,,,,,,
2022-08-08,10433700,8.88,9.02,8.72,8.97,0.07,0.79,2.41,93000665,,,22.5325,2.1198,3.3686,-747.0428,4331788282.77,,,,,,,
2022-08-09,9454289,8.88,9,8.82,8.94,-0.03,-0.33,2.19,84307463,,,22.4571,2.1127,3.3573,-744.5443,4317300696.54,,,,,,,
2022-08-10,19876047,8.95,9.31,8.8,9.22,0.28,3.13,4.59,180314233,,,23.1605,2.1789,3.4625,-767.8634,4452518168.02,,,,,,,
2022-08-11,13288740,9.2,9.21,9.08,9.19,-0.03,-0.33,3.06,121655967,1900,17461,23.0851,2.1718,3.4512,-765.3649,4438030581.79,,,,,,,
2022-08-12,17336473,9.15,9.45,9.13,9.28,0.09,0.98,4.02,161373771,,,23.3112,2.193,3.485,-772.8603,4481493340.48,,,,,,,
2022-08-15,34894587,9.3,10.14,9.19,10.01,0.73,7.87,8.08,340681504,,,25.145,2.3656,3.7592,-833.6564,4834024605.41,,,,,,,
2022-08-16,27341114,9.9,9.93,9.63,9.75,-0.26,-2.6,6.33,266002982,600,5850,24.4918,2.3041,3.6615,-812.003,4708465524.75,,,,,,,
2022-08-17,20174293,9.7,9.7,9.38,9.51,-0.24,-2.46,4.66,191706420,,,23.889,2.2474,3.5714,-792.0152,4592564834.91,,,,,,,
2022-08-18,14798162,9.54,9.67,9.46,9.56,0.05,0.53,3.4,141452032,800,7648,24.0146,2.2592,3.5902,-796.1794,4616710811.96,,,,,,,
2022-08-19,13572700,9.53,9.66,9.18,9.21,-0.35,-3.66,3.16,126576166,,,26.4455,2.4332,3.7634,65.264,4447688972.61,,,,,,,
2022-08-22,16850913,9.03,9.1,8.74,8.81,-0.4,-4.34,3.9,149417382,,,25.2969,2.3212,3.5999,62.4295,4254521156.21,,,,,,,
2022-08-23,10892291,8.8,8.87,8.68,8.74,-0.07,-0.79,2.51,95548145,,,25.0959,2.3027,3.5713,61.9335,4220716788.34,,,,,,,
2022-08-24,12763590,8.75,8.78,8.28,8.3,-0.44,-5.03,2.95,107793643,,,23.8325,2.1868,3.3915,58.8155,4008232190.3,,,,,,,
2022-08-25,6751825,8.3,8.35,8.1,8.27,-0.03,-0.36,1.56,55617654,,,23.7464,2.1789,3.3793,58.6029,3993744604.07,,,,,,,
2022-08-26,5255525,8.29,8.35,8.15,8.19,-0.08,-0.97,1.21,43416831,,,23.7286,2.1773,3.3768,58.5592,3990762626.76,,,,,,,
2022-08-29,5777143,8.11,8.38,8.03,8.34,0.15,1.83,1.32,47508017,,,24.1632,2.2171,3.4386,59.6317,4063853517.36,,,,,,,
2022-08-30,6243869,8.33,8.42,8.2,8.29,-0.05,-0.6,1.44,51937818,,,24.0184,2.2039,3.418,59.2742,4039489887.16,,,,,,,
2022-08-31,5259394,8.25,8.27,7.99,8.05,-0.24,-2.9,1.21,42553089,,,23.323,2.1401,3.319,57.5582,3922544462.2,,,,,,,
2022-09-01,3107636,8.03,8.1,7.92,7.95,-0.1,-1.24,0.7,24937549,,,23.0333,2.1135,3.2778,56.8432,3873817201.8,,,,,,,
2022-09-02,3059570,7.96,8.1,7.95,8.09,0.14,1.76,0.7,24605633,,,23.4389,2.1507,3.3355,57.8442,3942035366.36,,,,,,,
2022-09-05,3047136,8.06,8.06,7.96,8.03,-0.06,-0.74,0.69,24393462,,,23.2651,2.1347,3.3108,57.4152,3912799010.12,,,,,,,
2022-09-06,4024500,8.06,8.22,8.01,8.21,0.18,2.24,0.91,32700845,,,23.7866,2.1826,3.385,58.7022,4000508078.84,,,,,,,
2022-09-07,3572002,8.13,8.3,8.13,8.26,0.05,0.61,0.82,29437239,,,23.9314,2.1959,3.4056,59.0597,4024871709.04,,,,,,,
2022-09-08,2503568,8.24,8.27,8.16,8.19,-0.07,-0.85,0.57,20578724,,,23.7286,2.1773,3.3768,58.5592,3990762626.76,,,,,,,
2022-09-09,2550200,8.16,8.23,8.13,8.19,0,0,0.58,20855787,,,23.7286,2.1773,3.3768,58.5592,3990762626.76,,,,,,,
2022-09-13,4326177,8.2,8.27,8.1,8.19,0,0,0.99,35365864,,,23.7286,2.1773,3.3768,58.5592,3990762626.76,,,,,,,
2022-09-14,3218400,8.05,8.2,8.02,8.12,-0.07,-0.85,0.74,26136363,,,23.5258,2.1587,3.3479,58.0587,3956653544.48,,,,,,,
2022-09-15,5009566,8.15,8.3,8.02,8.13,0.01,0.12,1.15,40925475,,,23.5548,2.1613,3.352,58.1302,3961526270.52,,,,,,,
2022-09-16,2971821,8.14,8.14,7.88,7.9,-0.23,-2.83,0.68,23745483,,,22.8884,2.1002,3.2572,56.4857,3849453571.6,,,,,,,
2022-09-19,4653545,7.85,7.94,7.55,7.55,-0.35,-4.43,1.06,35683453,,,21.8744,2.0071,3.1129,53.9831,3678908160.2,,,,,,,
2022-09-20,3091324,7.59,7.69,7.55,7.64,0.09,1.19,0.7,23564753,,,22.1351,2.0311,3.15,54.6266,3722762694.56,,,,,,,
2022-09-21,6575162,7.65,7.96,7.55,7.78,0.14,1.83,1.51,51005048,,,22.5407,2.0683,3.2077,55.6276,3790980859.12,,,,,,,
2022-09-22,4238149,7.71,7.83,7.68,7.7,-0.08,-1.03,0.97,32835984,,,22.309,2.047,3.1747,55.0556,3751999050.8,,,,,,,
2022-09-23,3875538,7.69,7.74,7.39,7.48,-0.22,-2.86,0.89,29182852,,,21.6716,1.9885,3.084,53.4826,3644799077.92,,,,,,,
2022-09-26,3965948,7.43,7.45,7.23,7.26,-0.22,-2.94,0.9,29079958,,,21.0342,1.93,2.9933,51.9096,3537599105.04,,,,,,,
2022-09-27,3815047,7.25,7.45,7.25,7.43,0.17,2.34,0.87,28193154,,,21.5267,1.9752,3.0634,53.1251,3620435447.72,,,,,,,
2022-09-28,2927846,7.41,7.41,7.2,7.23,-0.2,-2.69,0.67,21304091,,,20.9473,1.9221,2.981,51.6951,3522980926.92,,,,,,,
2022-09-29,2354883,7.3,7.35,7.1,7.16,-0.07,-0.97,0.54,16972661,,,20.7444,1.9034,2.9521,51.1946,3488871844.64,,,,,,,
2022-09-30,2254730,7.13,7.18,7.04,7.04,-0.12,-1.68,0.51,16022469,,,20.397,1.645,2.902615524251036,50.3365865058828,3430399132,,,,,,,
2022-10-10,3164714,7.07,7.1,6.83,6.86,-0.18,-2.56,0.73,21987712,,,20.9232,1.5888,2.9537,18.4052,3342690063.44,,,,,,,
2022-10-11,3441737,6.83,7.04,6.81,7.03,0.17,2.48,0.79,23913378,,,21.4417,1.6282,3.0268,18.8613,3425526406.12,,,,,,,
2022-10-12,3478976,7.02,7.22,6.93,7.22,0.19,2.7,0.79,24605537,,,22.0212,1.6722,3.1087,19.3711,3518108200.88,,,,,,,
2022-10-13,3674200,7.2,7.31,7.15,7.23,0.01,0.14,0.84,26559503,,,22.0517,1.6745,3.113,19.3979,3522980926.92,,,,,,,
2022-10-14,3639710,7.24,7.41,7.24,7.36,0.13,1.8,0.83,26782245,,,22.4482,1.7046,3.1689,19.7467,3586326365.44,,,,,,,
2022-10-17,4990012,7.35,7.56,7.3,7.55,0.19,2.58,1.14,37296202,,,23.0277,1.7487,3.2507,20.2565,3678908160.2,,,,,,,
2022-10-18,6267523,7.48,7.6,7.45,7.52,-0.03,-0.4,1.44,47126397,,,22.9362,1.7417,3.2378,20.176,3664289982.08,,,,,,,
2022-10-19,4976093,7.48,7.68,7.47,7.55,0.03,0.4,1.13,37757196,,,23.0277,1.7487,3.2507,20.2565,3678908160.2,,,,,,,
2022-10-20,4462500,7.53,7.62,7.41,7.55,0,0,1.02,33563975,,,23.0277,1.7487,3.2507,20.2565,3678908160.2,,,,,,,
2022-10-21,4092128,7.54,7.69,7.45,7.65,0.1,1.32,0.94,31042667,,,23.3327,1.7718,3.2938,20.5248,3727635420.6,,,,,,,
2022-10-24,5300723,7.67,7.85,7.55,7.62,-0.03,-0.39,1.22,40888325,,,23.2412,1.7649,3.2809,20.4443,3713017242.48,,,,,,,
2022-10-25,7765539,7.52,7.89,7.51,7.88,0.26,3.41,1.77,60292019,,,24.0343,1.8251,3.3928,21.1419,3839708119.52,,,,,,,
2022-10-26,8715836,7.86,8.13,7.76,7.96,0.08,1.02,2,69477051,,,24.2783,1.8436,3.4273,21.3565,3878689927.84,,,,,,,
2022-10-27,3873910,7.89,8.02,7.86,7.86,-0.1,-1.26,0.87,30710544,,,23.9733,1.8205,3.3842,21.0882,3829962667.44,,,,,,,
2022-10-28,5411220,7.85,7.85,7.53,7.57,-0.29,-3.69,1.24,41534634,,,23.0887,1.7533,3.2594,20.3101,3688653612.28,,,,,,,
2022-10-31,4222592,7.59,7.85,7.53,7.72,0.15,1.98,0.96,32583914,,,23.5462,1.788,3.3239,20.7126,3761744502.88,,,,,,,
2022-11-01,3525100,7.79,7.85,7.72,7.83,0.11,1.42,0.81,27478590,,,23.8818,1.8135,3.3713,21.0077,3815344489.32,,,,,,,
2022-11-02,3820064,7.82,7.94,7.78,7.85,0.02,0.26,0.88,30024643,,,23.9428,1.8181,3.3799,21.0614,3825089941.4,,,,,,,
2022-11-03,3807083,7.83,7.84,7.7,7.8,-0.05,-0.64,0.88,29591484,,,23.7903,1.8066,3.3584,20.9272,3800726311.2,,,,,,,
2022-11-04,4045473,7.86,7.93,7.79,7.91,0.11,1.41,0.93,31838628,,,24.1258,1.832,3.4057,21.2223,3854326297.64,,,,,,,
2022-11-07,3154200,7.93,7.96,7.86,7.93,0.02,0.25,0.72,24978126,,,24.1868,1.8367,3.4144,21.276,3864071749.72,,,,,,,
2022-11-08,2337011,7.95,7.95,7.83,7.87,-0.06,-0.76,0.53,18377785,,,24.0038,1.8228,3.3885,21.115,3834835393.48,,,,,,,
2022-11-09,3124114,7.92,7.98,7.85,7.85,-0.02,-0.25,0.72,24671790,,,23.9428,1.8181,3.3799,21.0614,3825089941.4,,,,,,,
2022-11-10,4296411,7.81,7.82,7.66,7.73,-0.12,-1.53,0.99,33290750,,,23.5767,1.7903,3.3282,20.7394,3766617228.92,,,,,,,
2022-11-11,4977400,7.87,7.92,7.71,7.71,-0.02,-0.26,1.14,38860945,,,23.5157,1.7857,3.3196,20.6857,3756871776.84,,,,,,,
2022-11-14,5159500,7.75,7.84,7.72,7.75,0.04,0.52,1.18,40206887,,,23.6377,1.795,3.3369,20.7931,3776362681,,,,,,,
2022-11-15,5569947,7.74,8.03,7.68,7.97,0.22,2.84,1.28,44150730,,,24.3088,1.8459,3.4316,21.3833,3883562653.88,,,,,,,
2022-11-16,4099421,7.97,7.98,7.85,7.9,-0.07,-0.88,0.94,32443053,,,24.0953,1.8297,3.4014,21.1955,3849453571.6,,,,,,,
2022-11-17,4302337,7.91,8.06,7.85,8.04,0.14,1.77,0.99,34261534,,,24.5223,1.8621,3.4617,21.5711,3917671736.16,,,,,,,
2022-11-18,6781376,8.2,8.23,7.97,8.01,-0.03,-0.37,1.56,55057259,,,24.4308,1.8552,3.4488,21.4906,3903053558.04,,,,,,,
2022-11-21,2740417,7.99,8.03,7.86,7.99,-0.02,-0.25,0.63,21771017,,,24.3698,1.8506,3.4402,21.437,3893308105.96,,,,,,,
2022-11-22,3352165,7.97,8.02,7.83,7.85,-0.14,-1.75,0.77,26566434,,,23.9428,1.8181,3.3799,21.0614,3825089941.4,,,,,,,
2022-11-23,3348414,7.86,7.88,7.62,7.77,-0.08,-1.02,0.77,25895232,,,23.6988,1.7996,3.3455,20.8467,3786108133.08,,,,,,,
2022-11-24,2262120,7.79,7.81,7.69,7.76,-0.01,-0.13,0.52,17532503,,,23.6682,1.7973,3.3412,20.8199,3781235407.04,,,,,,,
2022-11-25,2884964,7.73,7.73,7.58,7.59,-0.17,-2.19,0.66,22070113,,,23.1497,1.7579,3.268,20.3638,3698399064.36,,,,,,,
2022-11-28,3353924,7.58,7.6,7.43,7.51,-0.08,-1.05,0.77,25185783,,,22.9057,1.7394,3.2335,20.1492,3659417256.04,,,,,,,
2022-11-29,2380533,7.47,7.69,7.47,7.69,0.18,2.4,0.55,18142351,,,23.4547,1.7811,3.311,20.6321,3747126324.76,,,,,,,
2022-11-30,1942400,7.7,7.71,7.6,7.66,-0.03,-0.39,0.45,14876555,,,23.3632,1.7741,3.2981,20.5516,3732508146.64,,,,,,,
2022-12-01,2445100,7.72,7.78,7.68,7.71,0.05,0.65,0.56,18888109,,,23.5157,1.7857,3.3196,20.6857,3756871776.84,,,,,,,
2022-12-02,2112325,7.68,7.78,7.66,7.76,0.05,0.65,0.49,16355147,,,23.6682,1.7973,3.3412,20.8199,3781235407.04,,,,,,,
2022-12-05,3642626,7.77,7.85,7.73,7.85,0.09,1.16,0.83,28368596,,,23.9428,1.8181,3.3799,21.0614,3825089941.4,,,,,,,
2022-12-06,3532696,7.8,7.94,7.8,7.85,0,0,0.82,27804902,,,23.9428,1.8181,3.3799,21.0614,3825089941.4,,,,,,,
2022-12-07,3593800,7.82,7.91,7.74,7.79,-0.06,-0.76,0.83,28050057,,,23.7598,1.8042,3.3541,20.9004,3795853585.16,,,,,,,
2022-12-08,2843066,7.8,7.83,7.72,7.75,-0.04,-0.51,0.65,22100545,,,23.6377,1.795,3.3369,20.7931,3776362681,,,,,,,
2022-12-09,4695825,7.77,7.88,7.74,7.88,0.13,1.68,0.96,36631511,,,24.0343,1.8251,3.3928,21.1419,3839708119.52,,,,,,,
2022-12-12,3785707,7.81,7.89,7.73,7.86,-0.02,-0.25,0.87,29581554,,,23.9733,1.8205,3.3842,21.0882,3829962667.44,,,,,,,
2022-12-13,3711527,7.85,7.85,7.66,7.68,-0.18,-2.29,0.85,28735116,,,23.4242,1.7788,3.3067,20.6053,3742253598.72,,,,,,,
2022-12-14,3017472,7.7,7.74,7.59,7.62,-0.06,-0.78,0.67,23087926,,,23.2412,1.7649,3.2809,20.4443,3713017242.48,,,,,,,
2022-12-15,1774587,7.62,7.68,7.55,7.66,0.04,0.52,0.41,13538866,,,23.3632,1.7741,3.2981,20.5516,3732508146.64,,,,,,,
2022-12-16,2872284,7.65,7.67,7.47,7.49,-0.17,-2.22,0.66,21650355,,,22.8447,1.7348,3.2249,20.0955,3649671803.96,,,,,,,
2022-12-19,2623500,7.49,7.53,7.21,7.24,-0.25,-3.34,0.6,19199458,,,22.0822,1.6769,3.1173,19.4247,3527853652.96,,,,,,,
2022-12-20,2418639,7.25,7.3,7.14,7.28,0.04,0.55,0.56,17502859,,,22.2042,1.6861,3.1345,19.5321,3547344557.12,,,,,,,
2022-12-21,1988170,7.29,7.29,7.12,7.17,-0.11,-1.51,0.46,14290769,,,21.8687,1.6606,3.0871,19.2369,3493744570.68,,,,,,,
2022-12-22,1994023,7.21,7.21,7.03,7.05,-0.12,-1.67,0.46,14191946,,,21.5027,1.6328,3.0355,18.915,3435271858.2,,,,,,,
2022-12-23,2051285,7.01,7.15,7.01,7.12,0.07,0.99,0.47,14544197,,,21.7162,1.6491,3.0656,19.1028,3469380940.48,,,,,,,
2022-12-26,1931300,7.12,7.23,7.08,7.23,0.11,1.54,0.44,13883154,,,22.0517,1.6745,3.113,19.3979,3522980926.92,,,,,,,
2022-12-27,2294330,7.22,7.3,7.17,7.28,0.05,0.69,0.53,16603423,,,22.2042,1.6861,3.1345,19.5321,3547344557.12,,,,,,,
2022-12-28,2249975,7.26,7.33,7.19,7.24,-0.04,-0.55,0.52,16351562,,,22.0822,1.6769,3.1173,19.4247,3527853652.96,,,,,,,
2022-12-29,1330345,7.33,7.33,7.2,7.2,-0.04,-0.55,0.31,9640597,,,21.9602,1.6676,3.1,19.3174,3508362748.8,,,,,,,
2022-12-30,1721075,7.19,7.3,7.19,7.28,0.08,1.11,0.4,12494956,,,22.2042,1.6861,3.1345,19.5321,3547344557.12,,,,,,,
2023-01-03,1984260,7.28,7.44,7.25,7.42,0.14,1.92,0.45,14637961,,,22.6312,1.7185,3.1948,19.9077,3615562721.68,,,,,,,
2023-01-04,1626499,7.44,7.46,7.38,7.44,0.02,0.27,0.37,12075290,,,22.6922,1.7232,3.2034,19.9613,3625308173.76,,,,,,,
2023-01-05,1785200,7.46,7.55,7.41,7.53,0.09,1.21,0.41,13415329,,,22.9667,1.744,3.2421,20.2028,3669162708.12,,,,,,,
2023-01-06,1902983,7.57,7.58,7.46,7.48,-0.05,-0.66,0.44,14298657,,,22.8142,1.7324,3.2206,20.0687,3644799077.92,,,,,,,
2023-01-09,1682820,7.45,7.56,7.45,7.46,-0.02,-0.27,0.38,12636295,,,22.7532,1.7278,3.212,20.015,3635053625.84,,,,,,,
2023-01-10,1507966,7.45,7.52,7.43,7.46,0,0,0.35,11273208,,,22.7532,1.7278,3.212,20.015,3635053625.84,,,,,,,
2023-01-11,2695671,7.51,7.51,7.3,7.34,-0.12,-1.61,0.62,19927208,,,22.3872,1.7,3.1603,19.693,3576580913.36,,,,,,,
2023-01-12,2849080,7.38,7.45,7.34,7.39,0.05,0.68,0.66,21128622,,,22.5397,1.7116,3.1819,19.8272,3600944543.56,,,,,,,
2023-01-13,1773475,7.42,7.47,7.37,7.4,0.01,0.14,0.41,13156089,,,22.5702,1.7139,3.1862,19.854,3605817269.6,,,,,,,
2023-01-16,3020804,7.44,7.59,7.41,7.51,0.11,1.49,0.7,22749069,,,22.9057,1.7394,3.2335,20.1492,3659417256.04,,,,,,,
2023-01-17,2278216,7.51,7.63,7.51,7.56,0.05,0.67,0.53,17263556,,,23.0582,1.751,3.255,20.2833,3683780886.24,,,,,,,
2023-01-18,1833006,7.55,7.66,7.53,7.66,0.1,1.32,0.42,13969336,,,23.3632,1.7741,3.2981,20.5516,3732508146.64,,,,,,,
2023-01-19,2513907,7.66,7.83,7.57,7.79,0.13,1.7,0.58,19478671,,,23.7598,1.8042,3.3541,20.9004,3795853585.16,,,,,,,
2023-01-20,3096465,7.85,7.9,7.79,7.86,0.07,0.9,0.7,24299112,,,23.973,1.819,3.3842140425499427,21.08819203094934,3829962667,,,,,,,
2023-01-30,3643018,7.9,7.96,7.85,7.92,0.06,0.76,0.83,28810268,,,24.1563,1.8343,3.41,21.2492,3859199023.68,,,,,,,
2023-01-31,3564077,7.86,8.04,7.86,8.02,0.1,1.26,0.81,28441738,,,24.4613,1.8575,3.4531,21.5175,3907926284.08,,,,,,,
2023-02-01,4883570,8.02,8.2,7.96,8.18,0.16,2,1.11,39482819,,,24.9493,1.8946,3.522,21.9467,3985889900.72,,,,,,,
2023-02-02,4618962,8.2,8.21,8.06,8.17,-0.01,-0.12,1.06,37650880,,,24.9188,1.8923,3.5177,21.9199,3981017174.68,,,,,,,
2023-02-03,5688955,8.18,8.18,7.96,8.08,-0.09,-1.1,1.3,45866518,,,24.6443,1.8714,3.4789,21.6784,3937162640.32,,,,,,,
2023-02-06,9851247,8.12,8.41,8.1,8.34,0.26,3.22,2.27,81385959,,,25.4373,1.9316,3.5909,22.376,4063853517.36,,,,,,,
2023-02-07,11750108,8.3,8.58,8.25,8.52,0.18,2.16,2.7,99091690,,,25.9863,1.9733,3.6684,22.859,4151562586.08,,,,,,,
2023-02-08,7862686,8.5,8.59,8.32,8.34,-0.18,-2.11,1.79,66167757,,,25.4373,1.9316,3.5909,22.376,4063853517.36,,,,,,,
2023-02-09,6049395,8.37,8.39,8.29,8.36,0.02,0.24,1.39,50496556,2500,20900,25.4983,1.9363,3.5995,22.4297,4073598969.44,,,,,,,
2023-02-10,5742778,8.36,8.44,8.27,8.33,-0.03,-0.36,1.31,47842701,200,1666,25.4068,1.9293,3.5866,22.3492,4058980791.32,,,,,,,
2023-02-13,4035080,8.37,8.37,8.25,8.31,-0.02,-0.24,0.92,33453973,,,25.3458,1.9247,3.578,22.2955,4049235339.24,,,,,,,
2023-02-14,5043383,8.34,8.35,8.22,8.27,-0.04,-0.48,1.16,41757303,,,25.2238,1.9154,3.5607,22.1882,4029744435.08,,,,,,,
2023-02-15,3539300,8.27,8.33,8.25,8.3,0.03,0.36,0.82,29348687,,,25.3153,1.9224,3.5737,22.2687,4044362613.2,,,,,,,
2023-02-16,7516001,8.3,8.32,7.99,8.05,-0.25,-3.01,1.73,61343038,,,24.5528,1.8645,3.466,21.598,3922544462.2,,,,,,,
2023-02-17,3356210,8.05,8.15,8.01,8.01,-0.04,-0.5,0.77,27087411,,,24.4308,1.8552,3.4488,21.4906,3903053558.04,,,,,,,
2023-02-20,3183770,8.02,8.1,7.95,8.09,0.08,1,0.73,25566890,,,24.6748,1.8737,3.4832,21.7053,3942035366.36,,,,,,,
2023-02-21,3147362,8.09,8.18,8.06,8.12,0.03,0.37,0.72,25546997,,,24.7663,1.8807,3.4962,21.7858,3956653544.48,,,,,,,
2023-02-22,2352170,8.14,8.14,8.03,8.09,-0.03,-0.37,0.54,18984150,,,24.6748,1.8737,3.4832,21.7053,3942035366.36,,,,,,,
2023-02-23,2697952,8.13,8.13,8.02,8.07,-0.02,-0.25,0.61,21783305,,,24.6138,1.8691,3.4746,21.6516,3932289914.28,,,,,,,
2023-02-24,2118100,8.07,8.1,7.97,8.03,-0.04,-0.5,0.49,16975655,,,24.4918,1.8598,3.4574,21.5443,3912799010.12,,,,,,,
2023-02-27,2716471,8,8.04,7.87,7.89,-0.14,-1.74,0.62,21574019,,,24.0648,1.8274,3.3971,21.1687,3844580845.56,,,,,,,
2023-02-28,3478012,7.93,8.04,7.9,8.03,0.14,1.77,0.8,27707952,1500,12045,24.4918,1.8598,3.4574,21.5443,3912799010.12,,,,,,,
2023-03-01,3076710,8.03,8.14,7.98,8.14,0.11,1.37,0.71,24808846,,,24.8273,1.8853,3.5048,21.8394,3966398996.56,,,,,,,
2023-03-02,2912203,8.16,8.17,8.07,8.07,-0.07,-0.86,0.67,23640126,,,24.6138,1.8691,3.4746,21.6516,3932289914.28,,,,,,,
2023-03-03,2987075,8.07,8.13,8.01,8.04,-0.03,-0.37,0.69,24068145,,,24.5223,1.8621,3.4617,21.5711,3917671736.16,,,,,,,
2023-03-06,3013100,8.04,8.08,7.97,7.99,-0.05,-0.62,0.7,24130875,,,24.3698,1.8506,3.4402,21.437,3893308105.96,,,,,,,
2023-03-07,5437580,8.01,8.01,7.73,7.75,-0.24,-3,1.26,42708488,,,23.6377,1.795,3.3369,20.7931,3776362681,,,,,,,
2023-03-08,3216597,7.73,7.82,7.73,7.8,0.05,0.65,0.74,25023533,1000,7800,23.7903,1.8066,3.3584,20.9272,3800726311.2,,,,,,,
2023-03-09,3429634,7.82,7.93,7.78,7.9,0.1,1.28,0.79,26954502,,,24.0953,1.8297,3.4014,21.1955,3849453571.6,,,,,,,
2023-03-10,2785100,7.83,7.91,7.79,7.82,-0.08,-1.01,0.64,21865111,,,23.8513,1.8112,3.367,20.9809,3810471763.28,,,,,,,
